5.581466847236242756e-01
5.593357728472190260e-01
4.545489453675717328e-01
3.302243230532058149e-01
2.420549983066338506e-01
4.392113073379270705e-01
2.661418686414738777e-01
1.242536223277366236e-01
1.238521734581799205e-01
1.215122133356404122e-01
1.235282543249037468e-01
1.034510940457333272e-01
9.744858240591444676e-02
9.250092584910507565e-02
8.378984279420879921e-02
9.757671142385657137e-02
1.138396856118338157e-01
4.895918254789311669e-02
6.709581770504112475e-02
7.134426689035114344e-02
9.062623385317432334e-02
7.573025372696501334e-02
2.162841447373952883e-02
5.016311936779244834e-02
2.381767234498747415e-02
4.631386182133222923e-02
1.010352100576378254e-01
6.362676819722556942e-02
2.283796275896930045e-02
1.889491097084951624e-02
3.667139724801954381e-02
3.265782176046468782e-02
2.996977291212206754e-02
2.759726966379273325e-02
2.087521671958983763e-02
4.034598513804334152e-02
2.984356570151665625e-02
3.170263550744328168e-02
1.988591554979087656e-02
4.218851231270016183e-02
1.900427891159648178e-02
3.171743000979385108e-02
5.645818805710139249e-02
1.443795506854308672e-02
1.521859041551771805e-02
1.775355165024358056e-02
7.106411388710952293e-02
2.888236902091671776e-02
1.336392787085833971e-02
2.567662102477560188e-02
3.181327161459716890e-02
1.253355773634853149e-02
4.040606373863163403e-02
2.821897860632630040e-02
2.048455108840740307e-02
2.522571670494687043e-02
2.377614216878510753e-02
2.870171774074667739e-02
1.646318258899929707e-02
3.022398243470837687e-02
2.809628485071435922e-02
2.899407632573037033e-02
1.281580620485677294e-02
3.957813577871633487e-02
1.121434979713618191e-02
3.185165058450801362e-02
1.755503779358318778e-02
2.658363684739335764e-02
1.045130172769867527e-02
2.486098358242502110e-02
1.530204724219828318e-02
1.886169849044510433e-02
1.167969017254135398e-02
2.836029752278908245e-02
1.623506390317171200e-02
1.620192622019846554e-02
1.315894376655307903e-02
3.187220263658527286e-02
1.165656798146089135e-02
2.347952952778207397e-02
8.498230618950696966e-03
1.520244395699600279e-02
1.351549093242759327e-02
1.050696451259538165e-02
8.032007097951014349e-03
9.351805871169349693e-03
3.395974080914521132e-02
1.523898501505020764e-02
1.201915863006982124e-02
3.184552727791756938e-02
4.076405860149169558e-02
1.776183902570996689e-02
3.086868588820295550e-02
1.472886136440891905e-02
8.696815324401824948e-03
2.945516524215881574e-02
1.256596393070605333e-02
1.114561684093696645e-02
1.685365443983307537e-02
2.562506533683305346e-02
8.071550552985718233e-03
1.108467159359217621e-02
1.251168428316199940e-02
2.980589815774003712e-02
8.590689606477082407e-03
1.438186766910692395e-02
2.972023681146104823e-02
1.666912412544338182e-02
4.286912813725766991e-02
3.258570334774994054e-02
1.133417192554737017e-02
1.439399553260468749e-02
3.370282928290593144e-02
8.415001786899108452e-03
6.880151040763134336e-03
1.012828594033301360e-02
1.498063530098783964e-02
1.681348877974768105e-02
7.375192579876175755e-03
2.345556502413222513e-02
1.223220184352053277e-02
3.160681412860571332e-02
1.294319471073398543e-02
1.440422073021427676e-02
1.688958467131660562e-02
2.933604169741795692e-02
1.274079069376505939e-02
1.981423136698825388e-02
1.431188771141440018e-02
2.518197542243217832e-02
9.955221383177071878e-03
2.683390680696816355e-02
1.854341036490563324e-02
2.990972596211646795e-02
1.115744704679921123e-02
3.147864769859927414e-02
1.236524836564479798e-02
3.193764991316001139e-02
2.942570972957829489e-02
2.534925942989972245e-02
1.221948621196906025e-02
2.720041850600538394e-02
2.248607938700800807e-02
1.990288137275660757e-02
1.561134668033485086e-02
2.697897808540056924e-02
3.732085057060437888e-02
1.184250821716463856e-02
3.187381343683807350e-02
2.042969477560005118e-02
1.189389586413286404e-02
2.573412775607034075e-02
4.243207542939952254e-02
1.030365615739498031e-02
1.147779706290790423e-02
1.286867439493195875e-02
4.328289684881895388e-02
3.149815546034576141e-02
9.356056277795033252e-03
3.975102475430594695e-02
1.195529047798592551e-02
2.587878658733108045e-02
2.734651263901105925e-02
7.886386431637169153e-03
1.210075337002371534e-02
1.806412362261342400e-02
1.735871019975483015e-02
2.200690769509746833e-02
2.601945368568150257e-02
1.551136672850415496e-02
7.339656987378418568e-03
4.193848733447852473e-02
5.440836508816770251e-02
1.345788576306767605e-02
6.608111219784202836e-03
5.813597239387922888e-03
5.921275193102790851e-03
5.671453168740177297e-02
4.952985363455464363e-02
7.525428608031020303e-03
1.787210820776678061e-02
1.642605210891252832e-02
1.844215557539965328e-02
9.819609046276104453e-03
3.292042862267163111e-02
1.166664386560277607e-02
4.680832589842849611e-02
2.494522628705871797e-02
6.174507280620396277e-02
1.811898004031063658e-02
4.120672355010764065e-02
1.431931286795185172e-02
6.375854424690093059e-02
4.043891916290564409e-02
5.743734236502465867e-02
1.167106378700222269e-01
1.051735138384546769e-01
1.662759650480588255e-02
5.565226606910333995e-02
2.405703041187080282e-01
5.563650955982093332e-02
1.661260264853215221e-02
1.049854796332672785e-01
1.162164788589058473e-01
5.701158797755816188e-02
4.008883556139117982e-02
6.311129225061622161e-02
1.415167663381826021e-02
4.069151038982123797e-02
1.778717411014354641e-02
6.095821748185269173e-02
2.444089141379865437e-02
4.565518754804032825e-02
1.133441334640744071e-02
3.194269636900103071e-02
9.515549705479839360e-03
1.777533381558534312e-02
1.579592322550410488e-02
1.720659725241244567e-02
7.079776748807403534e-03
4.804086345219653331e-02
5.523028970556662087e-02
5.499686906229163050e-03
5.347886164863282360e-03
6.102611456205057211e-03
1.288782554224080119e-02
5.476527142054630343e-02
4.224257218841856454e-02
6.874894427131142405e-03
1.462786523318985316e-02
2.653698916728870760e-02
2.165761830424203088e-02
1.734433947556112549e-02
1.791789456583125009e-02
1.141213980930642913e-02
7.201101753403399246e-03
2.706115223525368263e-02
2.650266142775313180e-02
1.202466560135580752e-02
3.984272108329379308e-02
7.962817729489021779e-03
3.074791752001147446e-02
4.475484851023213417e-02
1.205965458143149448e-02
1.131119734938606895e-02
1.044581385353841700e-02
4.426142192227231625e-02
2.578717307973000389e-02
1.196248546439302590e-02
2.130602966725863440e-02
3.177262962130826540e-02
1.179544607343914475e-02
3.843297794245061766e-02
2.743129545759161181e-02
1.639342485741808117e-02
1.996975783498658799e-02
2.271530106780053973e-02
2.755268316780458415e-02
1.277109979509170878e-02
2.680716356477161333e-02
2.870968367785975764e-02
3.057255731105016153e-02
1.243119987207198102e-02
3.302442040071439794e-02
1.091142320263153477e-02
3.075405751590405343e-02
1.808568249236625070e-02
2.660512447547327963e-02
1.019236887453940990e-02
2.494617468005026067e-02
1.475215839137709525e-02
1.920248152984805126e-02
1.219202411825540990e-02
2.880077867701895042e-02
1.642997001776167615e-02
1.534250810946645276e-02
1.306220540731620194e-02
3.173306470158043791e-02
1.184467448749795294e-02
2.346947599725897338e-02
8.053123050671198713e-03
1.568975859519703558e-02
1.371931635646865370e-02
1.035373808619228890e-02
7.594344814122346195e-03
8.835999783690757017e-03
3.376846333457000915e-02
1.492621153692166164e-02
1.176691565615826593e-02
3.200073937350996628e-02
4.123883304813508177e-02
1.738858515693510187e-02
3.047940390545455028e-02
1.460687917462697057e-02
8.661114509605639944e-03
2.957232827896789581e-02
1.254785537317978580e-02
1.112528427975867200e-02
2.382962329507323784e-02
1.821120426659050481e-02
8.670621494207404051e-03
1.110496919697365539e-02
1.252976215906264137e-02
2.968923919617767748e-02
8.625739975112230867e-03
1.449113337061672460e-02
3.009663659038592023e-02
1.702434338900945393e-02
4.192362611794304278e-02
3.224621831100996094e-02
1.153963969637991464e-02
1.464613182621087896e-02
3.368639835445766395e-02
8.507290039354416245e-03
7.213855008890712739e-03
1.022937630006378121e-02
1.418848796419600045e-02
1.622877771100094541e-02
7.684834706345232934e-03
2.346171509594118312e-02
1.203855458483191025e-02
3.165352921486554866e-02
1.299394215155053219e-02
1.478284398563987738e-02
1.667133825474008055e-02
2.910868595429388916e-02
1.251668983864271875e-02
1.952724980142372599e-02
1.447684580798825303e-02
2.507497571438805153e-02
1.004761445533327267e-02
2.672740221666143265e-02
1.836808348212499303e-02
3.022294667245516847e-02
1.103678474045477996e-02
3.187479040601194635e-02
1.237348745630832171e-02
3.141447811058303841e-02
2.914627645636329659e-02
2.581444089273556355e-02
1.233868146594502453e-02
2.729795973845273310e-02
2.253745751541821538e-02
1.982677605331115492e-02
1.581558080683663145e-02
2.713464031831031714e-02
3.770186897339946469e-02
1.180705607711675549e-02
3.182808480955122421e-02
2.066656863014459250e-02
1.189085156008637574e-02
2.570671470860199509e-02
4.283630615635176248e-02
1.031003792111221014e-02
1.139884455082377027e-02
1.259363276844657070e-02
4.366465611078353820e-02
3.124266458172188926e-02
8.926505758131281221e-03
3.976205642628175690e-02
1.195422016941178646e-02
2.604717752776647063e-02
2.725128129999870516e-02
7.686210154486597737e-03
1.189586341997705618e-02
1.800599591611096520e-02
1.733684993247722878e-02
2.189054258406204420e-02
2.614855821358520391e-02
1.525873000019918775e-02
7.206781432006567449e-03
4.200135666950707836e-02
5.447767424372693124e-02
1.329985529635442816e-02
6.470246857566917462e-03
5.687260100318631412e-03
5.808306144602425579e-03
5.631682806125196117e-02
4.913240624610933083e-02
7.407897766754719705e-03
1.769884541499066460e-02
1.626290780208484998e-02
1.826993608077921022e-02
9.741420389985084791e-03
3.266924250064045382e-02
1.158170277301387961e-02
4.651386817899611642e-02
2.481654581442862759e-02
6.154441728940687750e-02
1.803462365579335328e-02
4.107664575861652567e-02
1.427700526887595162e-02
6.359533804126733803e-02
4.035079506550535294e-02
5.733026700286002197e-02
1.165866495831198862e-01
1.051264399282509920e-01
1.662384550077638037e-02
5.564832610435946347e-02
2.405703041187844671e-01
5.564044785195676468e-02
1.661634857362147277e-02
1.050324228860526066e-01
1.163395711563739443e-01
5.711739233603398830e-02
4.017575602173127647e-02
6.327171996998519343e-02
1.419318965952416807e-02
4.081904752677630033e-02
1.786873624436648503e-02
6.115103738160386493e-02
2.456441293756943256e-02
4.593738556819240010e-02
1.141561555324204467e-02
3.218049753890566550e-02
9.589431084656837787e-03
1.793664340881721483e-02
1.594797261256616569e-02
1.736627005242230570e-02
7.185286605114410766e-03
4.838884889831170100e-02
5.557573302236264168e-02
5.597854061063401929e-03
5.454928139035722552e-03
6.218134635265077682e-03
1.301569314540533713e-02
5.465768458996748264e-02
4.215466303215404525e-02
6.975655931606500153e-03
1.481940311405385499e-02
2.640789579422593916e-02
2.171865731895745652e-02
1.733157042518849653e-02
1.793510139009937832e-02
1.155453320208872647e-02
7.346172439640178201e-03
2.711126484973679085e-02
2.635860003456841696e-02
1.199156019026868109e-02
3.981038795518190843e-02
8.240253349809793446e-03
3.087788354812618860e-02
4.440372136724723279e-02
1.220036210622109200e-02
1.132204642776713996e-02
1.038689549989878398e-02
4.376793238601685981e-02
2.574341048405470386e-02
1.193119088033724358e-02
2.110663017296044233e-02
3.178343862339996773e-02
1.178991053577529112e-02
3.823754149594781743e-02
2.735225437011106625e-02
1.621073669676161705e-02
1.988676563497481647e-02
2.265731040405930680e-02
2.747584113412123927e-02
1.262561081140504797e-02
2.652854365840821849e-02
2.881420087785412781e-02
3.077960735982879573e-02
1.241071452234594752e-02
3.266387482166190764e-02
1.093188675193367855e-02
3.062020090717126886e-02
1.815516535039926951e-02
2.662907016161739776e-02
1.015721185623913794e-02
2.497275072119535186e-02
1.468331412151692786e-02
1.926999276797310839e-02
1.226810886326501482e-02
2.887078870493247143e-02
1.647854001645051789e-02
1.521153088934517304e-02
1.304673074145328363e-02
3.171352628638410276e-02
1.188323133937139661e-02
2.346776681399829340e-02
7.973997295157825294e-03
1.579365310584728357e-02
1.379064266341185202e-02
1.032675784286050252e-02
7.514046082857973874e-03
8.754371813419387777e-03
3.374369894290965566e-02
1.486774646939083115e-02
1.171957243063572254e-02
3.204251735061742351e-02
4.135759852026126004e-02
1.731501592063604961e-02
3.040233404029572817e-02
1.458322377756885932e-02
8.654013568722345590e-03
2.959573062658263018e-02
1.254423550299530940e-02
1.112121986499431739e-02
2.534042954475707737e-02
2.662057536288769607e-02
7.842561145675261414e-03
1.110903081514545178e-02
1.253337957472016456e-02
2.966587717454248832e-02
8.632788881862550612e-03
1.451377240271680726e-02
3.017267600515840739e-02
1.709647069868081709e-02
4.176767450832224310e-02
3.218974514848197549e-02
1.158325717781097733e-02
1.469977421178541264e-02
3.369463014755119667e-02
8.556419542170292172e-03
7.285916793347916795e-03
1.025222938158534304e-02
1.407125383560203953e-02
1.611715914104117076e-02
7.753310062448359220e-03
2.346312088717605535e-02
1.199965207241129352e-02
3.166620745363110667e-02
1.300593855734771126e-02
1.487752948049499320e-02
1.662416190423865806e-02
2.905474843309623079e-02
1.246163688317025731e-02
1.946511511409860715e-02
1.452029625047199408e-02
2.505059702906313815e-02
1.007121734603794172e-02
2.670344847764262106e-02
1.832269158598676465e-02
3.030604597498989805e-02
1.100997001988062232e-02
3.201001319226490921e-02
1.237860863543723336e-02
3.127908348770968433e-02
2.907447330229939036e-02
2.595129436877743542e-02
1.238407105195405734e-02
2.732965372553763234e-02
2.255688463559954449e-02
1.982165988911249038e-02
1.588349168804666783e-02
2.717819245558798433e-02
3.780879427103461116e-02
1.180029567243278017e-02
3.181737359012430655e-02
2.074345925611681407e-02
1.189429485592248016e-02
2.570600096900800546e-02
4.298287696989696455e-02
1.031780405679818928e-02
1.137952579287167428e-02
1.251526687699862882e-02
4.379063741113228825e-02
3.116987562272345233e-02
8.797649061848470189e-03
3.976805482284091753e-02
1.195717327247926634e-02
2.610136460355842042e-02
2.722365005793965856e-02
7.624315834953038565e-03
1.183305194735930280e-02
1.799029024924167150e-02
1.733267658844788242e-02
2.185664452116899484e-02
2.619175844694431390e-02
1.517973396993863716e-02
7.165225998331426968e-03
4.202452705929859977e-02
5.450405268595200775e-02
1.324965683795751269e-02
6.426126270466888356e-03
5.646723960922409545e-03
5.771841779503235174e-03
5.618841657657730471e-02
4.900384820542109943e-02
7.369670873040828907e-03
1.764214753192910184e-02
1.620938381751594812e-02
1.821337025354241232e-02
9.715687650697045485e-03
3.258653854211901457e-02
1.155367371465401173e-02
4.641664744434711998e-02
2.477404393322654372e-02
6.147812559902701701e-02
1.800671609403285342e-02
4.103347696171874559e-02
1.426296227709721379e-02
6.354114394640784924e-02
4.032151027406939009e-02
5.729467004643849781e-02
1.165453868134295329e-01
1.051107583186710048e-01
1.662259554264762518e-02
5.564701290584767035e-02
2.405703041180511925e-01
5.564176073636774994e-02
1.661759759095799219e-02
1.050480802906322841e-01
1.163806680048547343e-01
5.715275392462138004e-02
4.020481792005078936e-02
6.332539954539111171e-02
1.420708551368667256e-02
4.086174584291520084e-02
1.789612640452827377e-02
6.121587822308887511e-02
2.460595961180784066e-02
4.603233639078717354e-02
1.144295236391455924e-02
3.226072352564982038e-02
9.614366428752499708e-03
1.799118972749762235e-02
1.599944297447065261e-02
1.742045283890067062e-02
7.221289917367854951e-03
4.850825893362643859e-02
5.569447971110850354e-02
5.631582540648968731e-03
5.491900457407802687e-03
6.258129951990193569e-03
1.306032224957646287e-02
5.462425113177792058e-02
4.212688662717653520e-02
7.011296531561656865e-03
1.488714699459270201e-02
2.636471984785023967e-02
2.174239255004306939e-02
1.732939038383221261e-02
1.794329913035126733e-02
1.160586308480864200e-02
7.397943036874641935e-03
2.713063160949103630e-02
2.630891583117289309e-02
1.198238955381729018e-02
3.980057623004776973e-02
8.341406193180397888e-03
3.092793981311301593e-02
4.428371013233040054e-02
1.225444288086995070e-02
1.132911059344717496e-02
1.036973692961224401e-02
4.360598355770418932e-02
2.573167275034086640e-02
1.192189550919445923e-02
2.103703418929164098e-02
3.178828582730613972e-02
1.178961262221763298e-02
3.816350042132802406e-02
2.732226048076590377e-02
1.614738399294380483e-02
1.986474021607176343e-02
2.263735951953120204e-02
2.744840426617675688e-02
1.257660997304737606e-02
2.642555220429851012e-02
2.885606482444614748e-02
3.086124181317562165e-02
1.240388834198509482e-02
3.253778376769803082e-02
1.094207874375221871e-02
3.056801938416270001e-02
1.818255431101708369e-02
2.663965711181065510e-02
1.014327182681186955e-02
2.498415615293581027e-02
1.465637564282385417e-02
1.929859501735654848e-02
1.229875299821620374e-02
2.889934753488459726e-02
1.649949238486564732e-02
1.515866783223618168e-02
1.304041038162772823e-02
3.170578860965411055e-02
1.189980740037991161e-02
2.346706038857589161e-02
7.940977713414360678e-03
1.583879581052129518e-02
1.382450809262531811e-02
1.031553423151047519e-02
7.480306346639323083e-03
8.721703962066973750e-03
3.373439602808991911e-02
1.484307901187098717e-02
1.169958084167076369e-02
3.206153202806866220e-02
4.141114289917566249e-02
1.728359657002118827e-02
3.036938356762089453e-02
1.457316253957507447e-02
8.650974299254685779e-03
2.960575711670290072e-02
1.254268430847733581e-02
1.111947816122083391e-02
3.936980398906243794e-02
9.289492345369038812e-03
1.164143924408358489e-02
1.111077172851371829e-02
1.253493008353945282e-02
2.965586179479449622e-02
8.635813815310897784e-03
1.452355364640610554e-02
3.020534258132377692e-02
1.712749280548965525e-02
4.170389708545862301e-02
3.216668300613662740e-02
1.160222270858126369e-02
1.472311370519699923e-02
3.369938033451819887e-02
8.580167599381202312e-03
7.317389222764028242e-03
1.026231704616605012e-02
1.402476966183280674e-02
1.606989011036570603e-02
7.783400130793194198e-03
2.346374394929106114e-02
1.198298324798983787e-02
3.167206819190494793e-02
1.301130556250728633e-02
1.492044727081773270e-02
1.660366086798009330e-02
2.903059379420677016e-02
1.243673916201104047e-02
1.943801814748720783e-02
1.454035428503883468e-02
2.503986556702036959e-02
1.008201397364650448e-02
2.669297271579539055e-02
1.830184461107744326e-02
3.034449487329070674e-02
1.099837708918640494e-02
3.207744952252967324e-02
1.238142996021158147e-02
3.121690932387380379e-02
2.904163230162172538e-02
2.601671401035683673e-02
1.240738815772938521e-02
2.734523639248382862e-02
2.256680265950980480e-02
1.982197580014753019e-02
1.591723715641167256e-02
2.719868255148556735e-02
3.785914830782973611e-02
1.179764678763793248e-02
3.181264470253133275e-02
2.078141954600525726e-02
1.189664679085041844e-02
2.570689967607570070e-02
4.305785166435357331e-02
1.032257341372438790e-02
1.137098986920088463e-02
1.247825811582457464e-02
4.385327976375696241e-02
3.113551034022326094e-02
8.735622745295235428e-03
3.977141823244180474e-02
1.195919901722004332e-02
2.612810476883787453e-02
2.721053705240724513e-02
7.594208689342307923e-03
1.180259962527610042e-02
1.798306937957565646e-02
1.733112553051869079e-02
2.184054320637783195e-02
2.621337452856089059e-02
1.514115473913472606e-02
7.144930667436787987e-03
4.203649665943912789e-02
5.451781889647642348e-02
1.322500190762139309e-02
6.404394934254768051e-03
5.626739224489244427e-03
5.753825241843093900e-03
5.612496695991807394e-02
4.894028382460895860e-02
7.350730728709597636e-03
1.761399266416551618e-02
1.618277974754568985e-02
1.818524236453979842e-02
9.702882297104035297e-03
3.254537604722922833e-02
1.153971194173738883e-02
4.636820990217549454e-02
2.475286565659354579e-02
6.144508997602884937e-02
1.799280157641846428e-02
4.101192808990954813e-02
1.425595187536277293e-02
6.351408571286364102e-02
4.030688466832657579e-02
5.727688928788447764e-02
1.165247678891385419e-01
1.051029193218922797e-01
1.662197063073253198e-02
5.564635634357861793e-02
2.405703041130067554e-01
5.564241719906638795e-02
