6.466307779486420992e-01
6.482175592970814693e-01
6.297648124371252321e-01
6.636602514166879407e-01
5.870447610181914744e-01
5.899114706097059457e-01
6.176325319911319944e-01
5.574432527839782159e-01
5.162783496302422170e-01
5.809827084991117108e-01
3.481864055713482786e-01
3.878784877742325055e-01
5.548230946248698947e-01
5.096219292019427138e-01
3.290163627399868007e-01
2.356312493685112919e-01
2.249827228694273318e-01
1.966632502737367394e-01
1.602934673874376048e-01
3.366047727395377054e-01
2.713308826896052017e-01
1.965950898980762251e-01
1.706770265495829719e-01
2.504069893939018798e-01
1.041104960632897453e-01
1.215639166296813983e-01
1.382205096187707205e-01
1.246769798148475161e-01
1.471317227626006419e-01
8.898748153705760000e-02
9.366781379781884131e-02
1.551792765007362074e-01
9.911455626083963411e-02
1.285139920793148260e-01
1.468232832789720665e-01
6.828130629184682443e-02
4.887425982013477582e-02
1.417769635810494089e-01
5.504112761629835482e-02
1.129827364736239043e-01
9.863275296089457633e-02
8.160503841159728877e-02
9.551506945995069664e-02
1.076046010564701144e-01
9.272915894456811026e-02
1.054558567129864621e-01
4.054075439266937447e-02
1.092159289887046497e-01
4.475878357510582745e-02
7.577531605462332898e-02
4.445607078847912952e-02
9.788867793925729033e-02
8.896227594229948188e-02
7.601123091605734017e-02
5.225524789133079162e-02
6.782014066978900302e-02
4.335294670885614376e-02
6.213053224438234295e-02
1.407760576058776636e-01
2.755694874910833217e-02
7.035091212400079730e-02
5.720701114317137959e-02
4.293193068969695242e-02
5.378964982807427769e-02
1.552894055410574715e-02
4.318230194010713729e-02
6.314848382079207845e-02
4.622019744145560577e-02
4.902436542808924491e-02
6.075010537351503009e-02
3.706314852392888354e-02
3.045551469117182761e-02
4.174489942788877500e-02
3.607561971276333768e-02
7.896504294764616905e-02
2.061332677375483577e-02
8.735146790476046655e-03
3.603706343587808475e-02
3.565736750844060443e-02
5.147226077623128643e-02
2.215446775601130625e-02
3.504973024362810496e-02
5.607396015219561630e-02
3.471506414294976001e-02
1.520658270998366014e-02
1.524202991868814534e-02
4.031545300517376529e-02
4.713169194120557515e-02
5.160630963243566238e-02
5.340140672192215943e-02
5.086768404412193162e-02
4.467034308098702389e-02
6.151762277542559970e-02
4.963801551231358106e-02
1.908749117110713003e-02
1.972137466025812233e-02
5.182875253049206571e-02
5.511775380413114211e-02
4.156598786165899284e-02
2.022715547706205666e-02
4.355835214602097466e-02
3.737718476239844378e-02
4.296746958967754410e-02
1.855539633556452586e-02
1.391587764561246117e-02
2.203768932444466477e-02
1.450508514008221062e-02
1.766740649932089374e-02
4.619886686558104943e-02
1.619597692668049704e-02
1.194775488097340327e-02
2.530871855163142545e-02
1.478877620857705320e-02
1.217052838999132212e-02
4.272797618806732645e-02
2.557306745360738570e-02
1.676387004053268848e-02
5.045663001560064809e-02
2.693364313413411718e-02
2.912328951285175771e-02
2.688105024256660577e-02
2.005876662432681118e-02
1.973818743448405022e-02
3.215610579934353314e-02
2.674423391931475893e-02
2.445491482955925583e-02
1.765986596311773862e-02
1.536389927677028928e-02
2.349407084117552738e-02
1.120038764649057550e-02
1.017937948428046351e-02
3.448363324657875706e-02
1.877315536620318900e-02
1.307495714504347539e-02
2.042322239792744923e-02
1.334598211333959915e-02
1.975073909033870159e-02
2.489169632011734717e-02
1.582521477536090113e-02
1.986104411426024147e-02
2.491221676095985507e-02
2.622906116592401901e-02
2.045842352303547246e-02
2.420585059033848047e-02
1.336722506757991730e-02
1.004979298226114232e-02
3.037877428158889878e-02
3.517223777918743188e-02
9.207928602465860826e-03
3.686661984589869462e-02
2.612801203390809068e-02
1.159204349153603389e-02
1.742904273972059603e-02
2.566788668556254163e-02
1.462119024855866589e-02
1.509141751805452569e-02
4.677370030019106784e-02
3.311191855312646537e-02
1.290145335937504210e-02
2.572150286365132085e-02
1.850350773239388055e-02
2.058801111084734847e-02
2.385595258067051139e-02
1.808057605946830626e-02
1.566868784713757248e-02
1.076416458042114138e-02
1.075356259368339534e-02
1.156248294680579068e-02
2.042783678002656200e-02
2.049450077237372977e-02
2.271603285777232598e-02
3.343915866263483250e-02
2.386390452830553649e-02
2.776272774048117731e-02
2.299322211197087074e-02
7.927221382375672712e-03
5.602376657965967358e-03
2.476872726476402053e-02
2.497908028644101400e-02
1.398269708991359619e-02
1.536951187447826647e-02
1.827109048789160931e-02
4.318988628503696997e-02
1.517209016536367507e-02
1.634505700425136973e-02
1.468501648441250355e-02
1.384390280406556407e-02
2.838677002834182062e-02
2.075482010899085822e-02
4.073185687508980996e-02
1.827163333650217922e-02
2.433832176728078014e-02
3.313398271063589667e-02
1.521616655241435356e-02
9.044395590184588912e-03
2.119930711059241427e-02
4.015009628854251944e-02
3.623173607456583317e-02
2.712559273301203347e-02
1.394163186015916905e-02
2.712407781197483450e-02
3.609801363761419579e-02
3.961170808635623014e-02
2.085453777246823112e-02
8.743736449735433139e-03
1.439244918849986489e-02
3.138131443867703263e-02
2.461963238050660085e-02
2.203147273363507616e-02
4.236320749394268531e-02
2.017021494972292758e-02
3.048563958285865558e-02
1.537110193300506369e-02
1.378473531327549864e-02
1.767011926455558379e-02
1.506599931910789988e-02
4.184722773755608638e-02
1.964731860783360332e-02
1.607638826021250480e-02
1.247659411964517975e-02
2.447190901593350107e-02
2.911073384583160242e-02
5.182007167018632190e-03
8.386568423537072228e-03
2.344676072489186927e-02
2.781980143378555426e-02
2.580183818636350851e-02
2.478267783900550691e-02
2.269534553176783681e-02
2.096423212110551035e-02
2.117213306059790787e-02
1.229449896091201408e-02
1.069151155498967477e-02
1.000206868430994316e-02
1.573604289538714160e-02
1.714801757196280502e-02
2.139402162106865748e-02
1.860952473719524117e-02
1.878737533573029625e-02
2.598913295613469732e-02
1.558017186747391765e-02
3.616055011114555767e-02
4.680952860278751043e-02
1.711950862346808822e-02
1.345041806012399997e-02
2.498643294459531108e-02
1.720281898862532910e-02
1.171771558663184387e-02
1.339646943746218219e-02
3.092585400714011751e-02
1.091299915154541819e-02
3.425941567400885013e-02
3.347401018022493069e-02
9.470527802828358765e-03
1.360325787259892075e-02
2.362492619487676151e-02
1.801615901260965671e-02
2.710046679537626846e-02
2.962994972494538068e-02
1.553905408386815554e-02
1.661520177612383839e-02
2.354893503623524398e-02
1.868771110700550783e-02
1.444310226975042445e-02
1.578786160293727328e-02
1.144174577214742035e-02
1.645768008482224182e-02
2.315684876786230223e-02
1.128513625608995423e-02
1.215031760513353258e-02
1.845581819387146286e-02
1.654814508600701770e-02
1.330734485718565625e-02
1.929997674233647348e-02
2.397916795887516592e-02
2.848932418799954291e-02
1.285477292055389742e-02
1.680682839400661141e-02
2.703256895551659628e-02
2.919577318416266901e-02
1.651025381701155120e-02
3.495360719361735591e-02
1.212402659209024271e-02
2.316904070263747437e-02
4.227269576505012644e-02
1.417094010308420429e-02
1.241745006438161290e-02
1.862036458666420716e-02
8.472978849721955058e-03
1.903689062701361193e-02
3.705040107182091397e-02
1.087188090774556491e-02
1.255686883520932932e-02
1.870335408858540133e-02
1.398355659156726681e-02
1.444438126137100042e-02
2.483649553040440106e-02
2.220927079905651857e-02
4.191215301260734633e-02
1.609354964845130520e-02
2.318219270259897977e-02
2.711882432063443885e-02
3.721475798304300225e-02
1.313777479706419379e-02
1.369168385875629661e-02
2.325598220331211163e-02
3.835020588430078370e-02
3.391023149399059050e-02
2.418454289421885853e-02
4.578236690483281079e-02
2.238934453265638974e-02
2.661324168055927836e-02
3.753909019227687910e-02
1.147261893538077671e-02
8.603933580210547383e-03
2.267704603671504004e-02
3.854548742725118216e-02
3.250799651526249667e-02
1.726082610424827316e-02
1.371993101197704727e-02
2.319101793567688793e-02
2.558215022174458939e-02
6.943644133355527694e-03
1.249039268989528967e-02
5.013091053494924537e-02
1.245265204396890646e-02
1.822549838877824194e-02
2.016533430085140979e-02
1.460620004104029764e-02
3.664457413509862593e-02
2.972163429429270157e-02
2.306717587733646962e-02
3.610508439879796944e-02
1.206072535460570722e-02
8.792668545150121237e-03
2.049778227559914331e-02
3.067061677970087802e-02
4.221442691513875578e-02
5.515162540146675840e-02
8.221616324727691952e-03
5.648800286603358756e-02
3.833120648427643801e-02
8.446955981075291234e-03
3.035098647118005324e-02
2.169873139514625487e-02
3.597235940419776096e-02
3.405040419542974817e-02
4.300105748545676038e-02
2.478352401721908155e-02
4.476281336428845903e-02
1.479329512669642216e-02
2.802258962927127103e-02
3.118331371483203107e-02
2.833881707360187685e-02
4.849515817183341904e-02
3.271219807119106482e-02
4.928377710239845860e-02
2.279067649390304276e-02
6.470544411405072804e-02
4.073748942431151127e-02
2.003250028100962005e-02
7.580417124753938141e-02
8.985451565410315991e-03
1.252946081955852789e-02
9.626745811037962230e-02
2.372961845906807962e-02
2.009418207234562465e-02
3.884617895142569721e-02
1.956091124572088835e-02
3.226792059169687754e-02
3.768916249801274737e-02
3.424366465307342178e-02
7.170850895478431131e-02
3.399128875171311681e-02
6.581702277105258049e-03
3.522672825742288044e-02
3.454607955446403755e-02
3.327496578228957003e-02
7.927700050333578996e-02
1.167877768126546201e-01
2.781675932735328677e-02
2.230450979345029172e-02
5.990010573335870225e-02
3.128981443842315108e-02
6.631762553376534253e-02
1.051703721189323343e-01
1.023761307764128742e-01
2.811354414161256268e-02
4.977058825197233638e-02
1.080349694581312636e-01
9.638813809801716204e-02
8.213343237191533808e-02
9.401422270490708555e-02
8.390257398784921328e-02
9.186965030662047615e-02
9.697721705439783790e-02
1.232537863773521675e-01
9.854612370609740213e-02
9.196157530386586676e-02
8.577800561725858197e-02
9.191090262996917670e-02
9.850563976729356797e-02
1.231408385453047066e-01
9.676316410136251434e-02
9.164454346456685219e-02
8.375327319743229582e-02
9.392067443569032670e-02
8.180234747264282513e-02
9.612909759815489730e-02
1.075102497727305900e-01
4.938670751895457567e-02
2.782392336862564430e-02
1.019874504080687805e-01
1.044116746406140994e-01
6.566739310996394519e-02
3.088896654596946442e-02
5.970674662229404767e-02
2.205528095167909319e-02
2.752642353015171198e-02
1.172002734632162924e-01
7.881208311893558860e-02
3.302594577904623130e-02
3.396794980694722854e-02
3.505423037528104108e-02
6.309198702366336335e-03
3.448642457209560863e-02
7.227995503704319480e-02
3.428047983925634756e-02
3.728722011902048383e-02
3.164344137103670268e-02
1.964039215023775237e-02
3.858631875888794693e-02
1.982086219706975100e-02
2.327077878391806826e-02
9.675315987292706921e-02
1.210247788391891240e-02
8.609881652912886735e-03
7.744099764817168052e-02
1.929597744153309369e-02
4.145071167384725003e-02
6.581760231046925036e-02
2.275777920054931208e-02
5.090698256663993976e-02
3.237773539155235081e-02
4.875846007971314233e-02
2.923959820419621061e-02
3.108503464241921602e-02
2.856613086784191846e-02
1.448758321845250614e-02
4.587884554695149941e-02
2.563961778129769317e-02
4.448046398582320565e-02
3.510955458193454337e-02
3.669359460224932978e-02
2.188116189085632587e-02
3.114310418812204356e-02
7.935676050212019453e-03
3.919923209641398149e-02
5.827895577044303610e-02
8.049075941735216871e-03
5.540647636223201139e-02
4.355080073666947604e-02
3.043008805849809276e-02
2.014129443508493739e-02
8.189575298162402039e-03
1.212099177560856111e-02
3.742941282696180677e-02
2.347430517401113623e-02
3.092620259892796611e-02
3.879147675947314244e-02
1.431436351564273866e-02
2.146009962223072859e-02
1.707522002612792134e-02
1.137205156701298625e-02
5.174366520064353075e-02
1.217929083403959667e-02
6.877551727590525132e-03
2.678138715738455355e-02
2.309026489020441289e-02
1.412673171858164906e-02
1.731704118679886981e-02
3.309511331437318959e-02
4.023504384748805701e-02
2.358121544756019983e-02
9.130334470343445114e-03
1.177091519918312471e-02
3.841021063975164768e-02
2.823329943468871894e-02
2.445525523227111073e-02
4.717503998390763092e-02
2.660735239528893431e-02
3.515756487609860564e-02
4.215875355150947718e-02
2.411548298535097154e-02
1.370478586846665681e-02
1.350478311188543605e-02
3.885502064052930027e-02
2.750784391083382560e-02
2.547109136238983121e-02
1.677738694268277736e-02
4.231866061926844308e-02
2.417571733109861662e-02
2.676108119520695383e-02
1.493937084278459601e-02
1.385334408986665239e-02
1.916806277011527671e-02
1.280117320856202258e-02
1.145716243031615414e-02
3.894106210296465614e-02
1.788344582979164640e-02
8.643640829005093049e-03
1.923364810884005058e-02
1.251549617863067718e-02
1.330101435665483403e-02
4.244951655770427129e-02
2.406525160764305671e-02
1.303868749549013176e-02
3.919564298967246480e-02
1.863672069815928978e-02
2.904410199764188502e-02
2.695951359879093789e-02
1.764599025211264702e-02
1.374164347507976329e-02
2.985208617826233188e-02
2.489690212898926225e-02
2.063910979012760494e-02
1.421749629698130894e-02
1.599491943310244607e-02
2.020764741682378601e-02
1.168844308634799448e-02
1.076565977899072643e-02
2.560522477397381494e-02
1.713838471989106646e-02
1.196138336377669358e-02
1.670362373391288957e-02
1.390123890019831845e-02
1.907686614280782594e-02
2.421540934182743118e-02
1.616348971517908573e-02
1.624887973901047514e-02
2.631484090658324157e-02
2.665826035781441658e-02
1.875281380931538219e-02
2.386426443765547051e-02
1.346586064726790211e-02
9.765947989423482897e-03
3.167804125322532666e-02
3.462153543866892252e-02
9.545985911063259444e-03
3.285156314753661516e-02
1.654713394029060439e-02
1.165051416488106957e-02
1.722832566050853248e-02
2.535938059635193739e-02
1.365751801373274975e-02
1.595862571188702908e-02
4.677737388147523018e-02
3.445725906448837000e-02
1.398641636030386291e-02
2.583496863613678543e-02
1.852897701801000177e-02
1.933220167419994959e-02
2.270527125715223263e-02
1.768757232601951904e-02
1.563984126124927723e-02
1.043507021634251970e-02
1.072697073124155923e-02
1.180497450853806515e-02
2.067480341247708922e-02
2.064571349397056887e-02
2.270377385019722860e-02
2.892448579259915969e-02
2.462853368293474801e-02
2.776925510389934709e-02
2.312065605800100662e-02
8.087369854755997386e-03
5.414634135206068330e-03
2.596090808407702788e-02
2.477663754933562279e-02
1.342032171466346624e-02
1.561452126426502926e-02
1.857281247066982013e-02
4.269816855768838321e-02
1.509176635614668111e-02
1.673541691820336005e-02
1.436322392553829146e-02
1.421637367284443905e-02
2.884109911756552527e-02
2.054896538061479205e-02
4.112955261139096541e-02
1.905846798675996101e-02
2.434934026821199832e-02
3.254174583612409744e-02
1.493769503670360453e-02
8.942935107487013160e-03
2.108354958511036645e-02
3.997034587058250626e-02
3.618713482619034805e-02
2.712508776607147620e-02
1.394163186291134948e-02
2.712458276894977663e-02
3.614256067721008381e-02
3.979088307772606775e-02
2.096862946030320085e-02
8.842722240070698472e-03
1.466314491049361575e-02
3.195757760930664076e-02
2.443917658255244027e-02
2.023767854627394822e-02
4.166743864578933282e-02
2.035439014532330546e-02
2.952307118118225465e-02
1.471483241251387263e-02
1.406388171842627884e-02
1.717604891189460775e-02
1.505657163803941941e-02
4.225268674616756287e-02
1.902320086844385208e-02
1.585001226352675610e-02
1.292169587646099793e-02
2.460985562071250216e-02
2.739586678851690937e-02
5.275485544395846008e-03
8.240467948271625737e-03
2.327457369433292081e-02
2.779097836721091536e-02
2.526455062098791754e-02
2.639210260484146919e-02
2.269762407962722453e-02
2.080426215935825621e-02
2.092482330693066356e-02
1.205054267634053655e-02
1.070700302769191266e-02
1.019069147737293804e-02
1.566873366493540254e-02
1.738630610155181624e-02
2.193960667857842300e-02
1.883245895866825920e-02
1.864896601316713698e-02
2.592129179079646212e-02
1.486076702131326928e-02
3.542764173819151763e-02
4.679221670352304990e-02
1.661101180493471108e-02
1.346022771346249911e-02
2.514455346573679639e-02
1.719217319431595031e-02
1.168966603080989763e-02
1.433161208595544293e-02
3.151878731455689392e-02
1.013360578669792247e-02
3.438323589942843955e-02
3.268103423310624034e-02
9.590123469922808008e-03
1.354286300006207755e-02
2.370928448491336354e-02
1.823273504009622140e-02
2.692204907189911164e-02
2.794544876033269731e-02
1.567022587002647391e-02
1.642401151212432436e-02
2.381435296414076072e-02
1.881739749326485217e-02
1.422808441029190310e-02
1.600802000011927392e-02
1.160500136107278819e-02
1.666262379320954806e-02
2.383732755637277267e-02
1.108461750589766724e-02
1.196947488513560448e-02
1.904484695407098263e-02
1.633526157182089988e-02
1.354959859839719588e-02
1.969492400573447100e-02
2.427784652253019843e-02
2.895928631379403317e-02
1.304228240938326219e-02
1.705058422742919758e-02
2.700403483921629336e-02
2.912064806458471850e-02
1.711289908374613936e-02
3.627224109580942657e-02
1.237278400964444448e-02
2.347975089340834445e-02
4.233493142346787808e-02
1.384827962076364861e-02
1.239107336650660703e-02
1.871427342443732905e-02
8.471959581881075702e-03
1.862227541047474164e-02
3.758263526300712615e-02
1.098956916153713027e-02
1.260434513063250252e-02
1.880562814550199371e-02
1.392795259622565257e-02
1.455384105561780168e-02
2.530196106113331497e-02
2.271829661625080973e-02
4.203194641458810055e-02
1.627481444012488995e-02
2.378096474812421007e-02
2.705146140374025537e-02
3.759692218350924736e-02
1.319048274450925103e-02
1.363154373211625421e-02
2.336950396590938353e-02
3.941518801211366801e-02
3.420484176453422731e-02
2.479656497733474449e-02
4.616852220211251079e-02
2.288759093922170321e-02
2.698809284937207786e-02
3.782388945219701537e-02
1.153169715326034239e-02
8.727565566038555933e-03
2.287710373777621792e-02
3.895621138126307420e-02
3.268463420760720634e-02
1.723686292950896842e-02
1.376952244077068836e-02
2.308546218985106299e-02
2.589443690554800101e-02
6.906690983934404490e-03
1.235630058793105168e-02
5.048346803291084428e-02
1.208998542071849751e-02
1.782348835274998045e-02
2.051767879133004069e-02
1.447084522330727499e-02
3.719885722450209931e-02
3.000701530179370607e-02
2.311921173236671651e-02
3.640596232733722681e-02
1.203677700549592861e-02
8.594787688494847505e-03
2.033909134007967981e-02
3.054812450169953550e-02
4.255811334383773070e-02
5.515727582209371122e-02
8.152078512602377314e-03
5.686523423972082714e-02
3.851806225383087867e-02
8.283249582571089800e-03
3.051438666763313726e-02
2.170608206658884362e-02
3.610908608127470776e-02
3.428163329692780759e-02
4.334085597963272668e-02
2.499269212961401435e-02
4.502271399985917355e-02
1.468395082589191332e-02
2.812205847109106385e-02
3.113016253757739868e-02
2.853957893890395753e-02
4.851353570543819049e-02
3.257682252022553460e-02
4.968310689503092209e-02
2.275480236631691883e-02
6.497124892604523583e-02
4.089055504229850702e-02
1.981470961656869173e-02
7.619691242583001567e-02
8.876236539009492443e-03
1.240462653341959341e-02
9.635151100125441403e-02
2.358817769488300714e-02
2.000583227483757748e-02
3.875197041049041613e-02
1.956887985772751137e-02
3.208457615211626757e-02
3.756109967143598377e-02
3.423448951082117692e-02
7.183355324385040652e-02
3.410674486214342743e-02
6.507499404284118258e-03
3.516768177068490403e-02
3.438368820728594094e-02
3.319974566505035779e-02
7.913417991875838775e-02
1.168649363021035670e-01
2.773365074666266430e-02
2.223502057151095779e-02
5.984012058320590383e-02
3.118116078100159963e-02
6.614220388089270264e-02
1.049639491334822400e-01
1.022650253762320688e-01
2.803708404170100754e-02
4.966898537279113707e-02
1.078948579482877090e-01
9.631723765786817659e-02
8.204608090777511242e-02
9.398716691516059707e-02
8.386279364549988069e-02
9.181137482094069158e-02
9.692236528129700990e-02
1.232246693031738977e-01
9.853569194904360229e-02
9.194882456552104510e-02
8.577800560469565905e-02
9.192348834621170972e-02
9.851545125910853018e-02
1.231682007254077810e-01
9.681534912427562645e-02
9.169884119215428175e-02
8.378817298316175444e-02
9.394044692797023921e-02
8.188061023079526435e-02
9.618782829363888009e-02
1.076326703089846709e-01
4.947716331086270819e-02
2.789236475903839052e-02
1.020710517655729621e-01
1.045850434568550424e-01
6.581744634542024963e-02
3.098100320510216790e-02
5.974383157568846636e-02
2.211066362883765471e-02
2.758890802806833811e-02
1.170723779880094156e-01
7.890285972541223602e-02
3.307579229694419809e-02
3.409541758208960854e-02
3.508219168986238812e-02
6.371538434139893681e-03
3.435481782532216061e-02
7.212053598636639085e-02
3.425401878200606820e-02
3.736177566694234842e-02
3.177396815315584877e-02
1.960938808766357275e-02
3.862390089083688610e-02
1.987051451647820627e-02
2.336056438613169292e-02
9.659777902168079078e-02
1.219238210993471919e-02
8.689555031838934115e-03
7.701769330436619709e-02
1.944901277321993069e-02
4.124957699339763806e-02
6.552946571424561606e-02
2.274075969420771837e-02
5.049664565704788111e-02
3.241435768792795546e-02
4.865031186714685596e-02
2.899277984672040190e-02
3.108437895178739474e-02
2.839782407892534055e-02
1.453444854573242122e-02
4.558438736141016967e-02
2.542233946305876360e-02
4.408556299560553032e-02
3.481600678842677182e-02
3.647596654028850000e-02
2.180218225491952974e-02
3.091568867081472688e-02
8.031666694426965389e-03
3.895784212829077331e-02
5.777172571779944088e-02
8.069027385041907530e-03
5.529454330027700620e-02
4.322821249255911352e-02
3.043694486856770090e-02
2.017010805977323060e-02
8.299462617042979717e-03
1.207247941916164170e-02
3.707588359403950901e-02
2.333126153412463585e-02
3.061506566963477158e-02
3.827518647810853464e-02
1.433415461825533928e-02
2.116415531724188948e-02
1.726508992161637085e-02
1.156304013140048437e-02
5.130367928724932636e-02
1.220998751861338341e-02
6.877511468842118121e-03
2.649653234453087230e-02
2.304993525749867919e-02
1.398205123248309929e-02
1.727300978741364013e-02
3.297474461292214387e-02
3.981107883887119447e-02
2.333860088755644255e-02
8.994612816554238208e-03
1.168616330730739249e-02
3.824804084460387693e-02
2.781157377296158625e-02
2.393115639962248645e-02
4.686559307264127894e-02
2.601592508761310651e-02
3.484108845414005812e-02
4.131487669638614357e-02
2.382421352249136995e-02
1.365354162470478611e-02
1.338541539707878598e-02
3.843510474358739076e-02
2.728441860748721456e-02
2.493152304728838212e-02
1.661950699954039060e-02
4.223424114293695270e-02
2.370926950503741623e-02
2.627937164100969947e-02
1.480938475768018778e-02
1.386891437213214409e-02
1.904688654187105395e-02
1.273319614264928866e-02
1.129360139409122180e-02
3.852918327200028498e-02
1.807407876593073934e-02
8.571315940247771492e-03
1.904429915463168657e-02
1.245729116217200380e-02
1.343894879074846588e-02
4.241950811560175894e-02
2.391013765558383519e-02
1.283397645244241728e-02
3.836022170957058275e-02
1.817607703703615768e-02
2.905704137029445702e-02
2.697029799483834436e-02
1.747087868348281420e-02
1.350603012208218164e-02
2.961497510227759436e-02
2.472646072080249627e-02
2.036297225507295236e-02
1.401203945825981768e-02
1.607836652187464438e-02
1.989313271952950976e-02
1.175634813381092048e-02
1.084368203983676789e-02
2.506997276040087361e-02
1.700210549952742636e-02
1.186163207648237468e-02
1.648357758938186202e-02
1.397951505527216497e-02
1.900703565697726624e-02
2.411960004629966001e-02
1.622228207177591613e-02
1.605462397380099868e-02
2.663081268684434205e-02
2.672064591701086428e-02
1.860366301306945469e-02
2.382414895465049393e-02
1.348284170475201431e-02
9.724467776950013534e-03
3.189909597027125454e-02
3.455886392093104886e-02
9.646240156322944542e-03
3.247809954195668425e-02
1.589877345461152350e-02
1.165953704114829591e-02
1.721404730403182370e-02
2.531047005071346626e-02
1.358886094993081231e-02
1.610345945579412866e-02
4.677987120132322263e-02
3.467569355391369318e-02
1.417602136810349606e-02
2.585406245182403015e-02
1.854922112915679405e-02
1.919579366698602810e-02
2.252843296690022062e-02
1.762111357353492863e-02
1.564174680069743348e-02
1.038058283515224008e-02
1.072253216736077965e-02
1.185402806031046058e-02
2.072479395005308658e-02
2.067707176325096069e-02
2.270214303260663022e-02
2.830919332539970010e-02
2.476491530433558644e-02
2.777272299693863203e-02
2.314962532918463101e-02
8.118554508206213272e-03
5.383044502909739050e-03
2.622747527632971962e-02
2.474067272379769367e-02
1.331585857774145350e-02
1.566236822566834108e-02
1.865033456029409342e-02
4.260558953535932558e-02
1.508114483716981036e-02
1.681943207308114405e-02
1.430163620545177317e-02
1.430513334276421918e-02
2.895786796020649242e-02
2.050917748447087310e-02
4.122541215751898691e-02
1.925767321164855925e-02
2.436067030682345647e-02
3.242427199796989873e-02
1.488247346963325092e-02
8.922793388688279523e-03
2.106049885390059301e-02
3.993443029630133756e-02
3.617821782651103185e-02
2.712498677635673608e-02
1.394163188364281117e-02
2.712468376885623575e-02
