1.002853916877469442e-01
9.381894841151280917e-02
9.777983043399803009e-02
8.953510461134339682e-02
1.018838910751070498e-01
9.308291951930985908e-02
9.900551573555829710e-02
9.537380552830491964e-02
1.021000429546792265e-01
9.714513202163220507e-02
9.799440880854089209e-02
1.014836889100828865e-01
9.990607581839745788e-02
9.434615366347172405e-02
9.815090850014454582e-02
9.760578519013554666e-02
9.435558221230501419e-02
1.011490082848902072e-01
9.965470431292099140e-02
1.046771184932373810e-01
