1.943934729183085242e-01
1.934585958094363067e-01
2.091336503076348108e-01
2.002237483134146345e-01
1.539087908191239806e-01
1.382167172145236378e-01
1.672489900237527916e-01
2.252151810108621310e-01
1.760367179292674777e-01
1.503974578391037431e-01
1.498594007506863501e-01
2.137134472582467859e-01
2.083416370132807616e-01
1.637586101879793810e-01
1.889788393379867593e-01
1.343666559423106754e-01
2.170909584023134054e-01
1.729089178489804091e-01
2.134685238990681744e-01
1.737560345366361558e-01
