4.438008863037924967e-01
3.805707671807652126e-01
3.804395592291012207e-01
4.437921997902379845e-01
3.804751818093337068e-01
3.803900997239517690e-01
3.814528980055038043e-01
3.816773628070320168e-01
4.434802577186670591e-01
4.434336304354329350e-01
4.437519114773906814e-01
4.346404762193659121e-01
4.346054936643307109e-01
3.838775242313228198e-01
3.844434388040377515e-01
4.283270802563581836e-01
4.284980157586752436e-01
3.866073510772347066e-01
3.865547674727471406e-01
4.437203432748543230e-01
