6.493237879245143951e-01
6.527384707822236898e-01
6.674520362985431055e-01
5.861500626091920019e-01
6.370388914371080125e-01
6.586584871466880653e-01
5.338462957337960502e-01
3.724271777779292747e-01
5.052869327344959860e-01
4.378291491859219176e-01
4.612209058251192095e-01
4.439655633497753273e-01
2.986439706119399795e-01
3.795956718216875192e-01
3.616441116609464546e-01
2.894652920466503354e-01
3.000121944806156127e-01
1.397838177377337954e-01
1.697646402345344696e-01
1.060851823700357660e-01
1.765525246758195832e-01
2.077231069560055432e-01
2.273332744158608199e-01
9.779339076108013729e-02
1.269968519972626830e-01
2.464037056475921195e-01
1.503842039703128242e-01
1.107292090046164135e-01
1.552322372851618337e-01
7.225941302985976200e-02
7.313446951694310694e-02
9.617255188127786514e-02
8.648438091675807182e-02
8.628034520954809550e-02
5.230336702624192174e-02
5.601379149273596342e-02
6.673209183016493018e-02
6.441252826072244031e-02
7.904703415456221238e-02
7.598032325268581910e-02
1.894920194895216570e-02
8.154431297444889037e-02
8.370311359314976107e-02
5.447535324720770983e-02
9.670782053160136005e-02
1.152737504229956744e-01
1.580276665738711839e-01
7.438433555620461990e-02
8.208524330903638200e-02
8.278068431080934375e-02
4.134715295792499440e-02
4.189182060717490386e-02
3.862748231157907969e-02
3.128083617341299860e-02
1.024105340052278018e-01
2.510345706204037547e-02
4.201028199348535302e-02
5.593938148816564315e-02
2.563357761337723209e-02
9.168720702720903337e-02
7.934444672031842893e-02
5.146641222246147590e-02
5.856561137244830489e-02
6.332707174640911374e-02
2.870309777452270325e-02
2.515169121960926860e-02
1.091975905488169890e-01
6.558169298098853739e-02
3.443301294605934787e-02
5.674083424472523007e-02
4.159268013484115900e-02
5.362831603572178196e-02
2.352067281534238330e-02
5.939783872557562877e-02
2.497817174532808784e-02
5.772574193138831772e-02
9.850901810766170275e-02
3.137937185320972128e-02
7.714826809273918340e-02
5.669167279216740657e-02
4.135270453156895260e-02
3.639561871727763076e-02
5.011788522314678668e-02
7.488580129618775671e-02
5.090114144013516834e-02
3.650654715676717593e-02
6.568680952909783377e-02
5.240005771783334820e-02
2.361403524834066597e-02
7.163444686040572329e-02
5.045430369946621307e-02
9.437519330825488995e-02
4.624115263176822865e-02
4.563881676988486985e-02
8.804924629535142155e-02
5.741233272535931076e-02
4.493875336300198753e-02
5.156161615676004700e-02
1.443667461016681364e-01
3.060111612887166793e-02
1.437543193399010433e-01
5.073694157105775038e-02
4.276241336868850940e-02
5.991765017294145568e-02
9.266615704920976027e-02
5.095914021191160631e-02
4.747488816446289450e-02
9.180028242069725175e-02
5.362163781301319126e-02
8.249174799739390773e-02
2.493405640920226193e-02
5.416244093802800169e-02
5.330802338159121301e-02
3.963729986423105561e-02
5.110064823075782803e-02
7.767542657883765023e-02
4.732327710509035695e-02
3.246638300056001875e-02
3.891187306521406292e-02
5.794161435002807142e-02
8.292974006173606250e-02
2.836500532096446897e-02
9.838675223532911129e-02
5.733638527318258432e-02
3.223713461418692416e-02
5.997954700173052656e-02
2.307966846603403538e-02
3.871092236095872302e-02
4.343124242850383149e-02
6.174342497129201024e-02
2.874339231872006725e-02
6.523107278648712648e-02
8.373118365634600602e-02
2.883966021390987899e-02
3.062688024216740634e-02
5.496797803036304608e-02
5.518949119566751021e-02
4.339357772682937014e-02
8.069623587018734390e-02
7.893677955328083640e-02
2.273522891609998028e-02
5.309231410676168439e-02
4.355373898790477344e-02
1.680903254647584527e-02
1.019874981060495817e-01
3.582083089684906518e-02
2.547567614926941545e-02
3.651356204675009626e-02
3.446121340146408862e-02
7.865208444198533433e-02
7.300276359087608247e-02
7.285031242962050624e-02
1.096812427225353770e-01
6.556852757072761939e-02
8.393498020677050975e-02
3.509383778588519298e-02
8.367317939214367895e-02
5.765437066136794297e-02
1.251595769838291863e-02
7.797193477511266124e-02
6.188251388722830482e-02
3.681756048351288169e-02
3.230271502828861718e-02
2.707198108430190417e-02
3.243782120099944488e-02
6.128605184429385816e-02
3.805514863359232142e-02
7.891846094725378513e-02
5.412080658606781974e-02
3.200040748962216380e-02
6.256720381454373980e-02
5.834605670422121637e-02
9.016807317350090945e-02
1.030366721835739574e-01
9.043105930748918109e-02
7.801160318047151154e-02
9.769045507339620127e-02
1.282073412231495013e-01
3.969094641227605830e-02
3.234317836794799866e-02
1.156661428477287340e-01
7.065030562410928860e-02
1.096259861448893175e-01
8.608835323428237762e-02
1.459328618822772206e-01
1.961340596268974779e-01
3.386890126110349286e-02
1.199631038324849019e-01
1.959997292103084765e-01
1.827845732205475859e-01
1.413483567930954310e-01
1.630714401597132546e-01
1.599702785169302144e-01
2.078102121708230998e-01
2.001662081193670284e-01
1.740627062237435629e-01
2.532393053395734506e-01
2.312776811803935462e-01
2.503866629828766510e-01
1.731623815666682720e-01
2.502938724664628412e-01
2.317001963696879163e-01
2.539550858658577992e-01
1.746969201934668869e-01
2.014839288542355500e-01
2.086514254869047957e-01
1.607214735687085005e-01
1.639437899776414187e-01
1.418055545315552446e-01
1.851029102755877287e-01
1.978122296657796320e-01
1.225807567091451999e-01
3.420019143877491008e-02
1.987496628238561436e-01
1.480850238204273472e-01
8.638808777560232077e-02
1.113537855251386099e-01
7.131278331797773207e-02
1.187948738214165134e-01
3.223070505599139046e-02
3.961951533868936226e-02
1.327303749087598850e-01
1.034355473327070868e-01
7.819549254240072689e-02
9.284532470636115697e-02
1.075413620225581929e-01
9.337929010533994878e-02
6.013742857993373270e-02
6.580359910968205939e-02
3.322900634541919168e-02
5.497661466268378289e-02
8.160397175897758648e-02
3.873232680654224019e-02
6.513439374997279097e-02
3.226545449985631503e-02
2.847987045882802506e-02
3.248936246583279674e-02
3.790053830447195904e-02
6.450967464826627695e-02
7.732548258518716355e-02
1.160865565240417480e-02
5.985078242076118105e-02
8.370435517494599631e-02
3.876317822612975611e-02
8.773397927068392332e-02
7.318243129720593265e-02
1.177022014022943985e-01
7.332980862752054574e-02
7.450651568926262847e-02
7.995701263988631846e-02
3.582722737904497218e-02
3.774201596580876311e-02
2.744354858638328037e-02
3.392974345754824067e-02
1.021571526537127933e-01
1.773450955065871554e-02
4.284798911323921267e-02
5.421220384285593136e-02
2.307217285837124404e-02
8.375592645353624466e-02
7.997549456129390832e-02
4.601139621906715632e-02
5.639862673611730631e-02
5.765342669973515938e-02
2.968125282722063399e-02
2.708138782349987436e-02
9.203838565644528735e-02
6.513661259656707003e-02
3.079562689152666108e-02
5.885976762774621646e-02
4.240619920160145634e-02
4.246925573530572345e-02
2.328958589257422093e-02
5.965105958583776652e-02
2.736670292141650876e-02
5.745907715735361354e-02
9.843817956683824366e-02
2.929920223764811288e-02
7.965041973171378686e-02
5.716682067973147263e-02
4.032377107917006764e-02
3.468968385311753388e-02
4.890099333342569354e-02
7.582372333184861368e-02
5.085913800581361860e-02
3.756803866726352026e-02
5.968071890218425851e-02
5.285619583604932864e-02
2.403747621337903526e-02
7.501749961118805987e-02
5.121730132457836399e-02
9.327430697619278066e-02
4.641162120398442670e-02
4.712757026483027634e-02
8.904533568482037031e-02
5.788426790151553203e-02
4.403128776814619477e-02
5.108597234329396303e-02
1.435948847449305954e-01
3.048058488243509875e-02
1.433922492859206754e-01
5.081837378550687484e-02
4.331436366160943546e-02
5.881055990677207246e-02
9.073502118233860159e-02
4.899546755577690454e-02
4.689949566405148679e-02
9.243410975730106949e-02
5.240251005910808585e-02
7.881068913675544352e-02
2.450080773762789224e-02
5.352245568093175893e-02
5.571957968195850874e-02
3.864861391340602970e-02
5.096532836542812944e-02
7.678124728917344599e-02
4.798128261037673536e-02
3.340157753315483452e-02
3.951885445952229431e-02
5.757044828973401085e-02
8.146851343809351220e-02
2.850583931730784476e-02
9.836221078168601306e-02
5.738507963451364158e-02
2.999033231045983641e-02
5.976137393983148305e-02
2.315979416853580081e-02
3.953157483562481922e-02
4.291106210643767099e-02
6.061537231001673520e-02
2.931764571336544292e-02
6.499718572373423819e-02
8.599512296173246473e-02
2.814078611907369631e-02
3.019812975691289758e-02
5.559159557210266445e-02
5.544237654654200070e-02
4.404337605700713032e-02
8.028457494145220530e-02
8.034265908770756026e-02
2.263924089011262394e-02
5.336631217019604384e-02
4.320946957874794575e-02
1.685055792564101040e-02
1.019961843288848397e-01
3.514982782628794933e-02
2.574217602431759164e-02
3.667694050092909497e-02
3.461717311599032953e-02
7.889184536025366234e-02
7.290312235792753559e-02
7.293692727394508746e-02
1.107772921465119548e-01
6.683789319897975867e-02
8.475581076120565494e-02
3.577414186797440304e-02
8.354664900928808480e-02
5.747982460027514784e-02
1.204520307606979368e-02
7.757149724260962997e-02
6.192932099720884626e-02
3.648022949104402779e-02
3.170254695433440822e-02
2.688063213411879399e-02
3.188137345440669734e-02
6.147544714477427841e-02
3.736923862996137380e-02
7.874381766448712572e-02
5.345050338087806163e-02
3.152266636649270204e-02
6.176490339119986711e-02
5.746422235239366516e-02
8.909226425270008742e-02
1.010929096184272763e-01
8.912235467227047625e-02
7.669862007976149809e-02
9.585720036004419242e-02
1.257929870873551736e-01
3.823867495142611872e-02
3.118332301275405366e-02
1.131643250399304579e-01
6.863343314986808386e-02
1.052023127689033360e-01
8.222654506336295188e-02
1.400522422156487423e-01
1.876434832206048953e-01
3.193608751981170252e-02
1.126197834670494557e-01
1.846962358619108902e-01
1.719947425499683547e-01
1.301674879388606543e-01
1.500548060717750987e-01
1.452087103914987132e-01
1.847187680783648200e-01
1.745943132579974022e-01
1.474765611204560956e-01
2.054555242159289419e-01
1.729648210919863260e-01
1.630520571903646965e-01
1.720778704967785011e-01
4.468256124739926061e-01
3.337897119830592341e-01
3.229143993533820090e-01
2.107652859325714612e-01
2.330779430507405880e-01
2.360665716089773991e-01
1.773202948150578162e-01
1.775494674885378377e-01
1.536682500372566484e-01
1.956967235614900658e-01
2.087063770113117833e-01
1.297562675639699348e-01
3.600469100095855801e-02
2.061242445938221424e-01
1.531728343041478813e-01
8.961543827555147612e-02
1.150659496151265199e-01
7.289263337837935397e-02
1.204996794300999402e-01
3.305448220109041130e-02
4.062904985329401225e-02
1.341925722228026197e-01
1.044577853907632248e-01
7.895627352376118069e-02
9.342322321295447318e-02
1.085642074116068972e-01
9.375706498246734466e-02
6.046678080775649833e-02
6.592161283508317371e-02
3.331326588304433373e-02
5.514288440890918741e-02
8.127798169542026219e-02
3.885855972045332979e-02
6.457752858927783002e-02
3.251215238348922898e-02
2.832670526571579028e-02
3.252903789361213938e-02
3.782074453117208190e-02
6.403818495858430715e-02
7.723710019464451182e-02
1.178370933582449480e-02
5.937396672649117302e-02
8.317179323614713737e-02
3.806310413494613104e-02
8.669224825109131394e-02
7.130872258320294921e-02
1.156657848742339983e-01
7.313725656171619904e-02
7.393504955643157017e-02
7.955561272506760095e-02
3.550202371096304599e-02
3.746329049460397215e-02
2.689608137510804062e-02
3.418631248368654563e-02
1.015249999589095398e-01
1.741425458738143570e-02
4.276905302612388909e-02
5.354530523681021170e-02
2.283550816078034826e-02
8.233543177192453877e-02
7.981400352013387489e-02
4.518492239806719268e-02
5.582412576291257561e-02
5.671916903325970732e-02
2.961824350638921771e-02
2.729319907177227625e-02
8.974620779372610713e-02
6.475492086358558552e-02
3.025488093939134038e-02
5.871301461746483014e-02
4.216988896456132230e-02
4.101662035767937586e-02
2.311412626828176012e-02
5.906867692569808120e-02
2.754968067906497092e-02
5.703907933770876321e-02
9.744825673856218062e-02
2.875295944229306830e-02
7.961018998034530281e-02
5.690416954130412402e-02
3.965041280393707263e-02
3.423857991569016074e-02
4.839301148388359952e-02
7.565345382362918814e-02
5.052864251395403072e-02
3.768167613891370421e-02
5.720819738293395074e-02
5.253979024789304231e-02
2.396571476078875745e-02
7.496679086604773889e-02
5.054390870733684038e-02
9.212514615577152566e-02
4.610989826209063031e-02
4.700897304871681781e-02
8.849933187316229299e-02
5.753918418457915074e-02
4.353710794576119009e-02
5.066855037805625961e-02
1.425734170053019334e-01
3.027749204803777822e-02
1.424981298267518071e-01
5.051201761997697187e-02
4.318149214904042771e-02
5.771938791410424069e-02
8.881365818351766306e-02
4.748543238071408629e-02
4.591298529773774756e-02
9.095615015532562686e-02
5.086269373633824781e-02
7.571664730772444118e-02
2.376192679222187062e-02
5.199332041929480980e-02
5.560807963976643203e-02
3.724543542767689425e-02
4.958259119779356155e-02
7.438489108310544773e-02
4.699942776837476299e-02
3.290750754077344242e-02
3.874133026151142106e-02
5.561015262751941440e-02
7.808785381760155464e-02
2.808956442916064195e-02
9.531097435563107290e-02
5.530281527025612820e-02
2.734513242372874769e-02
5.789804132600156333e-02
2.222822370695743191e-02
4.052467959096481970e-02
4.144281077481475062e-02
5.683037476889887807e-02
2.913519860416570462e-02
6.276621183236671953e-02
8.735066741456551376e-02
2.619806369146956276e-02
2.891517411671380364e-02
5.541364381618774787e-02
5.408287666771695312e-02
4.415635694507026587e-02
7.622217295383999780e-02
7.982085143798317572e-02
2.276651905148807664e-02
5.220166493714106098e-02
4.101210842659010203e-02
1.768373252819132116e-02
9.654684483524127170e-02
3.182969914775744119e-02
2.753608575271885434e-02
3.614471350174564696e-02
3.477186306724094206e-02
7.500845893655282148e-02
7.362541003586457744e-02
6.752165116619826546e-02
1.198995478377414409e-01
7.683955082973809025e-02
8.410028890988871519e-02
3.906416486178430209e-02
7.857674128913512412e-02
6.333641883636619008e-02
1.286806894108221203e-02
7.129346440709252719e-02
6.623875204671211825e-02
4.213340916712147305e-02
3.890177815823354229e-02
3.465368710635165911e-02
3.486387142436930126e-02
6.936500880964487081e-02
4.989278738138856056e-02
8.259552530868564946e-02
6.046767725040112784e-02
4.455947964157850466e-02
9.032304135552503277e-02
7.577889976943541495e-02
1.109299288699053671e-01
1.562373181465463445e-01
1.053645517550411415e-01
8.267076772422560227e-02
1.547380629703860033e-01
1.635593064771271588e-01
7.864260108032147811e-02
5.865998398889821913e-02
1.361264859544776551e-01
9.807784048866703686e-02
2.045548605162401390e-01
1.857294508280231959e-01
2.519542206099016357e-01
2.926647023460838271e-01
1.306435323920764335e-01
3.063244547733295353e-01
3.385648565365727558e-01
3.146523627173605786e-01
3.625711047549532995e-01
2.715714899255088910e-01
3.743476544199768052e-01
4.631308835132053603e-01
4.390332148599584983e-01
3.978431813642349102e-01
4.460347723084424065e-01
4.308521295141997109e-01
4.254932737956491628e-01
1.628533196746560219e-01
1.284768372011921012e-01
1.156581792004903741e-01
1.284168587703915787e-01
8.926135347864680436e-02
1.006573463111460204e-01
1.095782282464058122e-01
8.662211842371903003e-02
8.877246431812667316e-02
7.812562893018407117e-02
1.012379628970977719e-01
1.105227855458986025e-01
6.269952976546025458e-02
1.907362632563998350e-02
1.136145991303754016e-01
8.691572055467747249e-02
5.190226801135292001e-02
6.494161935776306127e-02
4.616715874438844652e-02
7.192764824625083597e-02
2.092809775274417569e-02
2.548654733856349497e-02
8.151276490175678180e-02
5.999617566740633734e-02
5.602809208544341779e-02
6.153779887317077646e-02
6.687329242386949590e-02
6.326316429430897670e-02
4.080020715446421725e-02
4.297974373331572839e-02
2.234602305922542970e-02
4.000728194959949496e-02
5.967207682848893469e-02
2.762613498450187943e-02
4.604977587551389862e-02
2.496633727441306683e-02
2.009124267895564739e-02
2.451632095875577386e-02
2.842089267387814741e-02
4.880926012016857662e-02
6.436995124714631200e-02
9.753839131648700880e-03
4.623797060286708588e-02
7.013699427535226294e-02
2.898987521043406082e-02
7.054278681171582965e-02
5.574057657784183689e-02
9.267747223156432013e-02
6.085509301164018087e-02
6.104521508784620937e-02
6.594726290807673141e-02
2.905986700847367973e-02
3.075825559275972843e-02
2.209355813792238110e-02
2.876983307863406614e-02
8.541178681378988613e-02
1.466319851645432257e-02
3.609895973553425147e-02
4.564319502207731666e-02
1.949503343758624344e-02
6.910597987165983946e-02
6.638153738365082379e-02
3.831405910194810027e-02
4.702538785059601212e-02
4.820896000808099630e-02
2.517198679578118437e-02
2.253999873100547349e-02
7.625275731774187882e-02
5.436423359554086454e-02
2.529648418746852437e-02
4.848057125121917055e-02
3.594144362760647027e-02
3.711020031356121462e-02
1.879058212722324941e-02
5.002990830603240568e-02
2.246480280473516639e-02
4.551299584912707474e-02
7.982981745477435442e-02
2.486479838644662516e-02
6.389108076455474183e-02
4.509533036064470451e-02
3.212057066637532404e-02
2.656864883338079866e-02
3.775754942062684721e-02
5.833358299546995140e-02
3.914872347024930116e-02
2.857140395974862648e-02
5.143590105607388080e-02
4.051421540202164440e-02
1.841215355904664633e-02
5.776107959339919079e-02
3.967317770555951750e-02
7.145077526252127664e-02
3.484303328577925685e-02
3.560944815828585158e-02
6.667462720753192240e-02
4.314847994053153807e-02
3.288695260771985762e-02
3.812148313750109152e-02
1.071812983984470058e-01
2.274724285820330094e-02
1.070007049922270109e-01
3.802633423581455036e-02
3.238635754372465314e-02
4.554044969926148573e-02
7.056855598298263088e-02
3.854833973233676853e-02
3.638394660231057676e-02
7.011194756049771160e-02
4.125506632112679178e-02
6.222046983737628684e-02
1.891764074678548360e-02
4.141142945439319628e-02
3.886558802387109213e-02
3.016767665176690871e-02
3.894996669597775019e-02
5.884969165193735391e-02
3.595325756950509821e-02
2.484524614167922182e-02
2.900358533793978913e-02
4.320707088579088528e-02
6.079957880362389655e-02
1.935063874715526114e-02
7.124900383056852193e-02
4.297049196536201210e-02
2.582346576127160856e-02
4.089341542716269651e-02
1.679414009108378888e-02
2.375435310372000022e-02
2.911931878936899198e-02
4.583064254571258406e-02
1.880307181902399205e-02
4.373038277662853746e-02
5.182479362083480118e-02
2.078788796115261031e-02
2.038824755020809953e-02
3.434949798462397924e-02
3.578839525922745957e-02
2.677077814887011617e-02
5.521899073623508236e-02
4.873014742730665677e-02
1.355304956036585545e-02
3.235211374782175769e-02
2.857639185165884721e-02
9.634376926806071176e-03
6.780238763490155363e-02
2.619034158261815751e-02
1.400863298243025176e-02
2.242823288982515734e-02
2.039410873210586311e-02
5.068779707450084965e-02
4.131701695473049413e-02
4.910337728246528394e-02
5.761186254698893311e-02
3.202043029723490586e-02
4.622315897256786682e-02
1.786362512203572978e-02
4.836784709175211833e-02
2.992842088549122620e-02
7.403886579397886587e-03
4.683890389598097809e-02
3.115005246248753190e-02
1.930332531286612155e-02
1.662396344543744242e-02
1.275543688169335048e-02
1.870257319159445916e-02
2.792364083875150185e-02
1.863833689442725636e-02
3.822448620953227544e-02
2.738118757412150509e-02
1.469075965782054571e-02
2.795949622170880444e-02
2.783546522369029566e-02
4.288122669785339458e-02
4.521404030615180231e-02
4.175818051069439540e-02
4.129145827003214558e-02
3.927138298142843903e-02
5.588512412687503955e-02
1.904862168852882592e-02
1.579261600557163581e-02
5.105952389852282114e-02
3.520178978273467985e-02
4.923885404350105549e-02
4.017406365310537825e-02
6.680977417867092760e-02
8.800285895512578727e-02
1.497132028911984415e-02
4.893664419779013286e-02
8.897439346070916411e-02
8.148989046120921897e-02
6.458746670567315495e-02
7.358625420353419322e-02
7.241420016481220356e-02
9.234065428971768852e-02
8.503682496623064802e-02
7.604891959575993399e-02
1.099541593885734331e-01
9.939412273479690529e-02
1.106831665103604201e-01
1.404052088314612645e-01
1.637299299499171690e-01
