8.368301861524490848e-01
7.417172619791685406e-01
7.152538364661633619e-01
5.231423782472816031e-01
5.330878051743146440e-01
5.661982906220079936e-01
3.349310871982556503e-01
2.303608261379262445e-01
2.839822923509616182e-01
1.119501525049782092e-01
2.950994643154248864e-01
1.840802121998471597e-01
2.452666332946827898e-01
1.143341817453870923e-01
7.760645606638283400e-02
1.928845830660493865e-01
9.180487352154448333e-02
4.303324107626960854e-02
1.396947115701503983e-01
1.103312754956218555e-01
1.186255245862517654e-01
1.123541953443420727e-01
9.940701998878782863e-02
6.448513310674604260e-02
7.500424848618507390e-02
3.421614220659356664e-02
7.925483507631857216e-02
1.226511459010586891e-01
4.496908654861689336e-02
1.264142461061205369e-01
3.727147286278899990e-02
2.816419702907897032e-02
5.024887728352339655e-02
5.590236573834584527e-02
6.658786565414749614e-02
6.999769457352139623e-02
2.657149769235938458e-02
4.195119844155883321e-02
7.253291967020954190e-02
7.012835296332534107e-02
8.046314410452128085e-02
3.453137903974641543e-02
4.963795216210092204e-02
7.605329542905460427e-02
3.325658005516954341e-02
4.630295054767650381e-02
3.325371598735516604e-02
4.995549943237422019e-02
5.280409124846303232e-02
4.301205291725423985e-02
6.415800808047479598e-02
6.973542533299793844e-02
4.774408436048608456e-02
4.843187055671260843e-02
3.833575746624728886e-02
3.270657004857797923e-02
7.880476914150129353e-02
4.946507833932935194e-02
3.118675581615317632e-02
1.511710391688521060e-01
1.414272763194034666e-01
7.017513573404517147e-02
3.752468250048849457e-02
5.277012758527773600e-02
4.861407311146218740e-02
4.294872761311959580e-02
4.275366102966303428e-02
1.703476498213890578e-02
7.071821917611011143e-02
6.140983908585914697e-02
4.070750940911455062e-02
9.352413437590552381e-02
2.515755522941382633e-02
3.718198297210251885e-02
3.531220226395317963e-02
4.071038300972368990e-02
4.006752816371197262e-02
8.672968456403516713e-02
6.680421017720732102e-02
4.835438051785524716e-02
2.376435739893787563e-02
2.452130809920991319e-02
7.907731797756840930e-02
9.310003119354359757e-02
4.058258091236446874e-02
2.948182056515324945e-02
8.925319979437996987e-02
3.863997014829076426e-02
8.545462608206057242e-02
1.032830621813137090e-01
7.574804360997806907e-02
8.724266941729082181e-02
2.701232809549186306e-02
1.096704017148655563e-01
9.027629415522804568e-02
1.036777024350937493e-01
5.530273380860312171e-02
1.452474677269492975e-01
1.197736738574955856e-01
6.086961472973043130e-02
6.572441982301308050e-02
5.854413902628104183e-02
5.561834275414408169e-02
9.306962944059608833e-02
1.281191574286412449e-01
2.028959699426121088e-01
9.386664852189008368e-02
8.874927655404479809e-02
1.395067830389695729e-01
1.475150344910988454e-01
1.695732715013803238e-01
1.860766383356054210e-01
1.116249467766636527e-01
1.191231891268628718e-01
8.160013558572852543e-02
1.832625609161325220e-01
1.830780674701504018e-01
1.697273115170988556e-01
1.277068955041309462e-01
2.065924773603091402e-01
1.181448505850750119e-01
9.930747457206218209e-02
1.007679468367267128e-01
5.586130910456557630e-02
6.470245615939075601e-02
9.052253684333948225e-02
8.649465472283932033e-02
1.397079815442699158e-01
1.546363372905804334e-01
7.404668271040168448e-02
1.575362582993311278e-01
1.749029504768186971e-01
1.069307891062801913e-01
1.206195862256790180e-01
1.567080576741807230e-01
2.857343311463725333e-01
2.277423025990460981e-01
2.330560623777348794e-01
2.544673924626575379e-01
2.277304461524758683e-01
3.523972757109290477e-01
1.543041246370828734e-01
1.795830027748078206e-01
1.251948167424039582e-01
1.083020236997454533e-01
1.956276135233173674e-01
2.114113376998730531e-01
1.911579993910444697e-01
1.979609940840886539e-01
9.376497389255972204e-02
3.105791055537191481e-01
2.944599475445565107e-01
2.700294104377078397e-01
2.639572411602323920e-01
2.673080835068684102e-01
3.789239005038596009e-01
3.405268288010114275e-01
2.724114639568354090e-01
2.806432555200870094e-01
2.602097046646109635e-01
2.804357008438306820e-01
2.877764071775599786e-01
3.403920271069746373e-01
3.294504375805343832e-01
4.080535494593891532e-01
3.406057445974357001e-01
3.304011788465394117e-01
3.163093900368998956e-01
4.050192022396153502e-01
3.568013315428842369e-01
2.769742246701656363e-01
2.755328084347278828e-01
3.497275787773472810e-01
3.237286959579668832e-01
3.475739953813179461e-01
3.995766336462328594e-01
4.301107784422457669e-01
4.214832503374383865e-01
4.302911968707927581e-01
3.639529516988868063e-01
3.104972462985978177e-01
4.067765786648274151e-01
4.311372829367489112e-01
4.411126890332500161e-01
4.585744605374836858e-01
4.516457455956991440e-01
4.632281702733519468e-01
4.202964616245223328e-01
4.482911738551909053e-01
4.365105590971006810e-01
4.229610031949285198e-01
4.648757313195974183e-01
4.532736216490014236e-01
4.589379748335834508e-01
4.675861202179255605e-01
4.671434153016769675e-01
4.628436255102750807e-01
4.462452418911608820e-01
4.458561666882873142e-01
2.987157989308876216e-01
2.052173244487788262e-01
3.436782715031866942e-01
3.956385577342848014e-01
3.918798687069293130e-01
3.893227331800805380e-01
4.388457669341439549e-01
4.476561133096831346e-01
4.540929339159135436e-01
4.378176151501176894e-01
4.208715624285503942e-01
4.178709156536002389e-01
4.465992727304164411e-01
4.435192166524968838e-01
4.187309032577699597e-01
4.058601152463927608e-01
4.582887357905913173e-01
4.608115744692556359e-01
4.443133726213681078e-01
4.375172869050512059e-01
4.175716553053400171e-01
4.102018921009767949e-01
4.393939405651686725e-01
4.431046407852322067e-01
4.374753768705564316e-01
4.340096857778266703e-01
4.231008352956896479e-01
3.259205450708626550e-01
4.097961372561790272e-01
4.242071795147695501e-01
4.343224949473749041e-01
4.272408991704401693e-01
4.536830903982703722e-01
3.697350049096532199e-01
2.702825875495456498e-01
3.911192223931699297e-01
4.377530522953116399e-01
3.659318826065204311e-01
3.802358623042571550e-01
3.737266620343730472e-01
3.569263299315220128e-01
4.588394563875420884e-01
4.324484590361489800e-01
3.948736407831175410e-01
3.857120218389042954e-01
4.500543264847417513e-01
3.537522572873290638e-01
4.247874966322537915e-01
3.796210094823166403e-01
4.479228298391312868e-01
4.226798241747825591e-01
4.448566994863606405e-01
4.240037307790869292e-01
4.421216587481067162e-01
4.277605628994602394e-01
2.758241008524784377e-01
3.321172145206682802e-01
3.097341748651519788e-01
3.578394905678478066e-01
4.472334146768531804e-01
3.453851759277049016e-01
4.241208096449745613e-01
4.320180022427854150e-01
4.221625589946640944e-01
4.206504828920878958e-01
4.335129533900934917e-01
4.151890908746688202e-01
3.573005602782636791e-01
3.814436938491985729e-01
4.001292975942455366e-01
4.597108726164465531e-01
3.596334316746017667e-01
4.005800495830367791e-01
4.391957625621696337e-01
3.500414608745932576e-01
3.279837772792830175e-01
2.592644642584377990e-01
1.264275529952208765e-01
3.532146542733614059e-01
3.980012716073233481e-01
4.244747496916982388e-01
3.519174077274248025e-01
3.837631840260208316e-01
4.430820421668724141e-01
3.991561595814678287e-01
4.024251751384413933e-01
4.300747916277646299e-01
3.657633521335999505e-01
3.912169583840954257e-01
2.884139585228973623e-01
4.267126536780790347e-01
4.236499082062900601e-01
4.039421520054894965e-01
3.682626444604630289e-01
3.723462979817330765e-01
4.396207240370684222e-01
4.174527420389652077e-01
3.971122310454083815e-01
3.637942548197315995e-01
3.163119178779796870e-01
3.861853633433565691e-01
4.032027094695642133e-01
4.374428669798386404e-01
4.456299344538693363e-01
4.121804769275139724e-01
4.043452419354370830e-01
4.226091965788513760e-01
4.300980816394299744e-01
4.380051817229952404e-01
4.364150988510595019e-01
4.452677168845757261e-01
4.223399745620114998e-01
4.548082211129000907e-01
3.975193626076060083e-01
4.016238960787313905e-01
4.410350428675915979e-01
4.266078110633544918e-01
4.234152720757204391e-01
4.296129333512564985e-01
4.530351637066097892e-01
4.453155659547808343e-01
4.325713423425379678e-01
4.369543944500703936e-01
3.490064995650669633e-01
3.519768161688566210e-01
3.973688881374217718e-01
3.907794731153597101e-01
3.884613764528846436e-01
3.386812345094621923e-01
4.484542386625252619e-01
4.246827593446286797e-01
4.080681408066358928e-01
4.543193871567892117e-01
4.483180157504516039e-01
4.004086058932259662e-01
4.452601237288151825e-01
4.468304672508831010e-01
4.393666455606519139e-01
4.603285950935881998e-01
4.498843776338148359e-01
4.609385122400183055e-01
4.566979421526337068e-01
4.274271243724237501e-01
4.435313669530875358e-01
4.528782624666171652e-01
3.865241551861512970e-01
4.432572390800729734e-01
4.512702901488207519e-01
4.478051011882349108e-01
4.532276290582341050e-01
4.325193465959478734e-01
4.214812092723441150e-01
4.535014266772919300e-01
4.572568776339825392e-01
4.337522993518415637e-01
4.319815337695289137e-01
3.650017523236037120e-01
4.196889504831841089e-01
4.468469492650491981e-01
4.501610472761164439e-01
4.484621755701558854e-01
4.569842396080994740e-01
4.381400067453713465e-01
4.125397847793049744e-01
4.581651336752978199e-01
4.587721700328012964e-01
4.380006117518132625e-01
4.537364870118714144e-01
4.486906947997663098e-01
4.394518055137767720e-01
4.489945868049120548e-01
4.461844910204530446e-01
4.441421822967300814e-01
4.332605043046675597e-01
4.421351415301918442e-01
4.514881276832213297e-01
4.525016460311881428e-01
4.613713935355531204e-01
4.515519809435411536e-01
4.566481991977107691e-01
4.614543709778016756e-01
4.532420562745991810e-01
4.549372206341770752e-01
4.582027941369913315e-01
4.542799244904345835e-01
4.562775751109097722e-01
4.576748698654362624e-01
4.551577084115093763e-01
4.498253592492565400e-01
4.568722336273767226e-01
4.559825131838022294e-01
4.493742482509045510e-01
4.534604386526068787e-01
4.564521149663431920e-01
4.551765762987823871e-01
4.537761308256318404e-01
4.548978657058341812e-01
4.554176776627299472e-01
4.522295480522415256e-01
4.512875463321741609e-01
4.457348193845958595e-01
4.378589002111202277e-01
4.458514667940200460e-01
4.483927776503950913e-01
4.509724695621492585e-01
4.468496061188875768e-01
4.512707932892791596e-01
4.499373880483312216e-01
4.516869325458112150e-01
4.530376982590231250e-01
4.499081121476692924e-01
4.542084763166573391e-01
4.472581153714031976e-01
4.495179760908628031e-01
4.525659873989663073e-01
4.437995708078589230e-01
4.496193106118978045e-01
4.530042618381385777e-01
4.406401553496427925e-01
4.459308749020030604e-01
4.440687959141832453e-01
4.449595348095294889e-01
4.478423657630067334e-01
4.458103906201658084e-01
4.427872422834201460e-01
4.447407846819774746e-01
4.422210314713146406e-01
4.205565891641288578e-01
4.408139326715371786e-01
4.449448903526034282e-01
4.519076219106584191e-01
4.444270549385411773e-01
4.490784288077571684e-01
4.372842073067611524e-01
4.080860499673292785e-01
4.472190430592305477e-01
4.499643526111600234e-01
4.424017514549434260e-01
4.507162235889750623e-01
4.431467087838375507e-01
4.268884113894466648e-01
4.400890884724232288e-01
4.434552193447859336e-01
4.444035755414205147e-01
4.458123960772948369e-01
4.273759779674965453e-01
4.309269095681954598e-01
4.341581499577057968e-01
4.257228724463203440e-01
4.426500392473499135e-01
4.399032031504864770e-01
4.485920794711176218e-01
4.439404314026980103e-01
4.487137149531755798e-01
4.423724425327307808e-01
4.002146038071969780e-01
4.332831403193395103e-01
4.255076499396432399e-01
4.367149720729626705e-01
4.396617516664458325e-01
4.229479912318949153e-01
4.439159349736254701e-01
4.394240179430831117e-01
4.359053331603706671e-01
4.279960952370875371e-01
4.391007322454260065e-01
4.328898163576758717e-01
4.345340243796455004e-01
4.276218706871155462e-01
4.416083364572679359e-01
4.482928152412813394e-01
4.260903619401580911e-01
4.373305152680884156e-01
4.331752541393095179e-01
4.276023474046939388e-01
4.212449623715525671e-01
3.881529310939820232e-01
2.860869418095464134e-01
4.248161550712986623e-01
4.337451515540240998e-01
4.283084063771275263e-01
4.037567536528905432e-01
4.237730475026054711e-01
4.206754326871408045e-01
4.249523724904420430e-01
4.206244373781791723e-01
4.260373743590464835e-01
4.300354325687084645e-01
4.349410621828865842e-01
3.829087461143828031e-01
4.212860797122876533e-01
4.207158479617325586e-01
4.267861096315724301e-01
4.042634472104459364e-01
3.940897588115641059e-01
4.022303525205661034e-01
4.300644007160294158e-01
4.294562814962237796e-01
4.289588994317607429e-01
3.970768727556100997e-01
4.255826971525929481e-01
4.140893419939931652e-01
4.311739867047676422e-01
4.333292654817790801e-01
4.165072733845543995e-01
3.931691966220400847e-01
4.120330885520831488e-01
4.373556145559929220e-01
4.372892312434966122e-01
4.286549282919334680e-01
4.276821087794263621e-01
4.303469432289359076e-01
4.312188367253685928e-01
4.352372911058299820e-01
4.105169925118267171e-01
4.286648139976748650e-01
4.211784883483389863e-01
4.275818000817100950e-01
4.230359591935862196e-01
4.257319753958578312e-01
4.342137572977991522e-01
4.370262427221431323e-01
4.328031657768215412e-01
3.976775848187946161e-01
4.259650378605492338e-01
4.364110045099292567e-01
4.324528193357199957e-01
4.292114683503209238e-01
4.028478750616992787e-01
4.368241195405843103e-01
4.331660299047629947e-01
4.253574259988577300e-01
4.296351436392710776e-01
4.346821360689108182e-01
4.080146781716657012e-01
4.274699395331102436e-01
4.206185665519719397e-01
4.297924119081700245e-01
4.344237201901011147e-01
4.341874178729888123e-01
4.300204395058420670e-01
4.327054566348939035e-01
4.351552689447166777e-01
4.261986099318967880e-01
4.296852388213894813e-01
3.952704471562869526e-01
4.250486019964421214e-01
4.314086500592933526e-01
4.273894879952946924e-01
4.204943368688701111e-01
4.130176942924194128e-01
4.059654390997485818e-01
4.218881758875575594e-01
4.269955743346456889e-01
4.232308882378918446e-01
4.210640296925543535e-01
4.214111585139994065e-01
4.203132279638036040e-01
4.183874885488093054e-01
4.152522244888220970e-01
4.215043964046199521e-01
4.306146945756790800e-01
4.303462462751412310e-01
4.141815333132349286e-01
4.276292360288920236e-01
4.211931851597017773e-01
4.093422692627998183e-01
4.295837026651875279e-01
4.281803282940948585e-01
4.187639396598194508e-01
4.237135826688449014e-01
4.130148735317246689e-01
4.126285633908913231e-01
4.051482685130403660e-01
4.245632093699255871e-01
4.228418419691611918e-01
4.214363145642035513e-01
4.236411694527198457e-01
4.219037483201092398e-01
4.231893067029106059e-01
4.222980510442622681e-01
4.190538470715762243e-01
4.226942865868524857e-01
4.260390871794940137e-01
4.213491329813176534e-01
4.212143365632915470e-01
4.224785437489005924e-01
4.179896242835360876e-01
4.136940697123293043e-01
4.215707590815016004e-01
4.203709234868358013e-01
4.155082323746449036e-01
4.170758475332678739e-01
4.198849249771889336e-01
4.182691232598432785e-01
4.167390826550137484e-01
4.160542614516785642e-01
4.170576634423622808e-01
4.169924983009606900e-01
4.176005315491066461e-01
4.125881242665911941e-01
4.084521868693358204e-01
4.123679275133720346e-01
4.125659048359510694e-01
4.165874123177749078e-01
4.127958815123638492e-01
4.135941125429408172e-01
4.129752026589959546e-01
4.124210810724160958e-01
4.126944275829736997e-01
4.142856495667208705e-01
4.172996646137884236e-01
4.090881288104761260e-01
4.123177982053916613e-01
4.165996055046992108e-01
4.091677446707001620e-01
4.107495552344821443e-01
4.140785827557961207e-01
4.048543188593206610e-01
4.067895917250942683e-01
4.066415541995297422e-01
4.118536818671466593e-01
4.087997168043733809e-01
4.058762518263512309e-01
4.042310879091258191e-01
4.053467904033105640e-01
4.090686593718828590e-01
3.898294647696747273e-01
4.024134263114021448e-01
4.066891357169448162e-01
4.150368935080666066e-01
4.063946685737300224e-01
4.101199362588478503e-01
4.119027301912680517e-01
3.879097369385091643e-01
4.087015548965949874e-01
4.110431080497080614e-01
4.066402533597012758e-01
4.112836447669956930e-01
4.069280765000684585e-01
3.923900020728072202e-01
3.961913498994705796e-01
4.041128559188008618e-01
4.103072710038588311e-01
4.157799165334646885e-01
3.920415661345358904e-01
3.926260137648159287e-01
3.935031480518261238e-01
3.928226808309398521e-01
3.973733453038471031e-01
3.997289836346942793e-01
4.046703943573773943e-01
4.087818335795220803e-01
4.088254995585179352e-01
4.017628785254366841e-01
3.779339013055363350e-01
4.108935962262255104e-01
4.030592099340389867e-01
4.140574814685563654e-01
3.971930965153283588e-01
3.885893121461974631e-01
4.027420561930324938e-01
3.980372699005868542e-01
3.977984416727695094e-01
3.888212427806293503e-01
3.986208922182500891e-01
3.930030997947894233e-01
4.079985455497438518e-01
3.951014252266191740e-01
3.995586068187670925e-01
4.037586206045015724e-01
3.980391626290913365e-01
3.965728378144394162e-01
4.047046312653079791e-01
3.953598560923684557e-01
3.929664125690423560e-01
3.951219211220744487e-01
3.222990969144350903e-01
3.891904164180957637e-01
3.939713736343964934e-01
3.873493430820645345e-01
3.718900022340920763e-01
3.814241761717024892e-01
3.813936976689072944e-01
3.831864141918037148e-01
3.833283383591946647e-01
3.862865431662179660e-01
3.979178262929472520e-01
3.943228561763177376e-01
3.647354142257648313e-01
3.799793585363052673e-01
3.793398734008607276e-01
3.908533046550272116e-01
3.717981485218518345e-01
3.591755140736797580e-01
3.600831856053119395e-01
3.844786960226105887e-01
3.911252277649132081e-01
3.892253110007526939e-01
3.656482428279049235e-01
3.872146594917096896e-01
3.719719431153720168e-01
3.877281952753178218e-01
3.896945837074932140e-01
3.730715009159764617e-01
3.562446204178954523e-01
3.655825383290227659e-01
3.904851606553817467e-01
3.964163106738171627e-01
3.827154405886034061e-01
3.814632363859284947e-01
3.812919230411954130e-01
3.911443459886293494e-01
3.947950569716622837e-01
3.742428301732257934e-01
3.786432159282633325e-01
3.782836940136568571e-01
3.801339363137171135e-01
3.785990241456460015e-01
3.767682607231788716e-01
3.858693974960665796e-01
3.917602635622497442e-01
3.855963134960261884e-01
3.594308282006326571e-01
3.989749215959110806e-01
3.973816769639089141e-01
3.899599378243809311e-01
3.974376820905706209e-01
3.752111392147187696e-01
3.906931995433875482e-01
3.890479899246996331e-01
3.825091376656696851e-01
3.823797742132821198e-01
3.900452551228171805e-01
3.691929323811789510e-01
3.801769256110261175e-01
3.727873735870861349e-01
3.828468287972179862e-01
3.841489682511977088e-01
3.866178423151472865e-01
3.797543425077778423e-01
3.834232444518511640e-01
3.949630054613435526e-01
3.812169853279932519e-01
3.841088870523630128e-01
3.559490755088196012e-01
3.775729118211918478e-01
3.837482322603942841e-01
3.811981337689503424e-01
3.716545389724887904e-01
3.669335487683930697e-01
3.624711539650382064e-01
3.718235542079145195e-01
3.746102939147866739e-01
3.746688584581962522e-01
3.748812549004972294e-01
3.897681837015803952e-01
3.753550752448523986e-01
3.699495512310334022e-01
3.648991826995540144e-01
3.711214923014863887e-01
3.800861709798059040e-01
3.837598328227255218e-01
3.707665798195672879e-01
3.774744423555265738e-01
3.704052829745106967e-01
3.607970196647354855e-01
3.804378674696741180e-01
3.787155503268511691e-01
3.704335793015752221e-01
3.753087996252614245e-01
3.647922552393325080e-01
3.630457776676624948e-01
3.568075616156710650e-01
3.752791448111605921e-01
3.715761811359065137e-01
3.706602467596311068e-01
3.711722608556558556e-01
3.718703652192696940e-01
3.726156591954775110e-01
3.691580966953650900e-01
3.675596682258291392e-01
3.710906932431949912e-01
3.745208659294727571e-01
3.704541860082810056e-01
3.700761972102128428e-01
3.712619406423415813e-01
3.668421647752596049e-01
3.628933473377676799e-01
3.698182387502843005e-01
3.686065368623568372e-01
3.646200784852490773e-01
3.657271384922362589e-01
3.678934906221024703e-01
3.665068431716465569e-01
3.652411710860116734e-01
3.641780085558379287e-01
3.646931118912130620e-01
3.651633943881870681e-01
3.660393807623979479e-01
3.623566304436582342e-01
3.586354832126633085e-01
