9.942953236025188213e-01
6.894571409684642216e-01
6.879182390402834857e-01
6.078864847683030925e-01
4.565514726900494757e-01
4.491784352122871748e-01
5.676753964525967922e-01
2.271727345731101300e-01
8.651676079510174644e-02
2.425504036382571116e-01
2.890257373974637334e-01
1.780828394732684172e-01
2.679511865795253800e-01
1.688636435806086245e-01
1.185821375345350176e-01
3.366269105612733625e-01
2.132522078831497747e-01
5.342458680242896663e-02
1.601609878773689044e-01
1.703953271031101169e-01
2.494511647969709089e-01
1.535412403560441064e-01
2.197914691171198864e-01
1.051539413941344758e-01
1.451517787943977789e-01
2.068645947242521987e-01
8.472786277168986580e-02
1.779874418836487060e-01
1.002754980333144669e-01
2.547182178083276516e-01
1.655179563600511217e-01
7.774335673440907479e-02
1.499878409542940438e-01
1.260117876453027974e-01
2.022479367817456020e-01
2.676460636119011305e-01
2.924041474793842021e-01
1.280905021856891257e-01
9.311214948119694856e-02
2.017279606287887550e-01
2.704177739783563683e-01
1.539618426331207102e-01
1.738622269679278298e-01
1.035486179534044066e-01
4.400223370677699974e-02
1.714697452682656942e-01
2.706221738943370703e-01
2.850458320519007049e-01
2.243253581936671681e-01
1.552434997537412709e-01
3.388182291067168839e-01
3.165113881788950145e-01
3.164636251070767070e-01
2.804860022686383458e-01
1.208096733726628652e-01
2.321962376081467827e-01
1.657610070000526126e-01
2.943225538107870909e-01
3.741150786656010641e-01
1.159369458021809601e-01
3.605743130901937210e-01
3.794295291386785562e-01
3.738787624740681492e-01
3.390245692979225178e-01
3.713365687393259118e-01
3.363800121621010608e-01
2.299505165332308421e-01
3.207459358696394536e-01
2.621606446267465973e-01
3.826690949310737055e-01
2.859980323854883766e-01
2.955012980946855050e-01
1.708743153137966264e-01
3.050407906291515148e-01
2.960653928812583269e-01
2.335683050534733962e-01
3.328533594999956435e-02
3.525651358553075210e-01
3.839415926633012455e-01
2.948733451812116657e-01
1.619018957732749064e-01
2.894551709659650141e-01
3.253823519995736602e-01
2.744848304383286641e-01
3.638515131050099605e-01
3.881842959356202605e-01
2.913145219008399511e-01
4.086614876186100420e-01
1.017790828560721506e-01
2.677806203202778845e-01
3.312353441368852125e-01
3.786649747313982073e-01
1.418378039478725705e-01
1.444961593446972559e-01
3.647511500869660694e-01
4.117141257072121086e-01
4.168157765766838385e-01
3.506366300685012649e-01
2.033737620793129863e-01
3.805342672523460146e-01
2.713148746213777107e-01
3.932158780852683666e-01
3.789394384384427439e-01
2.114939988549051630e-01
2.120299581603734551e-01
4.064027618690302379e-01
4.434539543969187592e-01
3.813370628806687090e-01
3.302337266945352678e-01
3.665378406856319993e-01
3.494674535785470271e-01
2.938118400702564026e-01
4.085286138004862178e-01
2.550880997566021824e-01
3.078637110328292237e-01
2.774414539189507534e-01
3.303914621588124323e-01
3.203322159923028267e-01
3.233637763095291162e-01
3.882291959909375811e-01
3.973006170230152234e-01
3.621246643563802992e-01
2.492765601075043191e-01
2.786389113673652940e-01
4.091203069088788502e-01
3.590019888871840426e-01
3.413900814976402742e-01
2.694639390453031358e-01
3.586157124699538290e-01
3.200633477034928731e-01
3.015835126710658121e-01
3.053382799186507568e-01
3.392165467906205212e-01
2.176261330354201662e-01
3.006987969627629154e-01
2.585341181564058122e-01
3.196335878016536292e-01
3.152657713573134846e-01
3.226331425770354588e-01
2.897186681194693358e-01
3.163679095644184036e-01
3.587484590327377210e-01
2.790281732002575787e-01
2.831156508040663100e-01
1.724305890011418041e-01
2.825756950086593111e-01
3.018141252611554748e-01
2.818448863045555086e-01
2.298966357714962716e-01
2.269223122598255094e-01
2.126314878196288172e-01
2.513565049070144997e-01
2.570393196113024414e-01
2.680378369920513593e-01
2.817409683715880186e-01
2.836375671576279456e-01
2.505727715600518657e-01
2.215143211794899092e-01
2.140117833748716447e-01
2.467912280843615469e-01
2.701370372651507035e-01
2.749604472295230639e-01
2.358812478986839489e-01
2.500571371108155638e-01
2.224968215086181866e-01
1.995802764300803334e-01
2.641912762759285882e-01
2.565113303324940142e-01
2.215243624944077949e-01
2.401251624892092595e-01
2.004043239023144962e-01
1.992284470229685744e-01
1.884952370774939379e-01
2.421608300239729561e-01
2.243483444815365935e-01
2.215166510985010495e-01
2.235170120304477148e-01
2.259290762770716221e-01
2.233929065461085772e-01
2.066081213684148599e-01
2.076331939501806501e-01
2.174627355499718362e-01
2.246026599262843093e-01
2.131050233227779478e-01
2.104436626171741764e-01
2.106358018145024213e-01
1.973116237962478647e-01
1.890486222311120179e-01
2.067867601999606453e-01
2.013089149335871575e-01
1.899615769263224840e-01
1.938361656007702438e-01
1.969898844839493568e-01
1.916194580951656734e-01
1.883299305611287333e-01
1.856916151344547850e-01
1.854600175806002116e-01
1.868096750826410413e-01
1.874800999605617247e-01
1.789867789375927665e-01
1.709316951343475832e-01
1.761638434138603493e-01
1.759855264460646884e-01
1.788561580666313544e-01
1.755971880097412785e-01
1.744102015636743441e-01
1.729242723179501562e-01
1.683058255985186713e-01
1.675342249902447289e-01
1.727350809637643592e-01
1.732370302861192257e-01
1.596563662657318194e-01
1.673124415220510197e-01
1.713294895176071808e-01
1.610591813596296829e-01
1.606036113692717593e-01
1.643849575461514834e-01
1.518030590820260706e-01
1.508394077775380426e-01
1.524794375634795085e-01
1.612212257788883940e-01
1.521570519473381955e-01
1.460642393101209968e-01
1.474185388638072081e-01
1.461417160177999885e-01
1.505128989288812003e-01
1.266049894074956772e-01
1.421368581164731970e-01
1.470370185710291877e-01
1.564599684832106430e-01
1.437563872694596623e-01
1.488683421398080409e-01
1.481261174263823754e-01
1.237151799596498541e-01
1.426305984309647057e-01
1.466947111775152857e-01
1.393475422586287482e-01
1.441432891864279642e-01
1.361309041431832678e-01
1.229895790242249987e-01
1.227876591739867074e-01
1.354472218928856608e-01
1.410314706045505406e-01
1.496423232611429066e-01
1.195556694137135390e-01
1.194092726253239700e-01
1.190267160143601566e-01
1.209608646273708232e-01
1.188581178964436685e-01
1.231272780616782525e-01
1.270294413574050707e-01
1.348280710691005246e-01
1.296023871525277815e-01
1.203819435031311391e-01
1.060746731808569487e-01
1.363526212970772866e-01
1.280453813000198560e-01
1.368565618786151961e-01
1.136395455195352983e-01
1.106676111691720227e-01
1.197801335148737517e-01
1.138234036103937669e-01
1.142786705861506685e-01
1.065332983640890352e-01
1.143250583601865961e-01
1.095734023289511583e-01
1.227728784915507049e-01
1.109631491970274886e-01
1.117986204477075390e-01
1.133292982947086275e-01
1.136882612668812104e-01
1.076218800389118074e-01
1.170364953733848135e-01
1.083495620552282213e-01
1.070964749732416788e-01
1.099937035330471047e-01
7.660932526530889186e-02
1.020215236591550528e-01
1.032947828195838330e-01
9.711210283144143529e-02
9.054708563369284757e-02
9.433762348798058195e-02
9.378054938545496433e-02
9.348082945668390042e-02
9.454599899411829378e-02
9.691946507747042916e-02
1.027797209743658430e-01
9.771860452951557086e-02
8.542015150636145249e-02
8.974367661629235882e-02
8.997537957397983011e-02
9.669892853512414288e-02
8.555233680053075940e-02
7.828436220101173126e-02
7.974667756590668455e-02
9.012513294929500041e-02
9.466699629460262333e-02
9.076190031193538676e-02
8.112248599314401953e-02
9.025089020036639043e-02
8.156694720260895815e-02
9.022235105235683339e-02
8.936251013611133664e-02
8.053389426814357155e-02
7.397828933951514085e-02
7.881083176549290303e-02
8.782670433269934573e-02
9.155417085461693694e-02
8.243887445811300119e-02
8.301032233598590326e-02
8.144878528621288249e-02
8.763123071905340455e-02
8.806134950879188072e-02
7.952859037341084014e-02
7.882887298323106029e-02
7.901561221880044894e-02
7.902541918987576741e-02
7.848228105925798836e-02
7.692355234284493914e-02
8.122260331821273827e-02
8.275112797336574288e-02
7.930497863343578813e-02
6.991560045921975386e-02
8.837052332617668926e-02
8.408534406013665197e-02
8.104583880301799437e-02
8.411474329239028436e-02
7.629593454155617072e-02
7.938348164369996018e-02
7.763321350206855986e-02
7.601147361604239372e-02
7.509194647271037748e-02
7.813631015677269254e-02
7.061538303695899521e-02
7.345692019797256389e-02
7.027374804127840824e-02
7.407777601526824296e-02
7.309159637984075086e-02
7.389979891201960138e-02
7.079394513048127557e-02
7.239832044176724990e-02
7.817822927592095461e-02
7.125500474902593528e-02
7.184284879885925734e-02
6.307335489825965924e-02
6.954806698536133980e-02
7.084998603134379236e-02
6.994893624099821072e-02
6.597677908070428976e-02
6.513452619532139609e-02
6.399363100758223566e-02
6.541004839494192480e-02
6.512573223980967774e-02
6.556100520676769183e-02
6.621920607450222651e-02
7.182972012214483559e-02
6.549982427318612466e-02
6.319128939866978933e-02
6.150687583332255237e-02
6.305240244027542074e-02
6.535280600410230123e-02
6.618175030975384510e-02
6.308248224475557220e-02
6.362830478703347670e-02
6.152508520266808389e-02
5.903368965375762473e-02
6.413017522553131344e-02
6.278306359216563604e-02
6.068437031912578966e-02
6.190125436911088352e-02
5.896144770194682028e-02
5.818158899293045250e-02
5.664603359105292030e-02
6.083755108812269330e-02
5.908449963560354762e-02
5.881251434448077353e-02
5.867083568335031141e-02
5.893097984198143041e-02
5.883118700302684273e-02
5.715492324874933694e-02
5.698451606280341419e-02
5.737265316996213727e-02
5.808422412326570694e-02
5.703344344682959033e-02
5.672788572999388351e-02
5.682314025010425790e-02
5.556156559555917168e-02
5.460693872996736503e-02
5.582809685998028904e-02
5.520420879258242791e-02
5.419290509528992827e-02
5.425828741070245348e-02
5.438049936656012828e-02
5.389105128280619744e-02
5.349660188199284461e-02
5.313180992487209764e-02
5.281738713030782045e-02
5.275351486620668412e-02
5.265480764058811519e-02
5.214868126868748427e-02
5.148720288471814871e-02
5.145814794172501316e-02
5.121822965734491862e-02
5.127153819188449285e-02
5.096973834582489010e-02
5.074794987010099873e-02
5.053932372614281660e-02
4.996629190735484005e-02
4.966852253902780817e-02
5.003765452107353240e-02
4.996719772591914216e-02
4.861340050875877228e-02
4.914915406699497946e-02
4.948404083860481056e-02
4.855379513290761229e-02
4.834097467736984954e-02
4.857051131131917554e-02
4.735022769083038069e-02
4.698952568531419155e-02
4.696709000429761388e-02
4.769403001107853923e-02
4.688080041468235121e-02
4.617551729368783026e-02
4.609861203873205637e-02
4.584801431254456605e-02
4.625236465586500534e-02
4.365874543617948716e-02
4.486399795302050547e-02
4.520413442430842865e-02
4.617350311812705443e-02
4.490288183836334962e-02
4.537818268077956768e-02
4.534541061823831043e-02
4.261187611232483685e-02
4.420264335258854149e-02
4.464220807657192508e-02
4.390152492798810036e-02
4.458690833786810997e-02
4.345531668356851507e-02
4.201569141268558794e-02
4.166853005457783754e-02
4.273811357548606277e-02
4.337417580152056612e-02
4.463723040791034435e-02
4.126968196822130425e-02
4.103070961503094832e-02
4.079694839652587418e-02
4.089268510656521999e-02
4.045433306825947650e-02
4.075894140047233577e-02
4.105066476725813263e-02
4.196246891312746530e-02
4.141534853728228577e-02
4.035071187295646844e-02
3.851770130670043729e-02
4.169343681183389216e-02
4.081459410331726018e-02
4.196023045891992403e-02
3.930423399567863768e-02
3.882803175924451344e-02
3.970004326532354522e-02
3.897951674005267764e-02
3.894910882319315565e-02
3.790515084849561261e-02
3.866819668291699569e-02
3.798199215176651516e-02
3.959548834590508742e-02
3.814851311165139841e-02
3.817748461265535465e-02
3.831439134862864998e-02
3.825325433835021632e-02
3.745397431516096082e-02
3.882258509289256143e-02
3.745897287255213481e-02
3.739875691552942832e-02
3.764466923664192693e-02
3.345996777647751441e-02
3.625747333499420438e-02
3.646093517458065536e-02
3.565829960983545044e-02
3.473455646010008280e-02
3.507696270192844218e-02
3.496390677609249181e-02
3.482208341098352172e-02
3.482732300424903199e-02
3.502249702450275365e-02
3.588121552569245587e-02
3.521841119838163559e-02
3.360856490873198599e-02
3.398011684764784546e-02
3.390895690762928821e-02
3.479742613735448131e-02
3.336375119596330513e-02
3.218444611553081258e-02
3.207516657314701813e-02
3.336774903033579154e-02
3.406232586994720202e-02
3.358320886303555602e-02
3.218885940779254301e-02
3.331381785430368586e-02
3.205327974526912121e-02
3.320579175420354523e-02
3.309575598200511365e-02
3.187262398161271743e-02
3.076748434282088052e-02
3.121649734216324495e-02
3.235014480377272628e-02
3.300986559761436706e-02
3.173728439594575984e-02
3.170489314687724436e-02
3.139136669151944975e-02
3.236211159641484009e-02
3.236092217182071074e-02
3.115956971410738588e-02
3.093291956441931653e-02
3.088298745473276943e-02
3.081999932566810776e-02
3.066900304458060680e-02
3.034734740660871566e-02
3.089982602394016412e-02
3.111641233963275896e-02
3.059146900183338028e-02
2.899959385768732106e-02
3.177026520903302592e-02
3.109516034068189258e-02
3.069629175463913298e-02
3.120917665711287273e-02
2.996649532168690205e-02
3.033166965617323588e-02
3.007605698825762189e-02
2.977918368143052733e-02
2.957211640375227713e-02
3.004377840589830470e-02
2.884880847123989095e-02
2.918468046921110504e-02
2.863159017395585162e-02
2.915033468964387323e-02
2.896057821611295810e-02
2.906704268924296605e-02
2.851119543615383833e-02
2.870109855730933884e-02
2.963529889170845449e-02
2.856037342052690151e-02
2.865045174580166040e-02
2.712586762413805516e-02
2.808809948917891097e-02
2.828257149984003335e-02
2.814882615952804881e-02
2.746305171900532624e-02
2.725666372999095005e-02
2.701591856627394775e-02
2.716962389396363961e-02
2.705949410038666764e-02
2.707621750430970475e-02
2.711941007836110931e-02
2.813988016101038811e-02
2.707479879689278501e-02
2.663616726458006845e-02
2.626014276249503954e-02
2.644296893408694740e-02
2.681674313496904341e-02
2.696829761056121141e-02
2.641156265147173027e-02
2.646618290594703743e-02
2.608211948238937580e-02
2.556915743551474440e-02
2.642288074372460896e-02
2.615690051495628971e-02
2.578226542263982804e-02
2.596802906283409221e-02
2.543135727141360505e-02
2.524172993841410431e-02
2.489241779214396502e-02
2.560433216858569103e-02
2.526660377671956573e-02
2.518811788941553026e-02
2.512078690791268512e-02
2.514398314218780836e-02
2.511448675193031499e-02
2.477677594744133460e-02
2.470276145901206116e-02
2.472427394643840828e-02
2.484232292943465079e-02
2.462399064117199929e-02
2.454114533353559877e-02
2.454757750711812278e-02
2.428631160498385955e-02
2.406774060629499057e-02
2.426174670301346412e-02
2.411848598621040701e-02
2.389965155659323076e-02
2.387323477436796224e-02
2.386976931323836482e-02
2.375588403279369626e-02
2.365518227879555638e-02
2.356071595644492964e-02
2.346187354777354989e-02
2.341673428221302533e-02
2.336503952817302679e-02
2.326527416748448013e-02
2.312621497185367650e-02
2.307317857539059949e-02
2.299211127450489014e-02
2.297006642849028918e-02
2.289047072855002890e-02
2.282327762598476001e-02
2.276007658893802743e-02
2.261831668814929044e-02
2.252746390884694666e-02
2.257638492505053759e-02
2.254048193193535637e-02
2.224277395577739166e-02
2.231899094332145950e-02
2.236986559045841053e-02
2.216888534072200545e-02
2.209786450494276300e-02
2.212231793642807295e-02
2.185460925292456377e-02
2.174780709149920152e-02
2.171024744791512015e-02
2.183410886084784577e-02
2.166007655330009010e-02
2.149341797621710445e-02
2.144553907806432888e-02
2.136927726895834073e-02
2.144127357440879164e-02
2.085838026379603291e-02
2.106912662461169969e-02
2.110819887864181024e-02
2.130214940599564968e-02
2.102231200661639973e-02
2.110690600537477868e-02
2.109674408513976737e-02
2.047479226862938123e-02
2.077101702817868781e-02
2.085214269380698121e-02
2.068190191362070593e-02
2.083370194520806767e-02
2.056350575220781268e-02
2.022706463901679727e-02
2.010667523363324563e-02
2.030053050986789509e-02
2.042737565984646675e-02
2.072712921914792936e-02
1.996721116618123751e-02
1.988580838635078257e-02
1.980420238868967411e-02
1.979494706954348232e-02
1.966514485520230726e-02
1.971008207898591186e-02
1.974738736998513100e-02
1.994220456168359010e-02
1.981537200364370116e-02
1.956753067625515916e-02
1.910978771764848885e-02
1.979445424889233335e-02
1.958717176835983453e-02
1.985433872881933043e-02
1.924809336687738695e-02
1.910979602978869069e-02
1.928369008342679936e-02
1.910561277698030053e-02
1.907916245967896524e-02
1.880942173981270393e-02
1.896161134362859060e-02
1.877608303514354329e-02
1.914502682566378636e-02
1.879738351379252326e-02
1.878845702979222571e-02
1.880663736286826426e-02
1.876924501364122741e-02
1.856537568965416912e-02
1.889663711414972178e-02
1.854850107021105074e-02
1.852874774193797452e-02
1.858322348564340684e-02
1.755929270226535763e-02
1.817690014411228391e-02
1.822185314873815687e-02
1.802011256771563971e-02
1.777482875871905579e-02
1.783401906235662984e-02
1.779622809873795605e-02
1.774048427609548756e-02
1.771096460369044751e-02
1.773515543557369067e-02
1.795015888635298484e-02
1.778959497907309228e-02
1.737638893889805955e-02
1.743717252115590047e-02
1.739959758796144618e-02
1.761475783719928037e-02
1.725519982898910537e-02
1.693199801977644109e-02
1.686313053757819078e-02
1.716097795713349833e-02
1.733239663683385640e-02
1.721439698799884233e-02
1.684521824823251648e-02
1.710673269534384103e-02
1.677192218000993218e-02
1.704970084382135403e-02
1.701606935876765272e-02
1.670321631358896719e-02
1.638952553406907223e-02
1.646575603408243979e-02
1.673004058486769752e-02
1.690681012853177331e-02
1.657541841378205524e-02
1.654604788334570337e-02
1.644559222681691094e-02
1.669713214311682389e-02
1.668801361353736828e-02
1.636865231409244392e-02
1.629038217979912259e-02
1.626313708770685609e-02
1.623159784854503671e-02
1.617321809216784589e-02
1.606852604587214600e-02
1.619744960700590652e-02
1.624649589833116609e-02
1.610000592241005515e-02
1.564520252007598616e-02
1.636705471708099074e-02
1.618364102330028045e-02
1.607778423570388471e-02
1.621661651101380039e-02
1.586910884374961861e-02
1.594734001738292925e-02
1.587764243461900135e-02
1.578395195239822371e-02
1.571212664356425037e-02
1.583649673118616222e-02
1.549958335912803020e-02
1.557264954855111516e-02
1.540784225254035293e-02
1.553350519745458867e-02
1.547150350811157642e-02
1.549182332788631017e-02
1.532437826253267577e-02
1.536030594802606682e-02
1.561304429831656890e-02
1.531690052567110001e-02
1.533937297039116195e-02
1.489626298018788958e-02
1.514368724527698912e-02
1.518897920860323367e-02
1.514986336542226142e-02
1.494980004215394100e-02
1.487726643772102793e-02
1.479365368624345825e-02
1.482058256189945286e-02
1.477715534806665204e-02
1.476685880338908519e-02
1.476146075538231975e-02
1.505501536224419096e-02
1.475354885789232143e-02
1.461682605872441192e-02
1.449150226354265283e-02
1.452564725201660988e-02
1.462367745203023948e-02
1.466482117425055645e-02
1.449617629719040374e-02
1.450122237117675364e-02
1.438391335348647958e-02
1.421890619936190883e-02
1.445483070014002072e-02
1.436920503209317655e-02
1.425404025509276022e-02
1.429935811306837744e-02
1.413581322516060772e-02
1.406994676289046418e-02
1.395050889664154088e-02
1.414846299284079623e-02
1.404134949002988110e-02
1.400892687533072771e-02
1.397798893522035450e-02
1.397588533404941699e-02
1.396100076204964853e-02
1.385269073766023928e-02
1.381940964972667996e-02
1.381267860987192390e-02
1.384189440246759439e-02
1.376874070281674210e-02
1.373560588137935114e-02
1.373191653827871526e-02
1.364558068187006999e-02
1.356918565992417530e-02
1.361783322523543727e-02
1.356684157162849590e-02
1.349181998400019594e-02
1.347293638117215246e-02
1.346382745567621317e-02
1.342195567617142024e-02
1.338325331817012513e-02
1.334687240988870725e-02
1.330655454946689555e-02
1.328336306598554978e-02
1.325804433463662751e-02
1.322299351108021000e-02
1.317496667646681288e-02
