4.444444444445422859e-01
4.192979233949649109e-01
4.192979233950133722e-01
4.444444444444689002e-01
4.246675846189416070e-01
4.246675846189791881e-01
3.820528314876844855e-01
3.820528314877008613e-01
4.426912604182045574e-01
4.426912604182460798e-01
4.444444444444589082e-01
4.323533821420100787e-01
4.323533821420201262e-01
4.040062413165952382e-01
4.040062413166229938e-01
4.338041323020855322e-01
4.338041323021399887e-01
3.980514559275219466e-01
3.980514559275347142e-01
4.444444444444524689e-01
3.829633060625043939e-01
4.069382044104546403e-01
3.898125885427299875e-01
3.876398750140644389e-01
4.188017120740736843e-01
4.411097140402299721e-01
4.400920741601373476e-01
3.802182169064318162e-01
4.006459994148870440e-01
3.974411298335975284e-01
3.913584001928164802e-01
4.430163191812603318e-01
