6.403884788305732600e-01
6.651305548184462957e-01
6.646537708113412490e-01
6.068396865207799085e-01
4.944060087750504207e-01
3.432182583432268341e-01
4.124664424722275791e-01
3.615407310866207702e-01
2.729600854827247680e-01
3.512501398649371942e-01
3.042306201247112485e-01
1.948622555600612871e-01
2.113800820256077906e-01
2.036596612766302383e-01
1.442905803332283909e-01
8.955471221378401292e-02
1.728181737979799792e-01
1.118913923325837168e-01
1.278798758907342126e-01
1.580930338468654883e-01
3.789844328375296945e-02
1.630886280739896055e-01
1.089489557578669499e-01
8.408646888370734096e-02
1.078970614924380372e-01
8.267835786937516307e-02
7.725496464389636220e-02
2.902513313672025475e-02
8.584487453388049694e-02
1.118788901222705356e-01
1.029019340994230397e-01
1.266566017226038732e-01
5.740618256120225832e-02
5.029442735292041777e-02
6.886602785657533476e-02
1.134816684431479566e-01
8.318536023637708443e-02
4.995634320960642277e-02
6.275874435847531019e-02
1.133833484578218170e-01
8.241748062382721340e-02
4.247784014680791587e-02
1.016756944779296790e-01
7.301310029919623468e-02
1.313736071637109926e-01
1.008877878582397081e-01
9.253502092378085297e-02
9.133416915816346127e-02
1.031233087739968635e-01
6.107266067745121402e-02
1.014739743675026895e-01
1.020008685385536407e-01
9.505142785250951520e-02
1.072235514376347065e-01
1.066158486713137676e-01
7.927475562252100927e-02
1.020604707225451213e-01
4.351170704944806039e-02
7.760448427951681383e-02
1.158833890089582402e-01
5.672985308512500796e-02
6.447461236891907643e-02
8.686216386557857327e-02
1.234873373409205444e-01
5.748656208130546730e-02
5.770600584522646986e-02
6.125349813731324755e-02
1.099402761196161121e-01
8.678477819145516414e-02
1.061837638489539493e-01
9.007032072492648922e-02
2.335112190940710070e-02
5.094973186343394050e-02
6.890183362343629825e-02
9.209189428097226682e-02
5.346462714130645333e-02
7.016300485989164504e-02
1.153011758396344094e-01
2.502973721170625651e-02
1.237557042020769049e-01
6.128712525812844009e-02
5.392099736367706592e-02
1.229338707478834086e-01
5.212935830173514445e-02
6.390344462770843059e-02
1.071232689305520874e-01
1.483431884809045531e-01
1.553865157836482325e-01
9.428457952594961056e-02
1.696105411346419123e-01
9.386500412445708541e-02
1.343575842524865893e-01
5.289875277739911758e-02
1.004508657012162520e-01
1.941654403805301576e-01
1.978099155687875754e-01
1.907979620583933333e-01
1.992244924356867675e-01
2.220832758657337036e-01
1.714880741625139926e-01
2.223338665925636282e-01
1.998343004368590692e-01
1.911366458838013593e-01
1.975009063922784358e-01
1.960690399744740298e-01
1.006578859657947939e-01
5.294907121303295272e-02
1.346970635408844541e-01
9.456265022200245618e-02
1.699823147074037699e-01
9.385650986937581208e-02
1.556723148840225002e-01
1.526361421206922642e-01
1.104114986410858340e-01
6.625327982905050705e-02
5.243855188257956490e-02
1.304840961367794427e-01
5.665679173409821773e-02
6.197182239817910360e-02
1.288829246906107451e-01
2.316526535210401000e-02
1.194993851180789490e-01
7.742251898629021190e-02
5.714171169134807382e-02
9.547345659482897595e-02
7.156196780744274177e-02
5.475915400347445422e-02
2.288957487927786860e-02
8.816482520658359967e-02
1.083430392120776631e-01
9.187536555065115018e-02
1.151444153445610602e-01
5.932092475025500800e-02
5.419280553081501361e-02
6.152617473915315827e-02
1.178171278351766021e-01
8.472355849309567977e-02
5.481798143731424905e-02
5.845809901089566579e-02
1.144491052596831454e-01
8.041269546116927569e-02
4.289332351253509479e-02
1.017709691350305035e-01
7.531967381506085579e-02
1.189100278211110001e-01
1.025137029044453224e-01
9.315911414365042609e-02
9.453098245295063484e-02
1.025680197189635795e-01
6.107266067743738480e-02
1.020182656120494497e-01
9.807513255214267422e-02
9.400044090594206203e-02
1.046187442128792278e-01
1.114851316990639607e-01
7.739617783922270178e-02
1.019055295808629080e-01
4.323135337071284945e-02
7.885273080285816472e-02
1.152540145327544951e-01
5.715376024389818427e-02
5.970011363543476640e-02
8.594729900525023558e-02
1.210314680263238768e-01
5.884273133392359939e-02
5.634323869860848044e-02
6.048503788658897429e-02
1.115818157139465555e-01
8.841683185095843001e-02
1.069367247638044055e-01
8.935566660334907929e-02
2.303158149091366971e-02
5.191466272597174830e-02
6.962219666303917642e-02
9.306066059210808816e-02
5.438717210292658838e-02
7.225897239053355459e-02
1.162404422604773474e-01
2.434581525598850105e-02
1.251572587745566345e-01
6.124536135739520881e-02
5.454137857800291783e-02
1.250488388031376630e-01
5.207424748473696990e-02
6.441306508005911757e-02
1.078550721534233398e-01
1.494315845875684445e-01
1.553454697132114759e-01
9.405926472594174081e-02
1.695498877848562180e-01
9.397945791567417773e-02
1.343607696452710221e-01
5.288112054158835423e-02
1.004692282999375408e-01
1.946076455854575948e-01
1.977002932787640388e-01
1.908669318733719200e-01
1.993704567992598264e-01
2.221442071442590316e-01
1.714880741624903449e-01
2.222695189101406565e-01
1.996754878066278327e-01
1.910366876239962819e-01
1.975468658233735242e-01
1.955613346860697321e-01
1.005744235700798961e-01
5.290800800563356249e-02
1.345363437360891368e-01
9.433295045798402445e-02
1.697501885057258186e-01
9.385553353791453723e-02
1.555036326070589614e-01
1.515833979136819998e-01
1.095163762509610145e-01
6.560231602955057806e-02
5.225154336359578988e-02
1.288088449716122408e-01
5.592617958543541490e-02
6.162664118407618769e-02
1.277206509475005414e-01
2.345209054633828546e-02
1.183860220249295936e-01
7.586478257269449466e-02
5.624704847135602453e-02
9.474800929518580050e-02
7.096301392232610972e-02
5.384695835171622591e-02
2.285910944071790560e-02
8.846194799199337544e-02
1.079721551843734889e-01
9.091229827939496799e-02
1.141452392042851677e-01
5.959860698286599534e-02
5.471689082142709715e-02
6.080205882604144962e-02
1.185358578781392086e-01
8.499718675603573637e-02
5.579867421614916750e-02
5.807056864861444984e-02
1.146275585208255954e-01
8.007030668210217417e-02
4.296637871418374638e-02
1.017954901865461143e-01
7.575226181501863720e-02
1.171342117655834875e-01
1.028959076492904495e-01
9.331029327460961531e-02
9.521102745661162714e-02
1.024576284286241035e-01
6.107266067742761484e-02
1.021277771177895310e-01
9.733697142814942693e-02
9.381520960581404833e-02
1.041586031884218916e-01
1.127150566219245892e-01
7.699765224437937761e-02
1.018765193529823365e-01
4.316888664900445788e-02
7.913639444416833979e-02
1.151091892136843348e-01
5.731377190706604674e-02
5.872979837924668933e-02
8.573029266677013871e-02
1.204587149876537311e-01
5.922988165595690496e-02
5.599391341823940771e-02
6.029167018568750563e-02
1.120712578909228707e-01
8.889709791023725494e-02
1.071455934683505223e-01
8.916740860864523499e-02
2.296984726605979382e-02
5.224178355487693604e-02
6.985737881276248007e-02
9.336514198452409985e-02
5.469961842341487107e-02
7.291100041994266756e-02
1.165810272582973456e-01
2.415897528998984384e-02
1.256070054673922021e-01
6.127183555491515915e-02
5.476144577403656288e-02
1.257170383063701546e-01
5.208059050846507859e-02
6.459765074716219968e-02
1.081161725678854019e-01
1.497933479442639382e-01
1.553517648450133959e-01
9.400386860973040937e-02
1.695554807052000457e-01
9.402747022958155010e-02
1.343751503872247788e-01
5.288007684060410524e-02
1.004806424285971944e-01
1.947604267299865299e-01
1.976687664789954779e-01
1.908923313206723482e-01
1.994200981665217864e-01
2.221647751149916084e-01
1.714880741623751592e-01
2.222483183167473786e-01
1.996234678478816249e-01
1.910055528892059262e-01
1.975666143687126175e-01
1.953964522266170012e-01
1.005509802415793658e-01
5.289821460561624361e-02
1.344929172817845020e-01
9.426370589830558588e-02
1.696907827651866763e-01
9.386931240913012897e-02
1.554590709269257909e-01
1.512285365972401707e-01
1.092257987093672583e-01
6.539222442116279788e-02
5.220153153918578176e-02
1.282218409170797768e-01
5.568668061630974858e-02
6.153070656407682443e-02
1.273158499400558752e-01
2.356776665250220892e-02
1.180168963142689126e-01
7.531191351717471394e-02
5.594198945873252865e-02
9.448949359808289650e-02
7.075236475447803375e-02
5.353305937140186849e-02
2.286155916266853841e-02
8.857837510695573680e-02
1.078306780279529170e-01
9.055449174279193991e-02
1.137751020942554120e-01
5.970966097309046705e-02
5.492436811956315917e-02
6.052873041192190218e-02
1.188311658597508425e-01
8.510988359301425998e-02
5.621869646950474614e-02
5.792945977894836673e-02
1.147011081943134503e-01
7.992862088398537679e-02
4.299679465067981349e-02
1.018064222440289712e-01
7.593491505996102786e-02
1.164249386272433739e-01
1.030655938505726926e-01
9.337772277847014579e-02
9.550678422622797814e-02
1.024103855062680202e-01
6.107266067342615595e-02
1.021747776609494979e-01
9.702520819363043281e-02
9.373840095475907686e-02
1.039674544651801036e-01
1.132753749894026968e-01
7.682437894516540300e-02
1.018643576857166944e-01
4.314138229148946346e-02
7.926194626089180795e-02
1.150448722466975715e-01
5.739385321787301292e-02
5.831271614148181986e-02
8.563329300252166265e-02
1.202035058077368518e-01
5.941299865694616572e-02
5.583395609146380584e-02
6.020364906524364873e-02
1.123057899652627478e-01
8.912646373773804032e-02
1.072435804805999260e-01
8.908052034862050383e-02
2.294526098066080114e-02
5.240522993959179088e-02
6.997347497455840004e-02
9.351383471224200550e-02
5.485596817701140354e-02
7.322883653616084343e-02
1.167549348208951759e-01
2.407210443795779545e-02
1.258285112190236088e-01
6.129150627118711697e-02
5.487346937272272185e-02
1.260445843057205473e-01
5.208774977472754170e-02
6.469230566168886198e-02
1.082494718034071601e-01
1.499738807935307727e-01
1.553582582425120928e-01
9.397961157179070268e-02
1.695627595205727034e-01
9.405321279687695046e-02
1.343846988362140393e-01
5.288042084190289899e-02
1.004873032735481009e-01
1.948377827023279329e-01
1.976539192498135422e-01
1.909054737831195059e-01
1.994451010923879997e-01
2.221751070395479311e-01
1.714880741629541683e-01
2.222377649799250621e-01
1.995976324631867360e-01
1.909904033364662745e-01
1.975773400367585031e-01
1.953148629655690194e-01
1.005401111100339417e-01
5.289407995030308979e-02
1.344732122268272601e-01
9.423054001512601308e-02
1.696646995437220418e-01
9.387902522775941339e-02
1.554392260514789459e-01
1.510504412897233084e-01
1.090822383083861619e-01
6.528869097967242296e-02
5.217917260921305783e-02
1.279226957138667464e-01
5.556792658189536882e-02
6.148688260555140728e-02
1.271101195735322986e-01
2.362989965128154887e-02
1.178332621665653529e-01
7.502874411506069152e-02
5.578838097272283830e-02
9.435694833725795372e-02
7.064499388313379147e-02
5.337447799889640659e-02
2.286577586235251022e-02
8.864049853742475560e-02
1.077560418041400986e-01
9.036786468652881210e-02
1.135823179623641488e-01
5.976944434414629970e-02
5.503558219582809635e-02
6.038520725498268404e-02
1.189920720412815797e-01
8.517131447686047963e-02
5.645191792307642509e-02
5.785670360260032619e-02
1.147412431431742014e-01
7.985116416821419483e-02
4.301346841696316453e-02
1.018125977712403263e-01
7.603569023564697715e-02
1.160433145136705452e-01
1.031613954012609996e-01
9.341586464548964908e-02
9.567222200476450944e-02
1.023841569468264406e-01
6.107266067721553449e-02
1.022009064650066801e-01
9.685318404834204753e-02
9.369639968339325831e-02
1.038628218125897257e-01
1.135958802211912283e-01
7.672746324506919680e-02
1.018576770476068705e-01
4.312590599530175678e-02
7.933276915496147164e-02
1.150085327446691702e-01
5.744169806881031098e-02
5.808071464450743210e-02
8.557833332791850434e-02
1.200590861871613096e-01
5.951971764494842082e-02
5.574221985970068127e-02
6.015331961441126862e-02
1.124433549803501575e-01
8.926078849750500310e-02
1.073004595232169150e-01
8.903049653667219343e-02
2.293231252184772459e-02
5.250315584108845857e-02
7.004260714384381858e-02
9.360191636236159241e-02
5.494974055586128447e-02
7.341699063304132911e-02
1.168602764276774342e-01
2.402195174818134993e-02
1.259603316196057921e-01
6.130524195166553447e-02
5.494126551559164184e-02
1.262390574788463948e-01
5.209324926019513746e-02
6.474980956341531979e-02
1.083302774751749020e-01
1.500820716358115259e-01
1.553631784523916981e-01
9.396612742875423696e-02
1.695685184263902856e-01
9.406920041471250604e-02
1.343911656353878048e-01
5.288089937429907988e-02
1.004916002251967505e-01
1.948844998894337932e-01
1.976453010967410828e-01
1.909134997558032676e-01
1.994601608184956576e-01
2.221813214951909032e-01
1.714880741624169591e-01
2.222314480381064605e-01
1.995821874422669950e-01
1.909814483798930596e-01
1.975840506383551576e-01
1.952661867199782242e-01
1.005338666644445544e-01
5.289184732373070769e-02
1.344620460096586090e-01
9.421111790450388546e-02
1.696502419935732586e-01
9.388578097638054787e-02
1.554281333342242277e-01
1.509433825080568059e-01
1.089966929460650935e-01
6.522708607702885908e-02
5.216665260194437714e-02
1.277413649470161006e-01
5.549702755656870518e-02
6.146199498014079388e-02
1.269856086303105813e-01
2.366863179363406025e-02
1.177234642673684745e-01
7.485662887889225903e-02
5.569590442148178444e-02
9.427635080588726846e-02
7.057992417432541743e-02
5.327884491121739202e-02
2.286936177616125110e-02
8.867912470050619278e-02
1.077099297773503467e-01
9.025329987979419100e-02
1.134640735505034470e-01
5.980680200806674784e-02
5.510491264980895559e-02
6.029677158164018641e-02
1.190933192068258789e-01
8.520997142892590415e-02
5.660027650499176166e-02
5.781236754634049013e-02
1.147665194392731708e-01
7.980233211729034770e-02
4.302399704690819393e-02
1.018165643389914443e-01
7.609956213652833978e-02
1.158049107514629167e-01
1.032229307279484976e-01
9.344038948302825498e-02
9.577792238076153486e-02
1.023674725498285587e-01
6.107266067635618023e-02
1.022175403654647791e-01
9.674414981180397277e-02
9.366992129369106079e-02
1.037968164722308101e-01
1.138033854397597078e-01
7.666554488403556911e-02
1.018534549933988453e-01
4.311598336698008876e-02
7.937824443752095060e-02
1.149851768083696990e-01
5.747346884121846966e-02
5.793297582775766563e-02
8.554295458512707617e-02
1.199661811506565201e-01
5.958959354462380065e-02
5.568273186597976626e-02
6.012074203574178238e-02
1.125337762688903565e-01
8.934899971208763725e-02
1.073376136902837591e-01
8.899798272065498339e-02
2.292438850756351246e-02
5.256835922194334765e-02
7.008846720014652587e-02
9.366016616764703817e-02
5.501222366049098034e-02
7.354138095515161400e-02
1.169308855945572351e-01
2.398931010329934457e-02
1.260477599076306465e-01
6.131517723591164981e-02
5.498669351692343776e-02
1.263678600151036668e-01
5.209740140318811635e-02
6.478843181557635000e-02
1.083844803124377060e-01
1.501541413876022191e-01
1.553668749792064263e-01
9.395757716814485960e-02
1.695729280002974404e-01
9.408008162374048577e-02
1.343957803929539674e-01
5.288133066004271909e-02
1.004945889574265644e-01
1.949157699598452198e-01
1.976396758853271596e-01
1.909189087083012770e-01
1.994702247078403989e-01
2.221854708279518420e-01
1.714880741623932003e-01
2.222272430402907062e-01
1.995719142555514858e-01
1.909755348101055128e-01
1.975886396860833949e-01
1.952338525662508095e-01
1.005298201249573975e-01
5.289046330610763097e-02
1.344548789103792441e-01
9.419837141834574989e-02
1.696411086144067049e-01
9.389067729226920067e-02
1.554210857795225442e-01
1.508719287222154426e-01
1.089399180505627035e-01
6.518623837181068692e-02
5.215869074441467634e-02
1.276197006672650514e-01
5.544991731092016596e-02
6.144600917049956867e-02
1.269021529485920563e-01
2.369507749819759271e-02
1.176504464749250495e-01
7.474094919976402573e-02
5.563413235583643257e-02
9.422216911883758705e-02
7.053627717147174792e-02
5.321489782123339091e-02
2.287221727314342132e-02
8.870546431160647449e-02
1.076786135257513377e-01
9.017581658093411223e-02
1.133841465604733117e-01
5.983235902439051901e-02
5.515227048214249583e-02
6.023681596016350337e-02
1.191628973083592585e-01
8.523653650306392549e-02
5.670295886876917935e-02
5.778253353612348986e-02
1.147838996414055207e-01
7.976873179555969695e-02
4.303124912115266487e-02
1.018193267849368533e-01
7.614366427576158003e-02
1.156418437380545561e-01
1.032657924663622911e-01
9.345748323728388096e-02
9.585129232113126507e-02
1.023559247754339957e-01
6.107266067728345238e-02
1.022290591002470717e-01
9.666886243737246587e-02
9.365170397615575626e-02
1.037513838941306332e-01
1.139486932838215810e-01
7.662256627447050494e-02
1.018505456678461679e-01
4.310907978590867995e-02
7.940991450487540348e-02
1.149689008265313561e-01
5.749608954092996077e-02
5.783065059473942171e-02
8.551827571891726376e-02
1.199013999800957603e-01
5.963889590392042889e-02
5.564102968409315175e-02
6.009793261265559267e-02
1.125977398301758331e-01
8.941136267368374191e-02
1.073637871897915874e-01
8.897515482913166684e-02
2.291906261096474801e-02
5.261488734357000485e-02
7.012111011869330557e-02
9.370154283524097238e-02
5.505683406157636794e-02
7.362972388229202525e-02
1.169814973195955760e-01
2.396637500814074659e-02
1.261099871590775634e-01
6.132264666228536693e-02
5.501925137868350635e-02
1.264594503653755919e-01
5.210060034599869189e-02
6.481615633040435642e-02
1.084233557869531683e-01
1.502055904633698424e-01
1.553697161075494049e-01
9.395168280454810339e-02
1.695763540463487706e-01
9.408796207262314082e-02
1.343992241251460162e-01
5.288169334854238984e-02
1.004967841991221550e-01
1.949381666923861722e-01
1.976357165341161570e-01
1.909228007070524757e-01
1.994774249599566007e-01
2.221884377449577785e-01
1.714880741615584514e-01
2.222242425522071851e-01
1.995645878070325674e-01
1.909713385614719428e-01
1.975919742797073442e-01
1.952108142560637638e-01
1.005269870911039004e-01
5.288952619176994635e-02
1.344498963531253199e-01
9.418936639629313379e-02
1.696348347407746482e-01
9.389436878529471009e-02
1.554162247474336900e-01
1.508208514052612748e-01
1.088994925963493871e-01
6.515717275584212431e-02
5.215319599233578934e-02
1.275324141980189452e-01
5.541634623155966555e-02
6.143489394552598820e-02
1.268423217593595276e-01
2.371427929471186732e-02
1.175983865757368463e-01
7.465785790661970400e-02
5.558995312918811604e-02
9.418324630796165442e-02
7.050497078406746387e-02
5.316913088243141461e-02
2.287449288861392871e-02
8.872457515078183143e-02
1.076559564435287525e-01
9.011992020425260708e-02
1.133265104263410233e-01
5.985094402460367641e-02
5.518667239770599225e-02
6.019349132431288385e-02
1.192136552437290525e-01
8.525591526632382566e-02
5.677824423011056110e-02
5.776109099245373829e-02
1.147965838688964485e-01
7.974419807347049582e-02
4.303654818810691285e-02
1.018213609369434669e-01
7.617594525649047654e-02
1.155232764654456068e-01
1.032973599365880624e-01
9.347007840580338900e-02
9.590519739689049028e-02
1.023474579464225265e-01
6.107266067700447415e-02
1.022375077085486278e-01
9.661375436868663291e-02
9.363840388668014103e-02
1.037182034858070839e-01
1.140561228176200509e-01
7.659099021129442408e-02
1.018484193877781802e-01
4.310399935157423201e-02
7.943323731827689471e-02
1.149569093068352199e-01
5.751301145266384668e-02
5.775558954746194684e-02
8.550008064743391811e-02
1.198536513047247509e-01
5.967554455090025994e-02
5.561017423722168507e-02
6.008107084513918117e-02
1.126453748684439343e-01
8.945778613016741598e-02
1.073832211088041472e-01
8.895824586232886633e-02
2.291524617005234743e-02
5.264975610689649060e-02
7.014552890656196305e-02
9.373244955581033766e-02
5.509027886197625373e-02
7.369570547996698306e-02
1.170195487901392051e-01
2.394937858163232250e-02
1.261565363254807393e-01
6.132844939769349635e-02
5.504372810141652805e-02
1.265279191567454664e-01
5.210312522537515617e-02
6.483702350242682988e-02
1.084525979567865922e-01
1.502441606845921207e-01
1.553719554807454772e-01
9.394737756979529286e-02
1.695790734512641063e-01
9.409393110193843557e-02
1.344018869870182709e-01
5.288199504597964479e-02
1.004984634744074956e-01
1.949549973313276230e-01
1.976327789168436100e-01
1.909257351537391734e-01
1.994828315085266091e-01
2.221906646003476704e-01
1.714880741561600197e-01
2.222219939012676226e-01
