6.336006003495617822e-01
5.853791343481721254e-01
6.004787708991465855e-01
5.662133166629821357e-01
5.302751889110620676e-01
5.754202327261235261e-01
4.190135911006966918e-01
5.264037174167169875e-01
3.901192030222138674e-01
4.092819368166344951e-01
5.334784162108249239e-01
5.947172759493243310e-01
1.497068015013271747e-01
2.076596993135400027e-01
2.478983389412007243e-01
1.878035058731984674e-01
1.526080120152385755e-01
9.205649134393603661e-02
5.990431181645609199e-02
5.168634357173108179e-02
1.894140112005927301e-01
1.601943824333983968e-01
1.239302398689109685e-01
1.442644274523878778e-01
1.482462827658967419e-01
1.427558182137784182e-01
6.675886092235873426e-02
1.652838667151409757e-01
6.289991076636182454e-02
1.000958961314352275e-01
1.676568746355063810e-01
1.306981454491779326e-01
1.570763825301528804e-01
7.961798720666964091e-02
4.866624360507905422e-02
5.826708963546891468e-02
8.945372478925038562e-02
2.413175794691489739e-02
1.153481056648818226e-01
4.778346870367740362e-02
4.798451533395230867e-02
8.520443171662657467e-02
4.833276958497220027e-02
7.763932570604363537e-02
3.330732220427904539e-02
5.619963138865434471e-02
1.089131542209334225e-01
4.138968174913904008e-02
6.876704382797575732e-02
9.535376554759581944e-03
2.956766366988534955e-02
3.746581761954146522e-02
4.617167259434938609e-02
3.110961621033010716e-02
8.326771530470845895e-02
4.056897034310122385e-02
6.225369414321160755e-02
7.216988031485058186e-02
4.610159197829485911e-02
5.480824467526940191e-02
1.175038351953340554e-02
4.353186174354604920e-02
5.139087800132301903e-02
1.713527255938000413e-02
4.681792226728666295e-02
2.755835884904501640e-02
2.407319257092205983e-02
4.477469260226396575e-02
3.980494932152372350e-02
2.404227089106164214e-02
8.003378043897365138e-03
1.803365051275779632e-02
5.575859626371922756e-02
3.486698871759398577e-02
2.965216609939242201e-02
7.151814381808881127e-02
1.757707647314039195e-02
6.518941241315071022e-02
5.020164276203539083e-02
1.732458266474372344e-02
3.192669812872995366e-02
3.273721915643908881e-02
4.827593697924112415e-02
3.001014979165442589e-02
7.957759775511882155e-03
1.042720039730149484e-02
1.313853639060274213e-02
1.247117672274083121e-02
4.499960834523177716e-02
3.890531032014833690e-02
3.125914699557144627e-02
4.111067929181699832e-02
3.414517844277852043e-02
1.279111947730800919e-02
3.304966570002927650e-02
1.395281682991282232e-02
3.274827459072303382e-02
3.206973470442471552e-02
1.435864656638232567e-02
3.946012342582912863e-02
2.050071359856879549e-02
1.462655461623156398e-02
3.986777791594825482e-02
2.611671492185764498e-02
1.163079287004941884e-02
8.250960052696123398e-03
1.720143351486779285e-02
1.962060152794350629e-02
3.450163296454087508e-02
8.316590365288874243e-03
1.815194922800783192e-02
2.315382986442084817e-02
9.125492697453453303e-03
8.297866056909471155e-03
3.742173797568199706e-02
2.411823081674628610e-02
2.503734893934075195e-02
1.583093159554850929e-02
2.323196256001838420e-02
4.043732292467394629e-02
1.656655169639170699e-02
1.676847546332888711e-02
1.799051219767146964e-02
2.689598228884227185e-02
2.050928583021836143e-02
2.632817822985815057e-02
2.465259448649218324e-02
1.373358928725025227e-02
9.491900544072614382e-03
1.274591556738777741e-02
3.007388669064049724e-02
9.258157101816920712e-03
2.365419515047361212e-02
1.602345364352067772e-02
1.202079392200639148e-02
1.148576786799727391e-02
1.745871793816673040e-02
1.636580409495456620e-02
1.269065046337551801e-02
2.116825503647528847e-02
2.149697593256961678e-02
1.853167685082551114e-02
2.853725437964051495e-02
2.096312586507898326e-02
2.609061598406311674e-02
8.832516895617049599e-03
1.182751160076385248e-02
2.566480707768033914e-02
2.517981052302155354e-02
3.081596041063912328e-02
1.486119119100256028e-02
1.074937317841415628e-02
1.486118834894681329e-02
9.102589323352805808e-03
2.286285265570760922e-02
1.169917185503347584e-02
3.839874769135862703e-02
2.282151915108636062e-02
1.145762938557188908e-02
1.664611389254506968e-02
1.930195225655715122e-02
1.840639147313457430e-02
1.897960010067660519e-02
1.657093332352577511e-02
8.314748439362472029e-03
1.507545156788890617e-02
9.388488621047784768e-03
1.692915129897372764e-02
1.057559667856409168e-02
1.941815907833392696e-02
2.033656049924093337e-02
1.590074263505605878e-02
2.468908268437685141e-02
1.061331549601279498e-02
2.035576854083185824e-02
6.514795042557950527e-03
2.140189106965988824e-02
1.985124144805355470e-02
1.068851310874583717e-02
1.442818644339230807e-02
3.782608151521906631e-02
1.568115816398528428e-02
4.738066202610868166e-03
1.197044212976709245e-02
1.087500324843928938e-02
1.250588754172004408e-02
2.999419419894037639e-02
9.564744839901932749e-03
2.065427901896039684e-02
3.638902384817708363e-02
2.137989918503375650e-02
1.688315575319765394e-02
2.879602881053450886e-02
1.078444752435123166e-02
6.182393228413362446e-03
1.768837659970642559e-02
3.437251533275836879e-02
3.438901919330476092e-02
1.912565582124843219e-02
1.254102118068349189e-02
1.912550781964731175e-02
3.434098977124441093e-02
3.402394081072435822e-02
1.741566544661404814e-02
5.889044281654146583e-03
1.019922996697827065e-02
2.723286719024259339e-02
2.047024833817969250e-02
2.082504299673008583e-02
3.699306090025998583e-02
1.956795175404543036e-02
1.017297654425976076e-02
3.164851679525143568e-02
1.146604331584378904e-02
1.082841196642890004e-02
1.268897712718997095e-02
4.121880528947147009e-03
1.592340120911167611e-02
3.654945354464481100e-02
1.510776684736815124e-02
9.699704810016463591e-03
2.276539490844129224e-02
2.130400167513584256e-02
6.683721905462468998e-03
2.026203748122148290e-02
1.129824050195883146e-02
2.542006781037928903e-02
1.557265262765173894e-02
2.044873356869678083e-02
1.972595196474505319e-02
1.089449974534775246e-02
1.186345549940414495e-02
9.564982214552653073e-03
1.512310694536411239e-02
8.028267301809390369e-03
1.588358138299831440e-02
1.727242190469649788e-02
1.714121900423522249e-02
1.741171605016993487e-02
1.679824273736594403e-02
1.410055199966437148e-02
2.509280716618851256e-02
3.823355921183189954e-02
1.336444103049969426e-02
2.184396372997707975e-02
1.034076950668394966e-02
1.347845166277677684e-02
1.075068298753632627e-02
1.506191098603681423e-02
2.978667768016213940e-02
1.199631896123024184e-02
2.795115789179607527e-02
1.152892062281261898e-02
8.025595644353872293e-03
2.358473256585530767e-02
2.012390788235533454e-02
2.951708812061438689e-02
1.639069711628559148e-02
2.258619501222617829e-02
2.008532479970859264e-02
1.304080060130245397e-02
1.395203718671129793e-02
1.620062091739990842e-02
1.182088535690446057e-02
1.058379431547667657e-02
1.367338134049377735e-02
2.195446376873353561e-02
9.895572136330911886e-03
1.966199470334663996e-02
1.008260340880599328e-02
1.007185876494974888e-02
1.457523083074291001e-02
2.142323807539122174e-02
2.278006618401445110e-02
1.418160866193634261e-02
2.862845863031287380e-02
1.501872976566743893e-02
1.234226775462418484e-02
1.562594169832484670e-02
2.739522792137823182e-02
1.396542398127743889e-02
9.704341317489572835e-03
1.801854903559220109e-02
2.117554451833040738e-02
3.684940634722602693e-02
8.449413893353267466e-03
1.031331519060997744e-02
1.624748707805835982e-02
1.383765144570691351e-02
6.717565907944306539e-03
2.823327309805301333e-02
1.634996444569349755e-02
9.983193291732297622e-03
6.811543946228574425e-03
1.132985782189702487e-02
2.259024473054353083e-02
2.181720568575042443e-02
1.305483026228266771e-02
1.732446931908853890e-02
1.701853857795800409e-02
1.103022416135584528e-02
3.512226648238399307e-02
2.576545687654551928e-02
1.079287142000576530e-02
2.784692109361425888e-02
1.073531840460118132e-02
2.286168834566127545e-02
2.311242294017669743e-02
2.803116182021068298e-02
3.242878093512465559e-02
1.812141277831433306e-02
9.064819587003591569e-03
1.030520711397112793e-02
4.731051838078614326e-03
5.414974374181571494e-03
2.127377503577767073e-02
2.930914158804638972e-02
2.981499913016191772e-02
1.989038378411037838e-02
1.243632991876647206e-02
1.162747040739671098e-02
2.812842651002375391e-02
1.052169756284314188e-02
3.761790815886170009e-02
1.354814376452126261e-02
1.930106772049056812e-02
2.555233182500739678e-02
9.745602652690839654e-03
5.606229481938767439e-03
8.491508563789298275e-03
2.116105860954361345e-02
2.425147061232449733e-02
8.501306143379605204e-03
1.672715317537190952e-02
2.773130464644122523e-02
6.976599379825147891e-03
3.437301024522650822e-02
2.293548768653394174e-02
6.098277057342642825e-03
2.666840811779503176e-02
2.583858623640194682e-02
3.447740571601308479e-02
2.650222689854443356e-02
1.425512931931914237e-02
2.857938982660099964e-02
9.755025144664872597e-03
1.412746276191824066e-02
1.452843212371520733e-02
1.017267132908471206e-02
4.213493576745034122e-03
1.001756653347503009e-02
1.391880443144297846e-02
1.941922696435428169e-02
2.161747002142149279e-02
4.383696469373002565e-03
1.874755079324034665e-02
1.929951876568467006e-02
5.140781131066876619e-02
1.212271877507518220e-02
1.257236040104325187e-02
1.883801191645415388e-02
1.192708615554389194e-02
4.356669103872006649e-02
1.060343738129595863e-02
5.871471972740076491e-03
1.053265520259629058e-02
2.129131121065220775e-02
1.812423874812938221e-02
1.865099596588110434e-02
1.031655378574095755e-02
6.740175581733951968e-03
3.769195391591712019e-02
7.454476406306879445e-03
1.299047507960984088e-02
1.300659100830106607e-02
3.356211706451219662e-02
1.301839585259103628e-02
2.022126719019053803e-02
1.550549755619328243e-02
4.509924863398346966e-03
4.093808948670562241e-03
1.159940524320793136e-02
5.360292248580242336e-03
1.072210972631437720e-02
1.935833028804825190e-02
5.306167218279018646e-03
6.515568797946184182e-03
1.748464836320228269e-02
2.353793040278501572e-02
1.695624389606033289e-02
1.108704710559045570e-02
1.008312292331234143e-02
1.034540645570349721e-02
1.663620706774959768e-02
1.338434823933954028e-02
2.137567798041945660e-02
1.810351433279094521e-02
1.344938212579720183e-02
1.486243280209001080e-02
1.741783014791514761e-02
1.482786920799688754e-02
1.338711387250834765e-02
1.798321330941192453e-02
2.119506747077308864e-02
1.323455261094811514e-02
1.643231471988793047e-02
1.017142801947357872e-02
9.897627104386427441e-03
1.087058843880459209e-02
1.660407693684841715e-02
2.303068427436015184e-02
1.705390657663128501e-02
6.303469660304591299e-03
5.161330674412214006e-03
1.887150020772244974e-02
1.036183051744130924e-02
5.172060830808866173e-03
1.120084102234847334e-02
3.896763321543088732e-03
4.288086202158744586e-03
1.494698714922757833e-02
1.951565296747914680e-02
1.249705060049548927e-02
3.331805494229462400e-02
1.257938421173868289e-02
1.257125855127867557e-02
7.026196911544466822e-03
3.695730234680551229e-02
6.403857011125651394e-03
9.915733394748153795e-03
1.776749079477324064e-02
1.756936400728749750e-02
2.036787056426497475e-02
9.870087080274397850e-03
5.639898014573428361e-03
1.006505434830536755e-02
4.443411987072724834e-02
1.126036689454412883e-02
1.883418198331630877e-02
1.242433547519563274e-02
1.160837664656930862e-02
5.175257679975554803e-02
1.874407449650061439e-02
1.878905060752388348e-02
3.962848081515822456e-03
2.114767007572500995e-02
1.923993134470502672e-02
1.332385354577759681e-02
9.667101748029042346e-03
3.663100932486157164e-03
9.876576842696787109e-03
1.490264880175230788e-02
1.374893685330775758e-02
9.343009238300841943e-03
2.857429718436809915e-02
1.399006802616123597e-02
2.631897654105264453e-02
3.453281242064528550e-02
2.610860798838715927e-02
2.673957567903361907e-02
5.432671940155329483e-03
2.192870876290655899e-02
3.361369965452000452e-02
6.312059971682700520e-03
2.878807715181965626e-02
1.636257831725798639e-02
8.043784081215102355e-03
2.465601777037671610e-02
2.094750460702040490e-02
8.123877540266947334e-03
5.230451809973180217e-03
9.808824520366738256e-03
2.728983413609049197e-02
2.062418889280150797e-02
1.453003751958201369e-02
3.854978777378585686e-02
9.975290441065577662e-03
2.797193369705828700e-02
1.141751348822028778e-02
1.225682141062497954e-02
2.089961292288479780e-02
3.034287600953762890e-02
3.044694903413427967e-02
2.164792249065119328e-02
5.122174888428741336e-03
4.529857705409439175e-03
9.525949370361153773e-03
9.032488155222208326e-03
1.907852144619746892e-02
3.429189480279135060e-02
2.870485073323447017e-02
2.378331462687242881e-02
2.363073191269819337e-02
1.053193712569532210e-02
2.889405697865861031e-02
1.047045554352899963e-02
2.550628170972037839e-02
3.386810572248256934e-02
1.135485424336118293e-02
1.905909802084716428e-02
1.730734444468874644e-02
1.322508039418136480e-02
2.314735028171858305e-02
2.343928807846449441e-02
1.128658611357319201e-02
6.765792285853179308e-03
1.032622194759737037e-02
1.671580837091399263e-02
2.936420307827816711e-02
6.588262092744190043e-03
1.374357196548240539e-02
1.674144280220605033e-02
9.824407882443571619e-03
8.383076997603940150e-03
3.704697662171400202e-02
2.223294646164149582e-02
1.894808928454242564e-02
1.000417131211569534e-02
1.538623773077517527e-02
3.011112384441168646e-02
1.587195205346155977e-02
1.309897025436627428e-02
1.562897084513007948e-02
2.783893590895500023e-02
1.528960366595581363e-02
2.404903550936085543e-02
2.240333575233592264e-02
1.418390748517326348e-02
9.777026908121289397e-03
1.084233212424334791e-02
2.135281023700607086e-02
9.594032403864609024e-03
2.229633228193328431e-02
1.416504095047679997e-02
1.104024302102049777e-02
1.165464243214794568e-02
1.666733284580741020e-02
1.417776092172145716e-02
1.278646915638839351e-02
2.061001156485136460e-02
2.203748121792529699e-02
1.695735488750049411e-02
2.874226324667687738e-02
2.047863114474705870e-02
2.460534769726555049e-02
8.427527496983345731e-03
1.167638185393648359e-02
2.649486122351930872e-02
1.445638470432032176e-02
2.991910388393528852e-02
1.488391882331249055e-02
1.074059939080558579e-02
1.370010382667577291e-02
9.116199320459150712e-03
2.240391535364383638e-02
1.238369037573520959e-02
3.830467551022527506e-02
2.382278287965361105e-02
1.249200243102479256e-02
1.660636854417065281e-02
1.833495329537041321e-02
1.747161329769581634e-02
1.816911547192082144e-02
1.627684408305566169e-02
8.182743120544632570e-03
1.504274191464053875e-02
9.459275528523557880e-03
1.360771561567047407e-02
1.066127757073717305e-02
1.951261571560449631e-02
2.038108003643892066e-02
1.576086778356929410e-02
2.497478722233153689e-02
1.086821424409426320e-02
2.029288684408400364e-02
6.569000931751951822e-03
2.134942982419639132e-02
2.053664016593480940e-02
1.031999932593700812e-02
1.466081047662211138e-02
3.735529154880275898e-02
1.563626548045042933e-02
4.499940460958713057e-03
1.215933283972839458e-02
1.081898791640544845e-02
1.213409811578704603e-02
3.031009067170151172e-02
9.645700908229646112e-03
2.027399737594265741e-02
3.648093986250031118e-02
2.113097945568162550e-02
1.749495795009924429e-02
2.826888574449700278e-02
1.058700041994931756e-02
6.083435680901069786e-03
1.759696407616673577e-02
3.425618284875874692e-02
3.437300593326116788e-02
1.912560661659849781e-02
1.254102118114417200e-02
1.912555702430580179e-02
3.435699614268530877e-02
3.413999129139315414e-02
1.750606178510519598e-02
5.985656774564685617e-03
1.039193651641023321e-02
2.774786059130107674e-02
1.856955702496922503e-02
2.094261919837324057e-02
3.667820240361636952e-02
1.991233125569642423e-02
9.834734717745916011e-03
3.084354122930283923e-02
1.178834060087609499e-02
1.080267286989421323e-02
1.239726435366141771e-02
4.294134269453756848e-03
1.571011851389181660e-02
3.693203042832095273e-02
1.488734133882274428e-02
9.992540318407362385e-03
2.148752519620180865e-02
2.131825800772559065e-02
6.625727765810751277e-03
2.026450228420854580e-02
1.109507824586511947e-02
2.521519805495245695e-02
1.565463784528675281e-02
2.041785068381863147e-02
1.961714161782960805e-02
1.077022258027875504e-02
1.241735254810856504e-02
9.517016261445829933e-03
1.506450258486342376e-02
8.092845175662664522e-03
1.605578663640646123e-02
1.764182894700794951e-02
1.720077021014024959e-02
1.777391494090524784e-02
1.668798758085912604e-02
1.336069663816717018e-02
2.454603455504593759e-02
3.825820404682275105e-02
1.292527969356293757e-02
2.208210463407253923e-02
9.529965907184217988e-03
1.348398046771529663e-02
1.074411233900819836e-02
1.497227661981615464e-02
2.976397420942134345e-02
1.265659687548074432e-02
2.726579371746017805e-02
1.158721355586153634e-02
8.185996055280945691e-03
2.394725453696603529e-02
2.025188425374815568e-02
2.911361306342755487e-02
1.654091945518698301e-02
2.236573995916847288e-02
2.029136866908740761e-02
1.292569679515318155e-02
1.393849980900582590e-02
1.635849405390555483e-02
1.175476532994087532e-02
1.072724948902020747e-02
1.379009816284329851e-02
2.202352121517981223e-02
9.778858329191146212e-03
2.007196573712164561e-02
1.031645028908745841e-02
9.954702163501832901e-03
1.442502618468215030e-02
2.173013600407406459e-02
2.321080100541074095e-02
1.446074091605237255e-02
2.832876902271546510e-02
1.517394329256201678e-02
1.252635303687188277e-02
1.569459986173787902e-02
2.815784093366346941e-02
1.432732469354096316e-02
9.713893962607991067e-03
1.822089279096776940e-02
2.153692773548629771e-02
3.691503788154676391e-02
8.424802214068209671e-03
1.013684594321562736e-02
1.630730149543083846e-02
1.372171782356936508e-02
6.636248041523040188e-03
2.853303288291509157e-02
1.641915078072352444e-02
1.002388149758015601e-02
6.767548862136900899e-03
1.130159957688976410e-02
2.284428370761949073e-02
2.210002830776823524e-02
1.308499474329414235e-02
1.726018100023752125e-02
1.753471047923411963e-02
1.109727484730875686e-02
3.468235415535762811e-02
2.557989423327776748e-02
1.064376553666407030e-02
2.814658656249760874e-02
1.063277942595225976e-02
2.300865297813922336e-02
2.319921404262036482e-02
2.822541368437472831e-02
3.302269825888012184e-02
1.830381698559587975e-02
9.023379057646259069e-03
1.002518438308632950e-02
4.646690242393208999e-03
5.304293434640705227e-03
2.132382994546251284e-02
2.955263070968274994e-02
2.996346555360986791e-02
2.014025386213639732e-02
1.234882224542138869e-02
1.151486113394720699e-02
2.797575931942759830e-02
1.032857441148385923e-02
3.777889653945992743e-02
1.379349867634105734e-02
1.964424957119547885e-02
2.598272906226826301e-02
9.737324870783209754e-03
5.482255723120014503e-03
8.358610417402035503e-03
2.104468709058095188e-02
2.430979724861207641e-02
8.348522706998023207e-03
1.658992749094355401e-02
2.798825253362189139e-02
6.772280188650532141e-03
3.409779935535085793e-02
2.260445741197720723e-02
5.897003588002218584e-03
2.663803297977822282e-02
2.587138443838336160e-02
3.443485543656767817e-02
2.640401548317050998e-02
1.415498373124374036e-02
2.852563968894212751e-02
9.624667610533276657e-03
1.399923112429013634e-02
1.460959591616826751e-02
1.007614174437905866e-02
4.054676343817648076e-03
9.906753026977837412e-03
1.373724436446673892e-02
1.934296588721012844e-02
2.146315458871810716e-02
4.263625664183916253e-03
1.873635813495908367e-02
1.912837548049439729e-02
5.146676326665421131e-02
1.197269190733633165e-02
1.252130347865571848e-02
1.882008037112245166e-02
1.173999505546780356e-02
4.377409608436499261e-02
1.045321146963896011e-02
5.806148919437942139e-03
1.035071352997093963e-02
2.103554961803715331e-02
1.796795953446309047e-02
1.840795378805320723e-02
1.020640440364357741e-02
6.648639875270113790e-03
3.748330555135944570e-02
7.338629109242810269e-03
1.287573221136543294e-02
1.289126090017670388e-02
3.349012439610774688e-02
1.287998788973152876e-02
2.003372327901364186e-02
1.535726547989497114e-02
4.451348153508845329e-03
4.042199681754965641e-03
1.149484702930069109e-02
5.311192925512464580e-03
1.062825634079948844e-02
1.923171690052931718e-02
5.268603320541890081e-03
6.460863218583964146e-03
1.737396917475858560e-02
2.340760890694210117e-02
1.686596255807753381e-02
1.103163698986724985e-02
1.003582427318786170e-02
1.030108946673860895e-02
1.658440026087060204e-02
1.334642384079912612e-02
2.133007407605968381e-02
1.807319960554925123e-02
1.343373219707330590e-02
1.485377071393981230e-02
1.741783014729043899e-02
1.483648895042214040e-02
1.340259835158650985e-02
1.801305030412475930e-02
2.123977168967590423e-02
1.327152988591907834e-02
1.648246254278762715e-02
1.021411016825072432e-02
9.943088182298383954e-03
1.092342711713893862e-02
1.668991481220910567e-02
2.315404620330193883e-02
1.715865110655312095e-02
6.354848019414719579e-03
5.196215999746969794e-03
1.898841859260946840e-02
1.044821526801478773e-02
5.217132184970049887e-03
1.129571108510856597e-02
3.943748295840172197e-03
4.340538212495722963e-03
1.507831568398809198e-02
1.968131620263647782e-02
1.261960993579114981e-02
3.336853330239057669e-02
1.267801244142097855e-02
1.266658562542759443e-02
7.124916631146152937e-03
3.711723071657473810e-02
6.480853812375304140e-03
1.000649792687707297e-02
1.796739700121016692e-02
1.769149169218773784e-02
2.057520888066927817e-02
1.002035755418419043e-02
5.690810108827358722e-03
1.018497313733395838e-02
4.420888544357789302e-02
1.140798036137997788e-02
1.881937928202071994e-02
1.244833480000080705e-02
1.171710602317936958e-02
5.164184932164260500e-02
1.885331310085097689e-02
1.875896517083556342e-02
4.054406875122610644e-03
2.123152838332972164e-02
1.925610833198282759e-02
1.344270251299732252e-02
9.733606711442518294e-03
3.781417100322225378e-03
9.930242817983381265e-03
1.479828035812835903e-02
1.381333071433455892e-02
9.421374157542582867e-03
2.852894395928664076e-02
1.402611848987989074e-02
2.631835928671738545e-02
3.446934092456123422e-02
2.601130356672241850e-02
2.667980364076459610e-02
5.568096149715114247e-03
2.211034043011845390e-02
3.372886691940031600e-02
6.444405603866113635e-03
2.851961055730288866e-02
1.641357969289848617e-02
8.124528145859906403e-03
2.451926569370702427e-02
2.094703627868046633e-02
8.180375975412291015e-03
5.298473645123456983e-03
9.772853373968883386e-03
2.685540167703502623e-02
2.030699882786788507e-02
1.428639594546694119e-02
3.825858894151386302e-02
1.006371142210386177e-02
2.791593949381340756e-02
1.141906275038413569e-02
1.226643749258462222e-02
2.064867339106370159e-02
3.022680845390002258e-02
3.013360732640762291e-02
2.152159882985382744e-02
5.164426745933457102e-03
4.552063451777000648e-03
9.650529782129371389e-03
9.014239545525985775e-03
1.879603775958289466e-02
3.393439634136857092e-02
2.856080113507986074e-02
2.355484179626728472e-02
2.340752517258316845e-02
1.054262844456509834e-02
2.866836002540552528e-02
1.049710234299419676e-02
2.547843771933993098e-02
3.408110812129391820e-02
1.126547199180180994e-02
1.856180055058414408e-02
1.726761427626862314e-02
1.317531693428605939e-02
2.278342499499882295e-02
2.326482773350331892e-02
1.128501811679563996e-02
6.753242449123737778e-03
1.020847420426242852e-02
1.661198315197447151e-02
2.910455430265882978e-02
6.584540163807824781e-03
1.370007534683857255e-02
1.657642499077765369e-02
9.904739316774177280e-03
8.393582975755063680e-03
3.701108542173760924e-02
2.204662816939411199e-02
1.870434141887457671e-02
9.885017779436256272e-03
1.504886900763169333e-02
2.951946760224409896e-02
1.581928514156876256e-02
1.291553703087033010e-02
1.548700999868187454e-02
2.796025823928583939e-02
1.502706400751420077e-02
2.382391655998537111e-02
2.221345870561445071e-02
1.424313918560366626e-02
9.819345594295880025e-03
1.069213681936384032e-02
2.094118617103140831e-02
9.639134754070334543e-03
2.220770544352428794e-02
1.404678393048483867e-02
1.095261814719225048e-02
1.167857602400892980e-02
1.658476637504092965e-02
1.408228308121127134e-02
1.281532882812402158e-02
2.053307424422078434e-02
2.211537211263296318e-02
1.683285384572103319e-02
2.880972952531117917e-02
2.042063848932741676e-02
2.443497000286675921e-02
8.369919517672724102e-03
1.165500441402203373e-02
2.665539317883698286e-02
1.390104916520049951e-02
2.985971465547520090e-02
1.489993707067452898e-02
1.074078846928744335e-02
1.362305003339259885e-02
9.168475468786040083e-03
2.233081576370796878e-02
1.250188150933964799e-02
3.829275339875110734e-02
2.398551571222608605e-02
1.267763537628698207e-02
1.661765588782190481e-02
1.819975550131403691e-02
1.738771186718296100e-02
1.804644825070360684e-02
1.622775540231711014e-02
8.162095344343634623e-03
1.504341341129156358e-02
9.471744467575506782e-03
1.328076803051098619e-02
1.068150719437610703e-02
1.953294342184596147e-02
2.038898449337191512e-02
1.573728687180725450e-02
2.502613671092931286e-02
1.091567733063202733e-02
2.028476497858133429e-02
6.580191555284073922e-03
2.134164878513852143e-02
2.070399549113223145e-02
1.025145010850546205e-02
1.470660556318935212e-02
3.726707673771292861e-02
1.564100449108650828e-02
4.456178761114442180e-03
1.220286379610949212e-02
1.081248883037307616e-02
1.206295144690754106e-02
3.039793577626973345e-02
9.673831690550107471e-03
2.020021933258337593e-02
3.651161718148496216e-02
2.108817921048259519e-02
1.766501025229763946e-02
2.816419407137721667e-02
1.054779781807324048e-02
6.063786002012947797e-03
1.757874293718438355e-02
3.423293319534540663e-02
3.436980371493485176e-02
1.912559634883300580e-02
1.254102115387443345e-02
1.912556728438622594e-02
