1.315025625885588847e-03
8.784445382384372530e-04
5.640141123044693783e-04
2.217187613940517586e-03
7.653002534347684051e-04
1.396816833006166159e-03
4.594754728692391956e-04
5.708139031523506339e-04
3.487814659195543417e-04
1.457214469507814433e-03
2.142830345230138395e-03
8.692049120521848013e-04
1.575767178383796286e-03
8.421005949931688068e-04
2.999205691520014767e-04
7.280738136234304360e-04
5.359597468974574251e-04
8.653193719408907658e-04
1.936171942416423314e-03
1.799881032422330149e-03
