1.662544381030693075e-01
1.885520134906801815e-01
1.791556209891555784e-01
1.599860844638870960e-01
1.850368988187119368e-01
1.401904756847204836e-01
1.463362245366651437e-01
1.301422007175332407e-01
1.839587456104950780e-01
1.655745359607730116e-01
1.826821755146312565e-01
1.869083788923840972e-01
1.677439080709454966e-01
1.830030076612928491e-01
1.782192676649791974e-01
1.376964404202754011e-01
1.874487711167141246e-01
1.415721300027407148e-01
1.403705340082320729e-01
1.340130655776209934e-01
