4.252208366448666232e-02
5.919559974342689795e-02
5.143935879779919923e-02
1.295192147666182625e-02
3.700032023107891616e-02
6.198075423799970923e-02
6.989309180945073308e-02
5.796826921261492849e-02
5.153141416551845766e-02
4.214910436253103965e-02
4.740904513704064654e-02
4.729898486001350710e-02
2.508383635702004372e-02
3.660664396506563278e-02
5.317832111117527794e-02
4.360822284404451687e-02
6.558659574932246272e-02
4.810017181162572902e-02
4.496184137750533494e-02
5.931095434094810909e-02
