1.566080396782592865e-01
1.501441973365212346e-01
1.802061500441383413e-01
1.839061391460936057e-01
1.759990161996118074e-01
1.455318813987055981e-01
1.433682094269010665e-01
1.903300305585847452e-01
1.416612134511804622e-01
1.688740205727405908e-01
1.792409555860196291e-01
1.679464682791725894e-01
1.732480477841124022e-01
1.641266762549155322e-01
1.709315849791900599e-01
1.492080112406988512e-01
1.698040241720477350e-01
1.861761472835652687e-01
1.887261502836286020e-01
1.376035984098834541e-01
