2.353613599194380179e-01
2.105827582548805699e-01
2.061079404117985570e-01
2.209449104584614021e-01
2.157375324694668361e-01
2.261963359684898145e-01
2.401412349251589584e-01
2.168437955206203582e-01
1.884768969668341454e-01
1.947027310886590701e-01
2.368835407924322900e-01
1.478875049594037538e-01
1.968779602341250434e-01
2.175144125459627931e-01
2.301496045233210885e-01
2.317179199443286652e-01
2.166519286954184109e-01
2.255334262534754441e-01
2.208309520304954920e-01
2.060244024340977254e-01
