1.321981566452366634e-03
8.616285630774141472e-04
1.740580955852524120e-03
9.078922620716357557e-04
1.102731943533904026e-03
1.280196848544065897e-03
7.334325964632336294e-04
2.313710696555480034e-03
6.902152119367539447e-04
1.572358350426283739e-03
1.407692975468969319e-04
5.022778417405099512e-03
2.768771481823645384e-03
2.547347243138050644e-03
2.677712409360702081e-03
2.640902413226561569e-03
2.284805705393156642e-03
1.194402598922562377e-03
3.781741363291258977e-03
8.282352388722205886e-04
