2.292134817096931898e-01
2.231426823976052631e-01
2.357295887569055837e-01
2.015024465494399120e-01
2.112421267747299769e-01
2.308801421913675156e-01
2.369326912593356094e-01
2.294398715299727776e-01
2.289606500862773897e-01
2.159473276366025152e-01
2.338846860123217630e-01
2.305427061989599735e-01
2.207942555590309830e-01
2.448008840273154796e-01
2.359475905563002962e-01
2.280242442662319402e-01
2.303715961872045415e-01
2.279861679117344553e-01
2.326555551337561034e-01
2.272840721066519687e-01
