2.390920826433063362e-01
2.302532560414671803e-01
1.908643915006656144e-01
2.075737429635040876e-01
2.222904078342781142e-01
2.333899516769782356e-01
1.968122469176944722e-01
2.225447250002191568e-01
2.303443742961984730e-01
2.247889211951774324e-01
1.853393082605530595e-01
2.009654403504634590e-01
2.368756048486032884e-01
2.169615988362439685e-01
2.363713850009909467e-01
2.217446584961566269e-01
2.321907796459562745e-01
2.384701588134750250e-01
2.268525086181400752e-01
2.256155403373968638e-01
