2.158137334600800650e-01
2.066230055107370900e-01
2.171268905702848362e-01
1.922273502564631753e-01
2.204811590752957240e-01
2.005913029551827931e-01
2.104232912060197414e-01
1.956650725769290833e-01
1.534536333462169777e-01
1.916344602872482317e-01
2.026179079885923884e-01
1.951358926488312440e-01
1.870828400353373444e-01
2.010218724402413892e-01
1.975399436014935728e-01
2.257230932008428559e-01
2.034270633487124669e-01
2.036521727572979945e-01
2.040559933206020360e-01
2.102476704312156719e-01
