1.749338006179582961e-01
1.566601509586744434e-01
1.792226102921417874e-01
1.722265369502564425e-01
1.810531082580675577e-01
9.117514983843050258e-02
1.472489121555249636e-01
1.943309142384720689e-01
1.592821379564010320e-01
1.821774564116339645e-01
1.456788391577998609e-01
1.660896593641211505e-01
1.022078444746017389e-01
1.709695547826433071e-01
1.802702983219771349e-01
1.753295531612970026e-01
1.453614282417116377e-01
1.490109308706937530e-01
1.693362965261172859e-01
1.721505027119445697e-01
