4.441071738606174879e-01
4.059005997027398394e-01
4.076632808131157026e-01
4.441689868167458255e-01
4.009288223110797911e-01
3.990135160614669552e-01
4.384576548477148727e-01
4.378790754831695664e-01
4.047754191307667559e-01
3.988786368969806650e-01
4.458589586600488208e-01
4.148364011012861119e-01
4.155917055286277306e-01
4.376768222735131220e-01
4.392496895593053785e-01
4.372168951269153614e-01
4.295348064640513996e-01
4.383315143678991888e-01
4.431015978464810656e-01
4.402404400037733812e-01
