1.435766472255471105e-01
1.755449878474760750e-01
1.718348833756902228e-01
1.850467091670998654e-01
1.877755672661278741e-01
1.399687295463453995e-01
1.739879261388160570e-01
1.860503581868763190e-01
1.768927273580106485e-01
1.650767865008662683e-01
1.778258990960063513e-01
1.782885580349851673e-01
1.863591016150893120e-01
1.633815599568736732e-01
1.541838928769709294e-01
1.787619214304672077e-01
1.835047123497842436e-01
1.789567444947804120e-01
1.377538897461348943e-01
1.655451018961996146e-01
