1.904871421594990233e-01
2.157920965934465030e-01
2.246899232812035185e-01
2.227464161944350263e-01
2.151512814309533284e-01
2.045757332350916502e-01
2.177535486587586222e-01
2.200721804485578637e-01
2.187362484019680642e-01
2.272838281391932613e-01
2.273179721250394580e-01
2.113885689773338517e-01
2.075628608888963333e-01
2.239911316616848835e-01
2.154742416856804399e-01
2.161002447227152456e-01
1.954867987666001339e-01
2.145547462995157917e-01
2.230122038694188069e-01
1.899518019214155307e-01
