2.396852837844302697e-01
2.492093874053786240e-01
2.193481699890504899e-01
2.397783298666779361e-01
2.322760381473351343e-01
2.229267559504798935e-01
1.965818539839344903e-01
2.168339371041389241e-01
2.254924078324173908e-01
1.912691567970211393e-01
2.343788984237601958e-01
2.152376787593903995e-01
2.424952480212755057e-01
2.122728376928045280e-01
2.245935922547728780e-01
2.408549722469376930e-01
2.451660874809555579e-01
2.187563155051941710e-01
2.417934457515028279e-01
2.337586279043944171e-01
