2.222520126403941532e-01
2.250638675088932061e-01
2.242941265751261237e-01
2.113537707255853382e-01
1.986672774906317607e-01
2.204484249770780613e-01
2.208656621115374086e-01
2.179462834046712871e-01
2.109261037820252260e-01
2.163290608942924909e-01
2.133574359255135111e-01
1.960911996259954715e-01
2.156862032594561718e-01
2.021832977314061142e-01
2.063046525415885568e-01
2.150401598082073151e-01
2.163657606619389939e-01
1.991430264519717108e-01
2.118543827544655533e-01
2.007537080672813501e-01
