2.426964424103786322e-02
2.740975416237315457e-02
2.075964978726979951e-02
2.091873538908539665e-02
1.682222666547116344e-02
1.204136328791975859e-02
1.920559547524707672e-02
2.290582228740188284e-02
1.463014123731514946e-02
1.029167478016691610e-02
1.081353725563953538e-02
6.343044049466093487e-03
6.703810043713327380e-03
1.325032726186398981e-02
1.915543634966610995e-02
1.430524184212034200e-02
9.122770385685369590e-03
1.821304593363887170e-02
4.356244798983689541e-03
1.298533413026168107e-02
