4.445261782637401349e-01
3.811762701562892985e-01
3.811515174572249198e-01
4.445206362734856476e-01
4.183004918278413475e-01
4.183086599244290049e-01
3.810042722724800157e-01
3.810366591195920583e-01
4.406748213506329059e-01
4.406718289837872060e-01
4.445195143154725970e-01
4.435385154204954938e-01
4.435240102546082475e-01
3.822894043641683615e-01
3.824093620349179323e-01
4.315337506837409465e-01
4.315619955620942916e-01
3.937117055643535868e-01
3.936940589053120054e-01
4.445082604125537573e-01
4.439755943640894542e-01
4.439571785803043125e-01
4.437381792190435714e-01
4.437678441745684932e-01
3.810636054080601132e-01
3.810430900180367675e-01
3.809831211438639564e-01
3.811975866226974263e-01
3.814354111855232099e-01
3.814258072987240511e-01
4.087499619320832389e-01
3.860476166428841172e-01
4.050565293360594565e-01
3.830959336915059632e-01
3.830953908430660415e-01
4.244564313601679739e-01
4.244687739551861738e-01
4.408760223768328768e-01
4.409033627792749988e-01
3.821020077982117402e-01
3.824011712434116639e-01
3.940014486979722674e-01
3.815683656444576188e-01
3.850193107890257371e-01
4.018561631173396820e-01
4.443319899284187691e-01
4.443116257262850755e-01
4.445276540118217046e-01
3.892860609915744785e-01
3.893380537250659135e-01
4.280539950969558527e-01
4.280854071610907807e-01
4.445035351553522918e-01
4.445110406175001305e-01
4.436243402364685173e-01
4.436541620372633776e-01
3.773286698587801635e-01
4.213947340064665981e-01
4.291011673482417743e-01
3.778025780614269746e-01
3.829056246071704805e-01
3.828395383421800968e-01
4.445222499045662912e-01
4.445200228371339879e-01
4.086461602920227754e-01
4.086510264256739133e-01
4.445430873595073162e-01
3.857547556652830001e-01
3.857761924297582468e-01
3.840073032834796507e-01
3.840127200817020636e-01
4.088855846809812955e-01
4.088679047393152799e-01
4.304324896479033158e-01
4.303955445799695356e-01
3.810562241089097690e-01
3.810337533151537115e-01
3.807915088820901794e-01
3.813373789560957627e-01
4.265410751064988015e-01
4.265209634433956287e-01
3.811299604739268321e-01
3.810415541748178869e-01
4.440691168912908604e-01
4.440795266359108262e-01
3.705298997032313579e-01
3.804926943161630604e-01
3.728308154282486409e-01
3.562480152926920107e-01
4.445042032197321635e-01
3.759508205879962817e-01
3.794824037416219542e-01
3.654302466866081178e-01
4.246793236843051655e-01
4.102652719528316339e-01
4.102993931330810029e-01
4.201673482886910671e-01
4.201870879049848240e-01
3.654909465147140324e-01
3.666170835449056309e-01
4.049794094093499552e-01
3.664222714722295549e-01
4.343850610049397321e-01
4.343675792683056591e-01
4.137847812510452861e-01
4.138321131212215898e-01
4.171153526159072644e-01
4.170435281963024710e-01
4.118924332805546373e-01
4.118767315114728045e-01
4.323182367989920061e-01
4.323111426289039105e-01
4.150132424291604338e-01
4.149490009858832207e-01
4.445007724156857520e-01
4.441040275529660741e-01
4.440908145037585353e-01
4.386774820279188969e-01
4.386796222582468041e-01
3.657324021269115488e-01
3.861382592314204776e-01
3.745569669189896533e-01
4.084804553469077448e-01
4.302914525319057604e-01
4.303093303871017294e-01
4.129778387454787203e-01
4.130238472060606680e-01
4.445234988239468721e-01
4.444845010239202865e-01
3.804449648076882462e-01
3.816181239467043018e-01
3.841945832195594601e-01
4.278671932881969453e-01
4.073302710263651538e-01
3.803316955543855626e-01
3.831313862382892954e-01
3.831468853804903540e-01
4.390248320448105757e-01
4.390408598824402375e-01
3.815727784700180258e-01
3.815473095395408576e-01
4.226992152529087110e-01
4.308796500347074065e-01
4.125574654646426143e-01
3.930065148737229563e-01
3.930324068903968127e-01
3.813586500703093352e-01
3.638749543828260213e-01
3.628020142889678556e-01
4.137825705158337253e-01
3.820558808079297930e-01
3.819509647909198891e-01
4.335185375154318455e-01
4.335086924433456668e-01
3.898280301057787667e-01
3.898396024611298083e-01
3.576675226037384081e-01
3.856726525947040685e-01
4.012623561542988382e-01
3.715283810620574334e-01
4.236238244574309642e-01
4.235802757582846634e-01
4.418174303122121005e-01
4.411926800291341988e-01
4.409364560332513783e-01
4.409441691853490108e-01
3.838182553135860986e-01
3.837371501645333582e-01
4.080593503096847097e-01
4.080853537045158186e-01
4.443072107164168782e-01
4.443220659428302466e-01
4.382933693075071746e-01
4.382833229920812257e-01
4.444571286944916100e-01
4.299524755402813203e-01
4.299075726993635826e-01
4.217976378708402918e-01
4.218125308704021026e-01
3.831090707196570522e-01
3.870492602976914887e-01
3.964000520533609295e-01
4.011063552245395791e-01
4.424935460219787675e-01
4.433851339062031549e-01
3.765069807414637704e-01
3.789230307789512309e-01
4.292522718903521439e-01
4.217361548212910094e-01
4.384078069888499574e-01
4.384440959220526346e-01
3.780174937326188922e-01
3.733952139560146599e-01
4.205672325840804637e-01
4.229504791708177391e-01
4.400503379087123412e-01
4.400105365747752906e-01
4.231995615545940947e-01
4.232334349656297068e-01
3.850994531808653032e-01
3.850307846167621562e-01
3.947615925750880272e-01
3.947837577297761968e-01
4.369592936223247182e-01
4.369252795715423132e-01
4.443842429215417167e-01
4.439966094610094949e-01
4.439860594328035592e-01
3.844957357874937975e-01
3.804467378352631712e-01
3.753494894451501196e-01
3.716303845597596078e-01
3.831715084762396528e-01
3.831460850076356950e-01
4.147092017092022243e-01
4.149907275787030336e-01
3.810864824621457703e-01
3.809909479750785422e-01
4.397731486417321145e-01
4.397983223235649164e-01
3.729953709746126611e-01
3.611207310800144121e-01
4.039177137176894750e-01
3.746785156984744902e-01
4.048508920720241822e-01
4.047923930604656606e-01
3.929580482187201018e-01
3.951466011690549229e-01
4.307495525774728273e-01
4.307360254010406120e-01
4.009795052801571336e-01
4.010021337377688289e-01
3.837813894320711294e-01
3.837259905421198658e-01
3.603168827906153004e-01
3.597552154981068506e-01
3.649419819502658369e-01
3.616601055195999281e-01
3.683105377681334391e-01
3.590060772084864849e-01
4.428825673657518780e-01
4.429247273686028330e-01
3.826659720665233633e-01
3.826895707806478586e-01
3.814608912147294251e-01
3.815163734802340390e-01
3.966619058326230074e-01
3.662139446439932611e-01
3.805161817068389851e-01
4.121273583571117838e-01
3.754606439425157149e-01
3.712210378524905541e-01
4.212962957139856912e-01
4.196201420802183613e-01
4.196788187017633787e-01
3.844786129683492870e-01
3.843810926863308608e-01
4.436900943979563694e-01
4.436848186339886202e-01
4.432605298247215830e-01
4.433026262703741449e-01
3.961639268261403224e-01
3.961980218796057329e-01
4.429038271573093599e-01
4.444552754204698086e-01
3.792119522514604824e-01
3.842127622036040635e-01
4.232693316651224835e-01
4.293957204413239026e-01
3.832168167933108771e-01
3.835142564361618267e-01
4.052803899048433300e-01
4.002807864637526469e-01
4.075749962084755373e-01
4.035265397275403787e-01
4.210926469488373569e-01
4.210977514473930317e-01
4.018913774680292761e-01
4.037839737958409114e-01
3.975620098296793747e-01
3.780128433619394657e-01
4.058834919932343688e-01
4.057429142024672752e-01
4.429565061899277678e-01
4.429352045691150597e-01
3.956266822222677670e-01
3.955602748611053987e-01
4.443401018619715370e-01
4.253019948358343072e-01
4.252648076292354640e-01
4.191442108588808724e-01
4.192028276268755516e-01
4.299586556672660986e-01
4.299976459748374169e-01
4.445754943438905982e-01
4.453550041823359229e-01
3.809326372967297147e-01
3.809005955020642875e-01
3.810453732837711938e-01
3.810477599377508073e-01
4.436224595544226434e-01
