1.444460476608289135e-01
1.783702410353140144e-01
1.590111766765137935e-01
1.631766742678001370e-01
1.856280968310169699e-01
1.640214545214572495e-01
1.704448035416962770e-01
1.399921670330060985e-01
1.605313992603236983e-01
1.780273471768328564e-01
1.703007443619409533e-01
1.279359236851948245e-01
1.429649106364479783e-01
1.876617111052932829e-01
1.562000219465264628e-01
1.356987187483601198e-01
1.366464167910643457e-01
1.499410667580701462e-01
1.824180241594091367e-01
1.650009127325675340e-01
