1.425681218121013227e-01
1.550510892335016933e-01
1.712791363825577617e-01
1.453576870029430479e-01
5.014765888242294495e-02
1.067103513057127417e-01
1.640595512641328524e-01
1.594080325466154802e-01
1.575740585258566251e-01
1.634713191045892022e-01
1.394631098484287735e-01
1.290881334891930687e-01
1.344608016661885952e-01
1.631681059936861689e-01
1.026225504623958368e-01
1.655000966575164989e-01
1.462362120003787846e-01
1.047433010033503170e-01
1.344994002991973803e-01
1.604697099967056229e-01
