1.758824178277588468e-01
1.875856679354161727e-01
1.653802212003560868e-01
1.876138611482593421e-01
1.892206843232556446e-01
1.948487301989395570e-01
1.570687258398648367e-01
1.830627860755092151e-01
1.808793625417563222e-01
1.683396574108759480e-01
1.945464627737301111e-01
1.890535560764086964e-01
1.587681339588803420e-01
2.006236378570263879e-01
1.941923726893773905e-01
2.030354824889692711e-01
1.710289968463434285e-01
1.907734157005538111e-01
1.566394502531602284e-01
1.598108174157187034e-01
