1.719161208698200549e-01
1.527720192506907271e-01
1.916301063704601848e-01
1.852614989725555050e-01
1.763007828064324101e-01
1.785368640949134555e-01
1.755482385954089952e-01
1.508934085286477711e-01
2.030267764605625247e-01
1.891666386144999767e-01
2.003162761310745832e-01
1.662896826675452910e-01
1.574989526360517644e-01
1.820596439250179444e-01
1.538129670623031575e-01
1.792135229752655767e-01
1.921902436042547957e-01
1.784500851161865409e-01
1.695231819294462650e-01
1.332990986659875199e-01
