7.112357298043695333e-03
2.024093719573596961e-02
1.640844669444395734e-02
7.774201370203202843e-03
7.942802578472475325e-03
4.744412004717416496e-03
6.167546742879787512e-03
2.927631392842609467e-02
2.409084585207544454e-02
1.382794857510843099e-02
1.070566115579528292e-02
1.033623475971071591e-02
2.550901411256764270e-02
2.276188026801121908e-02
1.053933628045143796e-02
6.413258018026277325e-03
8.037438623103616495e-03
1.187666002545461653e-02
1.187359847500838762e-02
6.583476673220669748e-03
