1.738802658486959529e-01
2.081091087038514642e-01
1.720949185035635376e-01
1.745178533533987275e-01
2.036161940255214742e-01
1.807462417959121714e-01
1.960884732124434926e-01
1.949174613737482409e-01
1.876466327169731829e-01
1.964260473877734170e-01
1.868324509513265286e-01
1.739345634674333008e-01
2.062869431387367447e-01
2.018933173609234466e-01
1.958666955392369680e-01
1.850768736978055662e-01
1.521844026610433553e-01
1.822158216695457800e-01
1.849242656393573769e-01
1.860160566762518730e-01
