2.073283257065079155e-01
2.410642677738385753e-01
2.227433942958527147e-01
2.443983548227722236e-01
2.327786096330639876e-01
2.345869434224213124e-01
1.774009151153761177e-01
2.360289115186477993e-01
1.970430114891642270e-01
2.388924252540464976e-01
2.393087039449341424e-01
2.112559230818096268e-01
2.215110755492254724e-01
2.335456904612763229e-01
2.290004652656793815e-01
2.308462199610628873e-01
2.406200769311653276e-01
2.194347192819177395e-01
2.372749872952839012e-01
2.317554728445859191e-01
