1.981722741967486268e-01
2.127033156332086283e-01
2.097522127882876508e-01
2.255452404623969620e-01
2.372322788132335269e-01
2.270334040981263068e-01
2.116840050960113739e-01
2.260856023892255651e-01
2.244041014996108474e-01
2.411965818369500303e-01
2.065467666104462141e-01
2.022784415840490901e-01
2.403194134042724583e-01
2.018041649757359446e-01
2.061087235724797240e-01
2.254442507595861289e-01
2.362857242084834275e-01
2.327627857868823924e-01
2.072868691211926795e-01
2.329674758192240569e-01
