1.968162028852044054e-01
1.759158392291011452e-01
1.647826821812164444e-01
1.943385063353378905e-01
1.866238174631057178e-01
1.982933159079695029e-01
1.911766528930317066e-01
1.993046948084129799e-01
1.853898680198940441e-01
2.024507572619662632e-01
1.631292720196449164e-01
1.687433074040922409e-01
1.816810848056696071e-01
2.047940025991248358e-01
2.000401494612414621e-01
1.563544847744229860e-01
1.659021575554691930e-01
1.817184845644721214e-01
1.946635693654367449e-01
2.112370595501477377e-01
