2.113599593067888582e-01
2.369899332851700402e-01
2.242598045596239376e-01
2.138399300383671819e-01
2.332429351721841126e-01
1.774169376821420896e-01
2.239402675901819850e-01
2.029937989838160040e-01
2.267378809466040479e-01
2.271132133209879389e-01
2.175634742922698817e-01
2.317588378811966110e-01
2.304661346969512636e-01
2.244100564151549349e-01
2.360117393027010291e-01
2.246549567467630848e-01
2.123507560298295016e-01
2.259538533391173554e-01
2.128709683669901542e-01
2.314028917450533240e-01
