1.020755202759572738e-01
8.807925651949431722e-02
1.032334129010707979e-01
1.065815377325964597e-01
9.609533583887849839e-02
9.396752288502464856e-02
8.154866176995916038e-02
4.843387940434847050e-02
8.827830209746583001e-02
9.620789929827487652e-02
1.048801670244579182e-01
7.440816883817596983e-02
1.097140289561660959e-01
6.271566740397073458e-02
7.088358237682855501e-02
8.917173064682995531e-02
5.979685854324039845e-02
8.805035175800794700e-02
7.824113207331684361e-02
9.266938492603005173e-02
