6.296571397552306985e-03
9.075305036122360836e-03
4.414682502754935407e-03
3.799063922219322702e-03
4.886670528393391617e-04
1.546652041710809208e-03
1.685857040922855189e-03
1.406042742645760568e-03
2.589740098376506691e-03
1.443820313459871730e-03
1.431331158507766470e-03
3.503224662060735756e-03
1.743365016499196733e-03
2.647365101085256099e-03
3.212173881332962798e-03
6.336694542629249180e-04
7.309427746277368312e-03
1.854258488981285705e-03
2.206112208154573529e-03
4.741297700058894754e-03
