1.845647489286801335e-01
1.984264072026327430e-01
1.914393244007407402e-01
1.997434801964161621e-01
1.922620241155378884e-01
1.908586123900519183e-01
2.125096596170793495e-01
1.831027695496742214e-01
1.792524643888187830e-01
1.688394582834087387e-01
2.168140403202819810e-01
1.998489974382578471e-01
1.912591466887993419e-01
2.000998449310326943e-01
1.816600674265280158e-01
1.920098890997752605e-01
2.080149573693642062e-01
2.268253794279661006e-01
2.160665648303754238e-01
1.777341255751262450e-01
