1.563085989254473784e-01
1.679952442785001276e-01
1.537572032596533911e-01
1.866206593301988625e-01
1.795472665676055846e-01
1.761774507139975132e-01
1.611570961320895057e-01
1.813411840546017562e-01
1.912655718991602971e-01
1.664222940393419725e-01
1.906632302028035131e-01
1.812070390256611818e-01
1.701330815047598366e-01
1.962342789033692803e-01
1.965153400111301907e-01
1.689187668154756294e-01
1.631565321242627598e-01
1.896986921181581520e-01
1.619691050538373256e-01
1.810439276321592073e-01
