1.901025609759348090e-01
1.995166981060862710e-01
1.937505997185752782e-01
1.949947477172013499e-01
2.036460034480001569e-01
1.903799765999327209e-01
2.043020458342199308e-01
2.000269786943606465e-01
1.846349063371456045e-01
2.080604505679108096e-01
1.986576819433679975e-01
2.020723704113905339e-01
1.826795433951954872e-01
1.864945152125590255e-01
1.829582115859601510e-01
1.966351125993464066e-01
2.083581632051916266e-01
1.760197982691199536e-01
2.046833437554869128e-01
2.041779211750964773e-01
