2.653461640694610990e-01
2.596914873886845831e-01
2.700829314486590804e-01
2.500958366789449161e-01
2.378816028554270601e-01
2.720554662552649439e-01
2.523259352262251509e-01
2.403194279719690629e-01
2.370246337336119613e-01
3.028479821985378684e-01
2.838291114837142581e-01
2.566794900287820980e-01
2.749280446494081764e-01
2.409207580140739213e-01
2.191684713578583021e-01
2.714972571173443483e-01
2.804381282927970731e-01
2.863073867786817273e-01
2.677457277882408504e-01
2.553552240201020784e-01
