1.927950365534575050e-01
1.900559436280379877e-01
1.524389966675800956e-01
2.125871111895905330e-01
1.786213948715423827e-01
1.630050932616348980e-01
1.972952770258268040e-01
1.917389103353323021e-01
2.027007921631624743e-01
1.944113281981088848e-01
2.111279698613489075e-01
2.007838505142811869e-01
2.040870345174012612e-01
1.894068786681244176e-01
1.856154561372860834e-01
2.163933982791670929e-01
1.947465051369715039e-01
1.834825705215555325e-01
1.990049180226471648e-01
2.135059446341810718e-01
