1.775685391437120675e-01
1.643517605009302829e-01
1.656759050480607343e-01
1.890427688108441695e-01
1.657316621686718006e-01
1.872592257036435615e-01
1.694967260294514833e-01
1.359204435448194970e-01
1.529729561025912343e-01
1.608011071983114215e-01
1.694692609587645227e-01
1.682733840984629026e-01
1.875906294854730871e-01
1.653559215496998025e-01
1.578222523771999342e-01
1.560743846904360521e-01
1.790164429835918725e-01
1.637293477106057105e-01
1.706644891147756637e-01
1.657548896867533372e-01
