1.777960312106248997e-01
1.930270103679073701e-01
1.876984116920611678e-01
1.638423646037967252e-01
1.760927641708954217e-01
1.807969332311502864e-01
2.036366324452474064e-01
1.819583804768647450e-01
2.105820280869503958e-01
1.814918605754198555e-01
2.006774212559491177e-01
1.822741160042073705e-01
1.933383148876462454e-01
2.003075258432931993e-01
1.940833401336032049e-01
1.829176954038539971e-01
1.356895262467980867e-01
1.580667006388637164e-01
1.791095780149336569e-01
1.878863982221065376e-01
