6.525506377447639617e-01
6.588069941085105130e-01
6.430917548858214872e-01
6.665401445075439524e-01
6.099631428943671496e-01
6.180353453247608986e-01
6.299465096562322231e-01
5.503881836828199425e-01
5.755524106957488062e-01
5.877210782582414916e-01
3.602285217327081401e-01
4.672536986810364446e-01
3.778317983557343829e-01
5.753508742540562881e-01
3.766397637204910720e-01
2.675219691686059331e-01
2.760870665013898662e-01
2.668876314736902677e-01
3.924915194271257346e-01
3.173657371085615297e-01
2.152376045763099988e-01
2.244181526724217113e-01
2.094202826330328893e-01
2.570376295415299772e-01
1.410405248367430087e-01
2.683999463872208113e-01
2.128180404973267492e-01
1.389244624762611680e-01
2.087833931800575360e-01
1.715848046088289114e-01
1.658925952420545746e-01
2.833313665272857440e-01
2.088833159889205981e-01
8.322395748943425819e-02
1.358954227419686411e-01
1.557417264225803011e-01
2.702091018648650200e-01
1.434878651762939716e-01
1.667612345869684543e-01
5.307938160560773250e-02
8.958445889408579721e-02
1.665591435122324993e-01
1.485009655069018941e-01
9.547261946119160736e-02
9.744151015528390580e-02
1.195358717937662352e-01
4.873786422393171225e-02
2.242171436982715038e-01
7.816834215936628583e-02
1.983322096080743502e-01
9.783422814888360908e-02
9.841713029401888413e-02
1.207998276411701294e-01
9.702968699809276509e-02
1.633244638273429750e-01
1.043832629808050250e-01
9.307405166274325403e-02
2.182911087079572321e-01
7.137358994204676121e-02
1.305666929461140879e-01
3.613766666022944635e-02
4.880153695315361112e-02
3.712091782118977917e-02
4.258528536501162559e-02
1.327993435337786465e-01
7.672807632656082621e-02
4.314017724095785267e-02
9.038253653580745339e-02
2.615651841182774565e-02
9.823959022255181195e-02
4.582789935127612457e-02
2.800689426619725614e-02
9.260183099175763044e-02
3.336597370572159937e-02
2.924290947559283343e-02
3.952351526955684424e-02
4.382459082850909821e-02
8.212991594915691751e-02
3.016723543451595851e-02
4.715356636213642594e-02
1.204239771674544580e-02
7.549112352877174192e-02
9.474594876819827927e-03
4.077215101667845676e-02
4.185167264694949346e-02
2.723766936998428881e-02
5.803187973834897373e-02
8.189271609269704877e-02
4.265523788116409865e-02
6.473630553416485911e-02
5.416970993526815797e-02
6.966575051332757340e-02
6.145889709815662016e-02
4.263002645467149632e-02
5.763679958739641868e-02
2.888933954110185776e-02
4.766236097343724831e-02
7.895904321195533482e-02
4.101196510581641558e-02
4.384770818740883064e-02
8.418984735852362566e-02
5.948732753370213067e-02
4.854989229638210363e-02
1.754358616602006565e-02
2.067352677588116944e-02
2.618619462108900953e-02
6.935091863678322088e-02
4.985906981799036880e-02
1.931372913045689699e-02
1.563476410553972518e-02
3.060861955248239674e-02
5.210390005998677410e-02
1.262656801126279052e-02
2.100560737712782108e-02
2.796968650256074704e-02
1.281525222979213244e-02
2.214456360608494864e-02
7.405320062045449292e-02
3.633363314454569198e-02
2.712503105336984063e-02
4.921341694452736892e-02
5.520761102967644551e-02
2.573318822854570725e-02
2.928382307442219806e-02
2.510330875480882087e-02
3.166351298754091492e-02
2.530027999463046670e-02
2.305418195392801989e-02
3.199201397688315046e-02
1.435154264999032210e-02
1.257583676417480499e-02
3.962698670144050583e-02
1.909314370271996200e-02
1.721648263304577722e-02
2.349591672591739427e-02
2.445531364391764426e-02
2.837040286052984472e-02
2.984782975697085339e-02
2.467449084577646307e-02
2.079632738919179324e-02
3.340118901743027724e-02
2.625551827090912699e-02
1.876555800655170872e-02
1.176056949591458047e-02
4.977181393021706118e-02
4.448614286200300305e-02
3.605667525300151888e-02
4.464591653228597995e-02
1.248908374711273084e-02
1.248834256834972442e-02
3.938755610155483117e-02
3.297408611707249720e-02
1.989240412982732839e-02
2.886282791717828186e-02
2.089849430829181232e-02
5.387043585731293716e-02
1.568964917468761155e-02
4.671291546438097186e-02
1.513421675368609512e-02
2.834578442280700702e-02
2.117155749911223475e-02
5.236921154830384562e-02
5.557029377486438076e-02
2.067630998180326404e-02
1.649343687933118793e-02
1.819775284436027027e-02
1.406584744020611573e-02
2.505887475257637803e-02
2.236387399175264468e-02
3.744281637226345300e-02
2.545051305505803899e-02
1.825323503004919884e-02
3.245196246509991084e-02
3.284329697671778403e-02
2.755398891587659133e-02
6.918621855564676196e-03
1.180739301543365198e-02
3.581717830293920657e-02
4.030493262569534441e-02
2.157726658374211834e-02
1.677483105156717114e-02
2.522711030416291411e-02
5.295752129170095551e-02
2.312052311175917182e-02
2.426088693300139029e-02
3.172434969054212239e-02
2.281936741179605918e-02
1.810156264817610466e-02
2.518322378980700216e-02
4.475196426149460199e-02
2.356662089088245107e-02
2.870622735250337107e-02
3.721871640643256013e-02
2.261620952135084961e-02
1.490146960733870068e-02
2.578073797613473356e-02
4.820400167518993501e-02
4.317073312850207290e-02
3.401841368629847373e-02
1.655114891877588340e-02
3.401045784520315834e-02
4.285835181946126560e-02
4.743559722972307685e-02
2.536840931508518165e-02
1.468985465248391978e-02
2.153555765099910216e-02
3.554454343134649807e-02
2.995889116041115796e-02
2.784304925151806845e-02
4.734640575752708386e-02
2.475868195300695573e-02
1.738893083761304179e-02
2.547943998540443122e-02
3.413956398182674962e-02
2.625689653713774233e-02
2.373736373077282510e-02
5.126466150767074875e-02
2.681064275908646988e-02
1.746767911700164433e-02
1.992229484898149286e-02
3.835145243648581392e-02
4.124561723317654582e-02
1.246744714793267608e-02
6.885552577796570650e-03
2.899998554270342283e-02
2.665384955336671385e-02
3.125367581692701374e-02
1.981859202540398046e-02
2.555024689124965609e-02
3.883759780346238144e-02
2.337292309123958911e-02
2.366159325197156674e-02
1.577397199686895665e-02
1.623318689325683323e-02
1.668805880114508297e-02
1.945584332075836129e-02
4.901088520656659425e-02
4.801626383567551143e-02
2.137223448277637480e-02
2.897068909246018620e-02
1.773287404468779083e-02
4.971733445773345028e-02
1.418237106932063001e-02
5.455689010710783327e-02
2.324491955461019388e-02
2.866807733902375019e-02
1.918500796316970763e-02
1.946459820848572136e-02
3.272231513088389582e-02
1.272090773458007910e-02
1.611835420686634490e-02
4.438505852230106158e-02
3.709099769305122807e-02
3.777267807849710168e-02
5.512169885858836382e-02
1.154003029418755252e-02
2.035750143592914355e-02
1.911422567343910514e-02
3.435566645521268003e-02
2.171528933247735688e-02
3.204395780452548581e-02
1.889373041396032876e-02
3.087143842927082479e-02
2.339896861168641248e-02
2.245205578545869315e-02
1.437152920916276097e-02
1.669990047483477583e-02
3.001435628162982955e-02
1.441971679765513027e-02
1.531317357594476868e-02
2.700227747073521631e-02
1.792559125708404963e-02
1.873095727582830758e-02
2.748342532776609434e-02
2.756333266681234434e-02
2.759508305903659794e-02
2.169632006502578148e-02
5.047982527367016886e-02
4.958748303491179038e-02
2.678117083169844620e-02
2.306569985798761005e-02
6.065072549139503139e-02
1.582738280785565832e-02
1.137736245256386163e-02
2.654541945077540724e-02
2.177708361389042724e-02
8.439468535589210452e-03
5.274898734957871038e-02
2.277922633902286498e-02
1.790774470618441278e-02
1.273720062951887340e-02
4.259154282273207998e-02
5.739498254278085215e-02
2.251118270795680887e-02
1.722999593554108699e-02
1.753410037131980168e-02
3.060723256834685380e-02
2.405039657365921207e-02
4.479066447959745983e-02
4.399968532858921505e-02
3.644363542825011792e-02
