6.819712473799497410e-01
6.812504475874038290e-01
6.801472128857056765e-01
6.787814577072242006e-01
6.772788869066193040e-01
6.757495665867103707e-01
6.742763489425585011e-01
6.729126520590497096e-01
6.716863471883467440e-01
6.706062196547979415e-01
6.696685048859327694e-01
6.688622500625805989e-01
6.681731642052946007e-01
6.675861055085789975e-01
6.670865288079633748e-01
6.666612204749421400e-01
6.662985847156239760e-01
6.659886696419670127e-01
6.657230568567562567e-01
6.654946905802079371e-01
6.652976900915635872e-01
6.651271687843282043e-01
6.649790707975243853e-01
6.648500291339182189e-01
6.647372453946037707e-01
6.646383894154761496e-01
6.645515163503824541e-01
6.644749986000734188e-01
6.644074701365013658e-01
6.643477810500165726e-01
6.642949604619473591e-01
6.642481862491123046e-01
6.642067603007258958e-01
6.641700882630886538e-01
6.641376629249781116e-01
6.641090505595423910e-01
6.640838796705889058e-01
6.640618316988916581e-01
6.640426333305083917e-01
6.640260501183213870e-01
6.640118811840894919e-01
6.639999548127994977e-01
6.639901247872727064e-01
6.639822673394965014e-01
6.639762786191296673e-01
6.639720725976813176e-01
6.639695793428138648e-01
6.639687436093193451e-01
6.639695237034666242e-01
6.639718905859807174e-01
6.639758271855276117e-01
6.639813279002856339e-01
6.639883982700890419e-01
6.639970548048462762e-01
6.640073249587283843e-01
6.640192472412148605e-01
6.640328714582137692e-01
6.640482590768951310e-01
6.640654837077186734e-01
6.640846316954572837e-01
6.641058028077615472e-01
6.641291110034978074e-01
6.641546852539121915e-01
6.641826703741711135e-01
6.642132278007009116e-01
6.642465362153096020e-01
6.642827918663626319e-01
6.643222083613821161e-01
6.643650155920342026e-01
6.644114572827729548e-01
6.644617863986210793e-01
6.645162572607875573e-01
6.645751126281951304e-01
6.646385630959738000e-01
6.647067547527458764e-01
6.647797188301313165e-01
6.648572935736176692e-01
6.649390029359397714e-01
6.650238675300568225e-01
6.651101081337345011e-01
6.651946766076528572e-01
6.652725056450425889e-01
6.653352931810935234e-01
6.653695031795610060e-01
6.653530216733285485e-01
6.652494579025635124e-01
6.649982326786960662e-01
6.644969647585911021e-01
6.635694797613366225e-01
6.619065124316473314e-01
6.589541126000824089e-01
6.537031510818077651e-01
6.443033741541804860e-01
6.274276164631666930e-01
5.975590258707570435e-01
5.475173639755894772e-01
4.738772914740925768e-01
3.884462793229269684e-01
3.201096041923930380e-01
2.946961083029169814e-01
3.210576625896185976e-01
3.913337415871380176e-01
4.792150089493052989e-01
5.542859090143544831e-01
6.043105199199254596e-01
6.333658755693840625e-01
6.492507696605178680e-01
6.577610030221465731e-01
6.622939059006622831e-01
6.646893653702512506e-01
6.659255186542337723e-01
6.665257098227712618e-01
6.667744068373231414e-01
6.668290276588617616e-01
6.667781170540625357e-01
6.666721088152003372e-01
6.665399310444551917e-01
6.663981644282355177e-01
6.662561985725253821e-01
6.661191903972110140e-01
6.659897898087386858e-01
6.658691603636412992e-01
6.657575894909325553e-01
6.656548559315543789e-01
6.655604515433183321e-01
6.654737146828629824e-01
6.653939093439005248e-01
6.653202707244857406e-01
6.652520298528364906e-01
6.651884250418177436e-01
6.651287049670132623e-01
6.650721263175971565e-01
6.650179478086964968e-01
6.649654216021076980e-01
6.649137826989340860e-01
6.648622365423592084e-01
6.648099448399689138e-01
6.647560094427283905e-01
6.646994539758506182e-01
6.646392027872510821e-01
6.645740566493267831e-01
6.645026645092212414e-01
6.644234904225289062e-01
6.643347746177504787e-01
6.642344874150246659e-01
6.641202744547253234e-01
6.639893913698585726e-01
6.638386256519049899e-01
6.636642030037854800e-01
6.634616749385596757e-01
6.632257837654085275e-01
6.629503004089968288e-01
6.626278297538161777e-01
6.622495774341752295e-01
6.618050712860873430e-01
6.612818301875788007e-01
6.606649729876430399e-01
6.599367610646639237e-01
6.590760703962542655e-01
6.580577938294939200e-01
6.568521829407726331e-01
6.554241535021164689e-01
6.537326018934799254e-01
6.517298153416056783e-01
6.493611106537742206e-01
6.465649078466551014e-01
6.432735382134513458e-01
6.394151965504552004e-01
6.349175583196974282e-01
6.297136583406391930e-01
6.237506036558664313e-01
6.170014737718418907e-01
6.094802337842227802e-01
6.012585664008205377e-01
5.924822498177245711e-01
5.833833249534913223e-01
5.742833426825696419e-01
5.655831699925744083e-01
5.577367165496529555e-01
5.512094634672779492e-01
5.464269213380733570e-01
5.437216241305119491e-01
5.432886517910086033e-01
5.451584779882355791e-01
5.491925997032180984e-01
5.551028549211010077e-01
5.624905819088563685e-01
5.708978306138727810e-01
5.798607248387748214e-01
5.889555051429018473e-01
5.978306417092780212e-01
6.062226011313239793e-01
6.139568251529495813e-01
6.209380262631301051e-01
6.271346601485975336e-01
6.325617912060257364e-01
6.372652413486487033e-01
6.413085353757873586e-01
6.447630862880452396e-01
6.477014001976972857e-01
6.501927660124963149e-01
6.523008175186546520e-01
6.540824084078182832e-01
6.555873475275529882e-01
6.568586566433003426e-01
6.579331141895329305e-01
6.588419283318064368e-01
6.596114412850870856e-01
6.602638075988390698e-01
6.608176161795893400e-01
6.612884429957361920e-01
6.616893317724814594e-01
6.620312058347463946e-01
6.623232172225471670e-01
6.625730403976627381e-01
6.627871180173124932e-01
6.629708658403090649e-01
6.631288431458844945e-01
6.632648942613500465e-01
6.633822660099024660e-01
6.634837051592741286e-01
6.635715392976750948e-01
6.636477439944238332e-01
6.637139986156929128e-01
6.637717327552951074e-01
6.638221648964542920e-01
6.638663346350864858e-01
6.639051295585176593e-01
6.639393076783183245e-01
6.639695161550369651e-01
6.639963069200062185e-01
6.640201496896021016e-01
6.640414427772075578e-01
6.640605220324337088e-01
6.640776681746333177e-01
6.640931127345517382e-01
6.641070427729159897e-01
6.641196045055376418e-01
6.641309059298411421e-01
6.641410185161341628e-01
6.641499779973011330e-01
6.641577842615058458e-01
6.641644003228600601e-01
6.641697503137106162e-01
6.641737164075319777e-01
6.641761345419053830e-01
6.641767887650430469e-01
6.641754039739059534e-01
6.641716367449710390e-01
6.641650638757995440e-01
6.641551681525912354e-01
6.641413207301670729e-01
6.641227593478939983e-01
6.640985613996687187e-01
6.640676106142713309e-01
6.640285557697022112e-01
6.639797594399446945e-01
6.639192342297017824e-01
6.638445632590120882e-01
6.637528007740653990e-01
6.636403476336318885e-01
6.635027949915650591e-01
6.633347276995428254e-01
6.631294767193192108e-01
6.628788071047129193e-01
6.625725248699603220e-01
6.621979823777069951e-01
6.617394580217542677e-01
6.611773825768045842e-01
6.604873829418429487e-01
6.596391165906422271e-01
6.585948813276191194e-01
6.573080126191804817e-01
6.557211374617077926e-01
6.537644590548400414e-01
6.513544284973378229e-01
6.483934532198563083e-01
6.447717286682291826e-01
6.403728596449466126e-01
6.350855665294634633e-01
6.288241563423777603e-01
6.215599656909391868e-01
6.133636989549646756e-01
6.044535465862002077e-01
5.952362523762299018e-01
5.863205071276036406e-01
5.784799294559331839e-01
5.725528387465073088e-01
5.692891268021463835e-01
5.691820527078799152e-01
5.723394460763859826e-01
5.784428680987887539e-01
5.868143211693187533e-01
5.965695791915239798e-01
6.068042582595447598e-01
6.167511223055048841e-01
6.258683772799397138e-01
6.338536541311698969e-01
6.406054939203339460e-01
6.461625493737865877e-01
6.506441443829384941e-01
6.542042126600386975e-01
6.570011396627547517e-01
6.591810049280557582e-01
6.608701888534030955e-01
6.621736727311980930e-01
6.631763505970366124e-01
6.639456457423082991e-01
6.645344597081648264e-01
6.649839623494452345e-01
6.653260171484283170e-01
6.655851880876644255e-01
6.657803510068057706e-01
6.659259610495950055e-01
6.660330355719769058e-01
6.661099082390601334e-01
6.661628017280710745e-01
6.661962580577396320e-01
6.662134567089100790e-01
6.662164439799370674e-01
6.662062917698144959e-01
6.661831964531409467e-01
6.661465282831676715e-01
6.660948362558255509e-01
6.660258094897301140e-01
6.659361978483063771e-01
6.658216881149431332e-01
6.656767325356442999e-01
6.654943253691827376e-01
6.652657200599336740e-01
6.649800813859488846e-01
6.646240663466945753e-01
6.641813313706318445e-01
6.636319697677248719e-01
6.629518956416438069e-01
6.621122106711070376e-01
6.610786242497873610e-01
6.598110460883516160e-01
6.582635431009176141e-01
6.563849461017393638e-01
6.541205043094666660e-01
6.514150977345917193e-01
6.482185823228819865e-01
6.444937840073325930e-01
6.402273591592362312e-01
6.354430773776039709e-01
6.302159948137435741e-01
6.246845928130685399e-01
6.190566820177126894e-01
6.136044630912438347e-01
6.086453924272903215e-01
6.045087558145370021e-01
6.014924457958928938e-01
5.998186616052942899e-01
5.995990857768249693e-01
6.008183641942540509e-01
6.033398744642408662e-01
6.069315765393700213e-01
6.113046186463687581e-01
6.161550239002218099e-01
6.211996736848445222e-01
6.262010657688492632e-01
6.309793213408435575e-01
6.354131841001485759e-01
6.394334649693352857e-01
6.430126252029139122e-01
6.461534742342600612e-01
6.488788786954180487e-01
6.512234041082712865e-01
6.532270924343952512e-01
6.549311843850291748e-01
6.563754066995749481e-01
6.575964265002577358e-01
6.586271174922414540e-01
6.594963548513531615e-01
6.602291295779206814e-01
6.608468427930459521e-01
6.613676807796130541e-01
6.618070136935013670e-01
6.621777816591783994e-01
6.624908516631229372e-01
6.627553356615190072e-01
6.629788668098517412e-01
6.631678385060559844e-01
6.633276056570795998e-01
6.634626558086386128e-01
6.635767514719543847e-01
6.636730495556962817e-01
6.637542001185277041e-01
6.638224292228801504e-01
6.638796073400070608e-01
6.639273056662281514e-01
6.639668435039038918e-01
6.639993271887336679e-01
6.640256820317796960e-01
6.640466792495295367e-01
6.640629579171747343e-01
6.640750431517402630e-01
6.640833609980389962e-01
6.640882504927847485e-01
6.640899736616403537e-01
6.640887230789962459e-01
6.640846284416964673e-01
6.640777603786769401e-01
6.640681345147586567e-01
6.640557130503864647e-01
6.640404055211699408e-01
6.640220691046877510e-01
6.640005067527151583e-01
6.639754652198949225e-01
6.639466317185021005e-01
6.639136292302917353e-01
6.638760110018478988e-01
6.638332533550994619e-01
6.637847473016338373e-01
6.637297887037847399e-01
6.636675663612731091e-01
6.635971484029784540e-01
6.635174661543373764e-01
6.634272957995246411e-01
6.633252373060543050e-01
6.632096895669761238e-01
6.630788230472719480e-01
6.629305472394888543e-01
6.627624754182153133e-01
6.625718829603157722e-01
6.623556624264761439e-01
6.621102721941207747e-01
6.618316806884553261e-01
6.615153059670737523e-01
6.611559504854377378e-01
6.607477342821040933e-01
6.602840271845920039e-01
6.597573853359562923e-01
6.591594956373224568e-01
6.584811381637838412e-01
6.577121744989955499e-01
6.568415792798193431e-01
6.558575316755593798e-01
6.547475908018532964e-01
6.534989863785936048e-01
6.520990554041066201e-01
6.505358653845818573e-01
6.487990584474186972e-01
6.468809502551841062e-01
6.447778988724134352e-01
6.424919308964378573e-01
6.400325731782015026e-01
6.374187723883292245e-01
6.346807198104235104e-01
6.318613119174449899e-01
6.290169173015059956e-01
6.262170876979005207e-01
6.235428812128867015e-01
6.210835796095918182e-01
6.189317905530745678e-01
6.171771995704282698e-01
6.158995378301992396e-01
6.151615890167796419e-01
6.150031913353044555e-01
6.154371371545603875e-01
6.164476455994296611e-01
6.179916797370804682e-01
6.200029232824875169e-01
6.223978096470452748e-01
6.250827000285877899e-01
6.279612180585888437e-01
6.309408423614941697e-01
6.339381113489357400e-01
6.368821121971025567e-01
6.397162325564688112e-01
6.423983980282000905e-01
6.449001498535371635e-01
6.472049673331444763e-01
6.493062053541542866e-01
6.512049454178757690e-01
6.529079686273900895e-01
6.544259765289314190e-01
6.557721152593430913e-01
6.569608117784202506e-01
6.580068976453563590e-01
6.589249815955946499e-01
6.597290254967222989e-01
6.604320798463021447e-01
6.610461389585763348e-01
6.615820831484865439e-01
6.620496809116337422e-01
6.624576309792471474e-01
6.628136283919791039e-01
6.631244436800852737e-01
6.633960073142373126e-01
6.636334939086550033e-01
6.638414029220106594e-01
6.640236336327526301e-01
6.641835532439156475e-01
6.643240576144303633e-01
6.644476244495720607e-01
6.645563590657734832e-01
6.646520329887106726e-01
6.647361156213161815e-01
6.648097992236143838e-01
