6.666634834595085435e-01
6.666961061177488768e-01
6.666829116196056892e-01
6.665347589092243119e-01
6.667841597376328311e-01
6.665900143625654861e-01
6.667808355483563210e-01
6.667531783957658664e-01
6.665008267678489418e-01
6.665693231521604423e-01
6.663390539961950854e-01
6.667286498985900423e-01
6.665392370922048615e-01
6.665073000254340130e-01
6.664830606196930907e-01
6.667006188120302435e-01
6.664273495769590383e-01
6.666475014968998858e-01
6.659661140476859087e-01
6.647017859326802558e-01
6.665836373390084946e-01
6.667995900513913332e-01
6.660500791205882232e-01
6.664620699810179794e-01
6.662327596395956064e-01
6.646057325109335778e-01
6.661326628768923230e-01
6.644934822469763525e-01
6.615871879320787130e-01
6.643308002708394611e-01
6.657274111290364393e-01
6.640567081672915650e-01
6.443334516786017874e-01
6.562518951717755122e-01
6.630644456509181550e-01
6.630427612513738467e-01
6.635638315048350000e-01
6.572754948628485305e-01
6.601389924809624166e-01
6.640614676643465941e-01
6.586722431079528040e-01
6.594059439858672711e-01
6.616571493276169891e-01
6.429822555022454145e-01
6.497441502253241685e-01
6.602571010728354173e-01
6.598559758001766307e-01
6.485558639898222344e-01
6.568668285143527408e-01
6.521079279302436360e-01
6.592211905583518217e-01
6.558337187449935213e-01
6.509471103905923872e-01
6.279782923283379059e-01
5.548426332811692285e-01
6.108229149866011287e-01
6.144278129885114570e-01
6.111704692559879470e-01
6.606505580787284115e-01
6.458334790584949747e-01
6.560340495202090505e-01
6.564873199735711262e-01
6.554164331133238708e-01
6.307722948452096912e-01
6.356233188047730742e-01
5.974901514643510270e-01
5.898054074815040071e-01
6.382830580192538905e-01
6.396372233634802784e-01
5.646637765530828634e-01
5.727379195086605979e-01
5.013629105837643651e-01
4.364786917910274400e-01
6.216475287362832614e-01
5.968461265184159537e-01
3.604701131938585212e-01
3.480555281191482497e-01
5.719237933178930033e-01
6.097437795954505635e-01
6.247824953025797878e-01
5.833254275537291811e-01
6.023281289184800880e-01
6.209450225469554940e-01
5.044686533638050863e-01
6.165990507004580623e-01
5.600386819404025163e-01
5.481697666659870460e-01
3.445568618598611188e-01
4.934236620474246049e-01
5.643935214530833022e-01
6.110981649959192907e-01
4.190859890991587844e-01
5.272447809056467483e-01
2.857518120923429050e-01
5.711232156696270934e-01
5.564177197505967287e-01
5.512099165245277765e-01
5.033744479122145288e-01
5.630713922043529829e-01
4.865555109147164936e-01
3.655031944293452573e-01
3.203466513105534541e-01
4.862056406108105078e-01
3.620821829362309008e-01
4.889772125380493217e-01
5.051870588079936386e-01
4.757908341128642138e-01
4.756073718335251943e-01
4.752955506229096239e-01
5.153292021259571198e-01
3.979778503517374943e-01
4.398721656337881147e-01
2.223956099688536581e-01
3.663298914557342467e-01
4.533764365113866490e-01
4.573140047188658519e-01
4.929130219525432177e-01
4.024501144955193177e-01
4.669008645873129471e-01
4.012332777955107121e-01
4.019314223894333016e-01
4.035418922475619841e-01
2.729874747149008130e-01
2.353274532006064124e-01
2.015536603154949313e-01
1.868843301923489852e-01
1.787934171407167538e-01
3.540060845542357115e-01
2.443376960765914485e-01
3.217764812847239697e-01
1.997814591334588219e-01
2.485318831515445637e-01
2.182013818742468692e-01
2.037956536205311475e-01
3.330414130804283390e-01
2.398349643698646783e-01
4.536587479239206355e-01
4.901347200427424444e-01
2.045169351225676335e-01
3.661357122840003253e-01
1.474808549380019207e-01
2.497325297172313663e-01
1.258023611873558545e-01
1.159317454209517484e-01
2.144718665148456771e-01
2.030333842970642733e-01
3.289556086999510520e-01
2.927246465829154154e-01
9.987351148942442969e-02
1.356365935468360762e-01
1.417657424066892657e-01
1.567276974607944295e-01
1.594048279709807114e-01
1.115524046930258251e-01
1.008485986393185124e-01
1.031804520938044978e-01
7.104804135015889421e-02
8.873749624676074976e-02
7.484909936505861061e-02
7.692879507399036365e-02
1.082768546987920300e-01
6.584163275766807821e-02
6.908841161955359134e-02
6.505369154670417875e-02
9.933233534022202493e-02
8.466652917696540492e-02
6.359231168119625077e-02
4.673385180219704477e-02
5.588794305927349132e-02
4.406111062032193326e-02
8.912769813380141959e-02
7.798765628489369439e-02
7.402751303560506368e-02
3.512377515755933655e-02
6.660049117015789943e-02
5.529793468213813762e-02
8.104257807466488939e-02
5.779091759237292569e-02
4.972257006275140195e-02
3.751776400248164889e-02
5.549456951566980600e-02
6.880207658458820097e-02
6.639229854541847664e-02
2.745961139164507930e-02
3.797129074121629450e-02
6.087515877371742906e-02
4.484964744214309240e-02
9.735690770357616208e-02
8.109496803158930400e-02
2.539326606369814512e-02
3.843471760396269254e-02
2.353727074615373158e-02
3.886226410720824975e-02
2.418535317932138384e-02
2.608001908798657578e-02
3.313880161074858610e-02
3.228176910118699117e-02
2.072330212834663787e-02
2.839978691546066886e-02
7.107743873659854231e-03
1.033618934731213301e-02
7.381161238697066251e-03
7.742467653062419519e-03
7.969804080614350736e-03
1.405236460653037055e-02
1.260254421235232868e-02
1.489466250439045597e-02
2.938158397577481096e-02
2.024650536934811951e-02
1.779703048619332359e-02
1.337862255187096186e-02
8.434246469304072444e-03
1.712419150240062846e-02
1.211954747948621597e-02
1.199807321720748610e-02
1.073462947615914063e-02
8.912922097964116191e-03
1.172805231534582854e-02
1.544580892756334568e-02
1.121726796188890485e-02
1.290945756956743233e-02
9.881536396267546346e-03
1.325456874016990756e-02
1.255946546493674938e-02
1.501429022792210612e-02
1.289763716652223870e-02
1.415729433242305865e-02
1.148835233698461585e-02
1.078972519384976264e-02
1.809034657910028876e-02
1.056311975257555498e-02
6.854368335898351240e-03
1.587707424721976346e-02
8.719977436758043210e-03
9.001497305128650442e-03
1.198771155018946502e-02
1.176433644016327759e-02
6.271903348163875014e-03
9.112147395193087585e-03
1.897036699208494784e-02
2.057804960774358219e-02
1.727213618230194828e-02
1.880096112551748327e-02
1.704844464498420781e-02
1.419596039543041463e-02
8.636498264385190221e-03
2.347079961828603747e-02
8.419265659814557587e-03
1.003115786881541259e-02
9.186350650069962515e-03
5.894253226248973888e-03
1.366604319507135935e-02
1.210186777228913768e-02
9.025445509426665777e-03
1.726177311242070231e-02
1.082220696983828175e-02
1.582728955193204654e-02
7.942948644606151465e-03
1.337544671717671996e-02
2.690573037809046095e-02
6.585291024368103083e-03
2.219496396552084541e-02
2.978632153496554857e-02
5.898602919923513418e-03
1.998921545184727949e-02
7.838783794168047506e-03
1.586986377223953068e-02
1.303246972815625022e-02
1.248789856683595913e-02
1.099362699466295210e-02
8.881095331419812042e-03
1.976186692720755325e-02
8.663577744737567185e-03
9.254872435504326103e-03
9.728006513442319023e-03
2.525185379544991199e-02
7.252531981271325909e-03
8.109986746401006558e-03
2.165354872245599943e-02
2.412456770156738706e-02
1.990708960971249164e-02
1.832388649355229382e-02
1.076920874910964991e-02
2.143488099096211436e-02
1.212828471840448480e-02
9.309334911662494466e-03
1.645279947830155867e-02
8.838120508995728902e-03
9.723509875167660535e-03
9.064704583167446442e-03
2.238454252210347883e-02
1.854275037318329697e-02
1.571941689979418355e-02
8.638905452087305634e-03
1.154678944662157307e-02
6.894630974323742029e-03
6.743469573053098229e-03
2.080809837843465918e-02
6.144747962467942901e-03
1.385515112448104311e-02
9.418295049510071529e-03
7.578905729028041424e-03
1.390665177286207720e-02
1.105796526076831786e-02
1.712930089885252374e-02
2.034708849603033415e-02
6.025778134266103307e-03
5.589407478482195067e-03
1.286458538728475071e-02
1.394119897092651814e-02
1.937463842735304836e-02
1.038675355706191773e-02
1.896926695984275588e-02
6.889757111382625171e-03
1.310995917618909372e-02
2.386256417735360680e-02
8.767375127734351736e-03
8.393200675521923088e-03
2.441268272513303847e-02
1.456602042100995330e-02
7.094179314653988565e-03
9.857108152247936322e-03
7.872146947146793292e-03
7.131445089361847060e-03
6.988487942141830521e-03
1.067276043838753796e-02
2.149044835439009593e-02
9.093243825272651418e-03
1.238310660565570404e-02
9.229599882102547045e-03
5.047361843095996871e-03
4.269485880646197405e-03
9.390832561440539891e-03
7.871739769482691967e-03
7.982136077134658822e-03
7.167291250958571745e-03
1.138495100107996677e-02
7.630230919931248364e-03
8.606570711267098189e-03
4.888925250441816285e-03
5.357889112722955330e-03
3.940525309861368612e-03
8.736375438465284263e-03
6.756749041519951801e-03
9.386997614263531756e-03
8.933631595382114307e-03
1.249221621770379292e-02
1.022307883688846480e-02
7.730405668637636667e-03
5.666487099037706421e-03
4.334516975612493633e-03
4.235815511884204708e-03
5.961323576123615971e-03
6.576801141232479012e-03
4.036330984450518800e-03
5.543106875572529312e-03
5.449925962651923882e-03
3.247099597544516724e-03
5.157758010093614447e-03
4.889743555072611353e-03
3.631261960563266292e-03
7.954985617635561973e-03
6.855640354864459517e-03
3.747618122834512396e-03
5.143258196306526968e-03
3.195561930063402570e-03
6.072492826615361744e-03
7.016624156068885197e-03
3.637376283126299639e-03
3.048757797036975078e-03
3.211006346049188193e-03
3.032389750103801039e-03
3.595409931759676291e-03
4.718581201769821674e-03
3.550754823877831125e-03
4.340866257163227861e-03
3.577290753161141423e-03
6.799767552356006384e-03
6.198929713579465206e-03
3.194769506995193305e-03
2.886838747536941280e-03
4.999514628223533132e-03
6.003258798638204212e-03
7.553898535351999573e-03
3.947224365620292767e-03
4.342945364686678390e-03
4.557970431410382842e-03
2.676843245030909122e-03
5.917830325088020531e-03
4.346207882188902159e-03
8.524086558860144089e-03
5.627083242425577614e-03
5.081472848954365212e-03
7.632124829786270624e-03
7.698054988086029844e-03
6.711686562140565561e-03
7.365047752427871311e-03
8.597070410672256677e-03
5.287619439572220116e-03
4.922890356912595911e-03
3.997944429692861824e-03
8.444073321862097595e-03
8.278250997725784821e-03
4.484681655749320206e-03
4.043416647512563730e-03
5.942751524113359940e-03
4.890013101968960531e-03
7.457399232778609728e-03
5.259869067974827506e-03
5.082079449008803859e-03
6.348333134529039225e-03
6.066569829159616789e-03
2.649785981997456862e-03
7.243539056048145519e-03
7.034222738259350918e-03
2.988072312768474785e-03
8.584665976675925902e-03
8.107494652578085131e-03
2.218114833022721312e-03
8.018804803389413191e-03
9.966928854416794159e-03
7.722407736927726016e-03
4.466556027050558840e-03
3.750093027497318141e-03
9.536302615722419204e-03
3.687793016110723840e-03
4.925605444072140605e-03
4.002225302004105631e-03
6.646784159780504998e-03
6.923634389956893724e-03
4.874255517690076651e-03
5.389999374841023157e-03
4.801803624081378043e-03
6.933620646131022532e-03
9.199388656699563835e-03
5.405413072756627517e-03
3.714470071095031002e-03
6.943258518711793031e-03
2.685881106625209735e-03
5.437851915649417889e-03
4.134657367955435134e-03
5.813733444268098620e-03
8.576212427179340236e-03
7.528597974337614650e-03
3.559564126924410089e-03
4.968423430477766738e-03
3.914332922871069029e-03
6.642723549782891639e-03
7.686497021113978222e-03
3.709273196009048746e-03
3.430351992181928083e-03
6.206433342465346795e-03
3.891701237322663272e-03
4.456778565138580679e-03
6.945177588175315171e-03
8.153152939075050676e-03
5.923243714222010438e-03
3.143148061475481946e-03
3.467527877561163256e-03
3.478272267289463700e-03
7.376614135115117966e-03
6.735130058514070955e-03
4.167203606030152677e-03
4.320664084261119885e-03
3.597979316709896871e-03
5.844515116087098915e-03
3.461058127497072291e-03
1.156694461479837281e-02
1.109709707135557270e-02
5.101973392733185481e-03
6.935746676976134450e-03
4.503412210632778620e-03
3.467214673779204885e-03
5.361496023384389360e-03
4.909040478434056193e-03
7.288867580840668187e-03
3.602785200629308581e-03
3.786879323952027469e-03
5.588017468938067875e-03
4.275511144312175126e-03
5.269365974294172063e-03
3.657868151192441263e-03
5.628171322447900367e-03
5.572731534660060188e-03
8.488428316702458648e-03
5.801190352599684165e-03
7.311561487703388366e-03
3.389246940945463311e-03
1.460567576045413221e-02
5.430620329271882915e-03
9.516950523484378824e-03
8.829103496330306319e-03
5.260475534303852597e-03
9.420039957526998506e-03
6.494689864726655402e-03
1.198437975402146492e-02
8.946184248413233814e-03
4.232855795238398347e-03
6.283650550424665047e-03
1.355463909044804516e-02
4.285387275583910603e-03
6.293155671820416935e-03
4.018227138792991072e-03
5.893286056513844136e-03
6.074499156419827309e-03
3.361011116255778561e-03
3.740473933711909241e-03
5.464936302135943100e-03
9.026776334591360071e-03
5.232488851951476796e-03
5.170611564032293397e-03
3.648663156014763081e-03
8.964240627347566312e-03
3.306387524416480768e-03
6.441537171463678109e-03
4.462522929078038478e-03
3.188289874982317470e-03
6.132760625174107048e-03
5.582905454280737145e-03
3.099186084285675095e-03
4.359402894233286446e-03
6.302359366063154181e-03
3.337793616751371685e-03
3.158427068665629282e-03
4.134451870442042154e-03
3.230593006919535611e-03
5.035585278094649279e-03
3.624855494220502808e-03
3.152921828385325548e-03
3.893323764322731591e-03
8.663912913626477599e-03
5.727511047200383593e-03
4.227406037011331892e-03
4.403250984253168597e-03
5.213395946055157833e-03
3.096415974268585010e-03
3.889778020333422865e-03
3.366157979795193593e-03
3.708592721132007112e-03
4.149950974338060226e-03
5.415486189156647548e-03
2.956200872021551296e-03
3.110307675833490389e-03
4.213540381255418722e-03
3.934555963250072758e-03
4.499045884309230137e-03
4.228027327505894453e-03
3.268105815838116129e-03
3.829001521531548262e-03
4.439812162361162287e-03
8.214748642523410360e-03
9.043676369683201210e-03
3.171993702574176476e-03
1.020713089646465600e-02
3.296563318692006996e-03
4.061217549149244953e-03
3.201585327513384316e-03
3.012673285957996865e-03
4.284539067426015695e-03
3.193065924960537122e-03
5.667322965232767656e-03
2.933316607629584717e-03
3.948334461461621044e-03
4.510244138921189715e-03
8.057220791242465999e-03
3.614855952870228619e-03
5.422142906795398773e-03
6.258687523364705498e-03
2.837745152853319002e-03
4.223001554940162064e-03
3.108850781996399300e-03
4.014954300997805071e-03
8.202678107727866263e-03
4.432558074265349583e-03
3.910344614616137991e-03
6.011419647562836303e-03
5.358999950113910865e-03
8.406845568943110969e-03
3.205938588920672835e-03
4.237914526440533271e-03
3.910288870981341348e-03
4.076430883293277740e-03
5.810639335524780090e-03
3.940859699632358673e-03
5.569068524628508973e-03
5.441221035005911789e-03
2.972911973669611907e-03
2.759220356859339116e-03
5.461031682298661885e-03
6.385803656295964414e-03
3.850869839691643728e-03
6.513043612617176216e-03
4.191312299857466971e-03
6.451309281910791275e-03
3.122981061202814018e-03
5.851621592311978537e-03
4.199047907249411904e-03
5.688670530654157606e-03
7.370141245468191972e-03
4.071389175596279615e-03
4.592027138412468380e-03
4.165673167332699725e-03
7.622493812440769324e-03
3.490178405612903538e-03
4.470984905993003605e-03
3.172420624945888456e-03
4.173753722576254571e-03
4.119592426429130767e-03
2.855567354575009372e-03
5.070350940016533740e-03
3.849242855806193821e-03
3.706264077238295967e-03
7.205613544125899321e-03
2.869455764032941437e-03
3.669310308608942934e-03
3.602177120470497970e-03
7.400192452436052046e-03
3.616774812735754682e-03
4.119923290699949517e-03
2.869877784386262384e-03
6.563826168976744958e-03
4.478165178648490195e-03
4.270341518090212639e-03
4.587303174634152665e-03
5.039663952427037193e-03
6.713630652308663627e-03
4.332315932253715841e-03
3.192927264153818095e-03
4.697669507673172401e-03
3.649982276452332780e-03
4.127566728956960813e-03
6.751121153507055710e-03
3.688078325825724056e-03
5.496384585126848007e-03
6.002085226935796429e-03
2.862147404445655567e-03
3.358152224297221086e-03
5.092023962489760844e-03
7.236088531715409444e-03
5.666594747679410196e-03
3.619257080137252593e-03
5.779534380859679098e-03
3.836695015854089952e-03
4.691100610438828089e-03
3.907293576737275176e-03
6.232492651457910253e-03
6.730287835776694975e-03
5.090954035679461087e-03
3.786522171291620276e-03
3.441987035896892314e-03
5.868322997083934116e-03
3.890482961476391353e-03
3.474560413649855056e-03
2.793831332936789775e-03
5.712972879141981625e-03
6.413472005827084398e-03
5.881834151730973986e-03
4.807457120823475580e-03
2.635387567564542125e-03
6.465928700153524694e-03
4.692480628673579082e-03
6.580972953683277352e-03
4.688069457926616335e-03
6.287969583017915219e-03
5.850857234012908983e-03
6.160157232500871292e-03
5.911859072263814067e-03
4.784263367724700053e-03
5.304441886981947109e-03
6.938025994632480986e-03
3.735293695589790401e-03
3.683284680797056093e-03
8.309312857780106615e-03
8.326024021155193494e-03
6.135437543511708391e-03
7.983113936417769729e-03
1.265527897858625440e-02
6.657731455782468256e-03
7.227646082356881628e-03
1.095236805521815522e-02
5.060429059763034768e-03
1.151924190212279091e-02
7.441455980032358683e-03
8.331450225625690667e-03
6.010299618634050434e-03
7.152913338809715853e-03
1.173897178517912566e-02
8.355061337410337949e-03
1.285590083931313111e-02
9.079321038828965656e-03
6.351917990693648972e-03
5.617290908325171632e-03
8.321259773114009564e-03
6.700797672906232127e-03
4.059884420659927613e-03
7.514980062194785010e-03
8.627680840439248128e-03
7.745847019304632694e-03
9.129837569835678665e-03
6.551068140822481449e-03
9.704077279232562608e-03
3.759340269692511716e-03
9.276841329114406814e-03
6.369152405087298227e-03
9.323946449033180053e-03
6.917310230329138873e-03
1.231596167466983069e-02
3.742452218952695229e-03
4.047744308213974129e-03
1.140292182631811625e-02
3.854729792678788375e-03
1.066581031921258124e-02
5.828621633615565373e-03
3.333657519055770006e-03
6.148545704147634350e-03
6.514734453553543136e-03
3.613937411794969010e-03
1.041642450476072852e-02
6.172801519697241300e-03
8.992887239043319617e-03
6.564256231652887928e-03
8.925853274404137519e-03
3.479696279234026964e-03
1.074114109687073285e-02
8.950740520425614494e-03
8.375273251913575856e-03
7.949237722893499891e-03
6.135171874269724351e-03
3.303383967410051820e-03
6.140324422135952018e-03
4.432480410522970579e-03
6.423681208611588603e-03
7.097539460924021971e-03
5.725583436609288021e-03
8.615171476115877219e-03
5.026845223022592853e-03
3.942346336721445216e-03
3.554959397012767176e-03
6.262414706887675132e-03
6.478067710322139329e-03
6.002807786946759254e-03
6.883078129484452613e-03
6.312713564895339018e-03
3.701031643667014679e-03
1.236007780263857249e-02
5.378972265995721203e-03
4.603387472337613050e-03
1.468819353149209209e-02
7.373201975345505116e-03
6.984364440273302908e-03
6.729841558938735868e-03
5.495313182703818154e-03
5.972697728692237529e-03
4.115318917617121798e-03
1.379141256682326830e-02
7.856387557713510189e-03
3.586809429489822877e-03
5.872525255873044074e-03
1.146932232171459301e-02
1.627463090795687808e-02
1.211757902452133273e-02
4.040236154598341074e-03
1.012485704720532398e-02
1.305772312331234669e-02
6.914337641518810730e-03
3.158676157334201675e-03
1.491632016290726434e-02
7.000096021583348746e-03
1.356953879194570944e-02
8.918736130275214252e-03
7.531255451509368676e-03
5.081870006893684892e-03
3.347180700450912930e-03
6.492247146339234602e-03
5.335432709420309151e-03
4.845850155935801234e-03
7.246573456446165663e-03
7.321896422142734444e-03
1.261363572581387753e-02
8.691011438604338835e-03
6.130131221989366594e-03
3.855079878254140825e-03
5.076959468203075081e-03
8.879102446693409520e-03
6.712589216578621065e-03
1.181438189291790335e-02
6.540924577502038421e-03
5.264598395502587819e-03
1.374750720609551821e-02
4.375724008415703137e-03
7.351583050317275596e-03
4.044684297394346775e-03
1.245374993013414512e-02
1.004695728627195452e-02
3.267415158720974374e-03
5.690846307890491153e-03
3.949126681472503279e-03
6.023094081723437583e-03
7.616835966767356025e-03
3.486318203963273323e-03
7.109056116176587330e-03
6.407486377239096295e-03
6.321032498062360318e-03
1.124448058786029804e-02
5.002984867260557890e-03
4.646212188520611706e-03
8.952742620276734134e-03
5.736701319158456908e-03
5.730747285560248636e-03
3.020135189182449834e-03
4.662588543666018083e-03
6.315120424580210855e-03
8.153932067166962117e-03
2.772484982876642027e-03
5.784115844959339739e-03
5.491356804522845234e-03
7.217581483765449397e-03
9.870897756006533422e-03
4.412740290691187332e-03
8.422454783156913677e-03
4.279050036309243327e-03
5.780357603282370096e-03
4.688610397262805290e-03
9.973509507505229008e-03
6.813833621475040743e-03
3.971448565931887109e-03
8.358068904162246557e-03
7.165507155168717932e-03
1.078915889533580731e-02
6.041687218295251245e-03
6.859369095480176426e-03
6.956737683373552354e-03
5.604357376886196646e-03
7.389667471600687258e-03
7.105080202335013924e-03
3.943501949439653931e-03
1.278796025548457199e-02
5.530379415293080504e-03
8.217439744280029962e-03
8.302788509905508624e-03
9.442006958214468892e-03
1.346883388037905908e-02
6.580654460462862301e-03
8.021399365148078678e-03
1.332950995848475144e-02
8.624129909355312748e-03
4.402620282857460862e-03
5.715940263559163292e-03
7.206802538359738733e-03
3.819774794399677289e-03
4.786238080316222374e-03
6.883975439697193228e-03
6.198524247959123247e-03
1.523107987383519671e-02
7.994803715381301051e-03
4.951826856270783762e-03
5.213064463415822102e-03
6.825265222630698229e-03
7.637749437251675939e-03
4.458685176862212801e-03
8.726642520152653321e-03
1.305949495980653768e-02
1.110286975961527652e-02
9.990129557744920064e-03
5.812771196490859604e-03
4.909564099956222928e-03
7.641448989489640735e-03
4.985624272919740758e-03
5.196739465722560909e-03
6.413194110264839459e-03
8.583108283781571909e-03
1.211602103580542572e-02
1.209975332142892296e-02
7.727042485578278046e-03
6.971934686783833740e-03
8.074882744945692178e-03
1.529229293619072290e-02
9.480029399340356849e-03
9.651276340516892760e-03
6.884707766426874549e-03
1.155426563771259039e-02
1.029326816760901993e-02
6.220938309236795534e-03
1.100221752030420934e-02
7.402119480087428552e-03
9.515598685153973599e-03
1.216053272902678853e-02
4.106911238593689492e-03
7.021822959394069877e-03
9.666476716544195741e-03
1.225444519911790368e-02
1.105838170909037403e-02
1.547770001083278307e-02
6.442844583337694643e-03
1.058615339790146791e-02
3.606968817406121415e-03
5.962582259247557574e-03
7.636539117996934620e-03
4.857773361102932404e-03
8.601845540413537161e-03
1.095943165982912401e-02
6.247418958385507481e-03
1.234304994976147263e-02
8.796765625535588398e-03
1.215208159423900730e-02
4.433736785957298997e-03
6.111600624227634011e-03
9.764465756240408786e-03
1.218577659701444195e-02
1.178931556197470969e-02
6.643143052883839460e-03
1.106862268826269702e-02
1.087548441159827753e-02
8.872656290081659680e-03
1.032075701929871525e-02
6.878971651016054650e-03
1.270615408244459184e-02
1.667763671595147781e-02
5.467238646405858660e-03
6.747016170391154088e-03
5.151324921924184223e-03
1.042847202810782276e-02
1.147206693512606117e-02
1.759368960680621208e-02
8.748082708139129707e-03
7.038078377217471364e-03
1.276567042056000502e-02
9.758251689986252933e-03
7.960490112760679887e-03
3.959853446525380197e-03
7.958244268504971464e-03
8.030074521364078538e-03
9.700389343885066490e-03
9.072325621803918258e-03
1.166300287128425005e-02
7.089854394220885571e-03
5.407895658275478634e-03
6.763145339535520280e-03
5.510551112939228099e-03
6.224382320689916120e-03
6.142572284520812949e-03
9.853052561084790772e-03
9.034895193834187668e-03
8.769634653287053036e-03
8.435438250023548704e-03
7.946980439405976204e-03
8.420840898530125920e-03
1.303652094282082424e-02
1.110980523171896384e-02
5.950433417134842057e-03
4.670669244398242652e-03
1.291552442664582571e-02
6.665350481167138692e-03
8.590947510459084543e-03
8.182084693728863475e-03
4.966381789943521800e-03
1.712386513888148123e-02
4.540457922691372439e-03
4.100851354907600679e-03
1.165850142241698154e-02
1.486393303734849514e-02
1.546654563809682532e-02
9.569633008741161573e-03
1.079318521452728684e-02
5.931093694073294627e-03
9.871469809430689912e-03
1.499301229297140409e-02
6.242662048727629955e-03
2.004707131661795025e-02
7.993614429004881547e-03
9.208419596240911484e-03
1.077610356331292103e-02
7.132845413967690493e-03
6.203552394100503298e-03
9.495434398707642068e-03
1.202831104955298311e-02
9.453541561584817912e-03
9.881217982695813043e-03
4.974154319360698205e-03
6.670097159795060696e-03
8.880974866722261482e-03
9.003651075088520139e-03
1.027060518505921831e-02
8.010575517518131461e-03
1.233956636810635762e-02
7.385202464745293897e-03
1.183565451556578552e-02
6.225181528063178024e-03
7.293691253083910316e-03
7.986614618829759524e-03
1.058532655860122684e-02
7.475719703575487395e-03
5.447932831383422124e-03
1.384394894044996618e-02
5.185341699288643913e-03
4.613060940150406734e-03
1.335548186560852127e-02
1.091392054044157574e-02
4.490896681346141263e-03
4.970798657451475436e-03
9.515398114294837048e-03
