6.453439791947774840e-01
6.265725832065702772e-01
5.648348160421234887e-01
4.725608303372519359e-01
4.693076945618145923e-01
4.390698863562033649e-01
1.289998196827091825e-01
4.186033890196030893e-01
3.828291598750283020e-01
9.887440466664274008e-02
1.931244836366134421e-01
2.794166398812507057e-01
1.433939812847026818e-01
2.731882876380938852e-01
1.244265342012862707e-01
2.828540237701903104e-01
1.834133735017913769e-01
3.299711693603665230e-01
2.782443401435427122e-01
8.790129776952439189e-02
2.702877537960328702e-01
2.670323767202378296e-01
1.989719965423184800e-01
2.873319644938363560e-01
1.600458265170875971e-01
2.940745370819103921e-01
1.530653895124736430e-01
2.654438188684120625e-01
1.273863496642469173e-01
5.220570164947668790e-02
2.531021963264176722e-01
3.358674877405915526e-01
5.193136097442140747e-02
3.147790029375420184e-01
3.758891709675400428e-01
1.334146000702305379e-01
3.621792371437142499e-01
2.592529583568715656e-01
2.274267710043395840e-01
1.765993493169404904e-01
2.285275359184476274e-01
2.633950477368753873e-01
3.643952785805649741e-01
1.343191447192248200e-01
3.767779799667858587e-01
3.337947365184695259e-01
5.289534750517435602e-02
3.467703161681181534e-01
2.671219862416894797e-01
5.121621467467604022e-02
1.369030534985399006e-01
2.707353043839310636e-01
1.482101106686770642e-01
2.819542627908972476e-01
1.363274744564859087e-01
2.847649102469093640e-01
1.891447468076401239e-01
2.983554617218570071e-01
2.755660328580534224e-01
8.790129776980794285e-02
2.729139652638775670e-01
2.794596904314869956e-01
1.943043467565379046e-01
2.862061663515945709e-01
1.483105039192790520e-01
2.887491946272119914e-01
1.511352237602365534e-01
2.672879704755293795e-01
1.297964422582494060e-01
5.148279378044717108e-02
2.566104368040197370e-01
3.387287609278811784e-01
5.199948739692486499e-02
3.201147452723767106e-01
3.758521929926257887e-01
1.335093020321097002e-01
3.626252149099823407e-01
2.602636054098841911e-01
2.276920510325011748e-01
1.765993493168120654e-01
2.282426979893308061e-01
2.623365243526289414e-01
3.637425049272075550e-01
1.339730485864892018e-01
3.763322608858616913e-01
3.295830312921785299e-01
5.251217433869233980e-02
3.442063690706013701e-01
2.636883893294189596e-01
5.109768554445642125e-02
1.346238530669056077e-01
2.698257968260399098e-01
1.489080050728342208e-01
2.834545488863383644e-01
1.387326847297853105e-01
2.850845883862404007e-01
1.902196320738089308e-01
2.938410937800009504e-01
2.750335325466641834e-01
8.790129776987001819e-02
2.734422981269173381e-01
2.825937711274345010e-01
1.933141205325713818e-01
2.859469667275836291e-01
1.459272546900795553e-01
2.875230099005920970e-01
1.506494483330200751e-01
2.677997395261215163e-01
1.306135999422865235e-01
5.133852361957482596e-02
2.577961479721983529e-01
3.396692614129881993e-01
5.205475708734259854e-02
3.217989857631454176e-01
3.758860042529239553e-01
1.335627686334678876e-01
3.627918160757945265e-01
2.606045582906883484e-01
2.277819992474182376e-01
1.765993493167870299e-01
2.281491298592455419e-01
2.619867351955720847e-01
3.635378160074915210e-01
1.338733409810140829e-01
3.762104048782313748e-01
3.281062851430372462e-01
5.240024641670819328e-02
3.433240090338871009e-01
2.625227381936818816e-01
5.109466284058340052e-02
1.338395821093528448e-01
2.694789205608889571e-01
1.491870865496333909e-01
2.840743223596309819e-01
1.397631460016523219e-01
2.852163202597788327e-01
1.906734834337355244e-01
2.920372185063279669e-01
2.748056386554745267e-01
8.790129776981012166e-02
2.736690438490769206e-01
2.840209900782668107e-01
1.928835822135583633e-01
2.858318389785518554e-01
1.449030508463489408e-01
2.869786871015525542e-01
1.504283101151040469e-01
2.680398565063571437e-01
1.310219093589276851e-01
5.128089086256151091e-02
2.583896710153686938e-01
3.401359997808199309e-01
5.208760577571091427e-02
3.226243269802175906e-01
3.759106252490034272e-01
1.335933249386653532e-01
3.628782588591648595e-01
2.607757548511067669e-01
2.278272528758998050e-01
1.765993493167570538e-01
2.281026094021403328e-01
2.618124481278158999e-01
3.634380577922183830e-01
1.338266233207326683e-01
3.761550663953779905e-01
3.273535173303583345e-01
5.234768857589756214e-02
3.428778382694159799e-01
2.619366780750859713e-01
5.110134119538403685e-02
1.334433769641616974e-01
2.692959404119971700e-01
1.493373171882707295e-01
2.844128189646262794e-01
1.403353991330507367e-01
2.852881985373446616e-01
1.909238861956574773e-01
2.910664459950229044e-01
2.746791139021242389e-01
8.790129776989945298e-02
2.737950961057806221e-01
2.848372104707098673e-01
1.926427718672494294e-01
2.857667863841413247e-01
1.443333985230369765e-01
2.866712313557629455e-01
1.503018621188429438e-01
2.681792470547697538e-01
1.312665448755672704e-01
5.125057842617791737e-02
2.587457567438711248e-01
3.404148194045589215e-01
5.210888490888316432e-02
3.231142749761399258e-01
3.759277580509244321e-01
1.336128482860931554e-01
3.629311031836387480e-01
2.608786979216335955e-01
2.278544937743851306e-01
1.765993493167676565e-01
2.280747821677193976e-01
2.617080749782000337e-01
3.633790530053684353e-01
1.337996236058201782e-01
3.761237329794727691e-01
3.268971517117519321e-01
5.231730808350704837e-02
3.426085765134659344e-01
2.615841234853931163e-01
5.110817283723022297e-02
1.332044466106075686e-01
2.691828960905925938e-01
1.494311916485770442e-01
2.846260960632810422e-01
1.406994535979743388e-01
2.853334641160128471e-01
1.910825927781740485e-01
2.904599247192073408e-01
2.745986289793038715e-01
8.790129776978770904e-02
2.738753418515029181e-01
2.853655975308675985e-01
1.924889206319572443e-01
2.857249743365207761e-01
1.439706662870305076e-01
2.864736651052173788e-01
1.502200125500289807e-01
2.682703022379219204e-01
1.314294357120750212e-01
5.123206869559486509e-02
2.589830846401788844e-01
3.406001688643905956e-01
5.212370362140610752e-02
3.234387423194109434e-01
3.759401391395761349e-01
1.336263518984558696e-01
3.629667344326457656e-01
2.609474192332944531e-01
2.278726911740591998e-01
1.765993493168267481e-01
2.280562662710846344e-01
2.616385769353030688e-01
3.633400760430145482e-01
1.337820598253159077e-01
3.761036425334254307e-01
3.265909243255831762e-01
5.229755102361836189e-02
3.424284290268293507e-01
2.613487340543572124e-01
5.111395498148330746e-02
1.330446819219024135e-01
2.691061260370706809e-01
1.494954117868722565e-01
2.847727887421396265e-01
1.409514367149190261e-01
2.853645881849231070e-01
1.911921761333220116e-01
2.900450350318060089e-01
2.745429226879438356e-01
8.790129776982562315e-02
2.739309105808353517e-01
2.857355788305671607e-01
1.923821297231963767e-01
2.856958360663969243e-01
1.437194453818568252e-01
2.863360078803947606e-01
1.501627042899185971e-01
2.683344482831048761e-01
1.315456729145821346e-01
5.121965554683265143e-02
2.591525587290736676e-01
3.407322955511141727e-01
5.213459171872169423e-02
3.236694524720311605e-01
3.759494451450192676e-01
1.336362340234028001e-01
3.629923801881014267e-01
2.609965508615166851e-01
2.278857072893180902e-01
1.765993493167663519e-01
2.280430581146125901e-01
2.615889769973515078e-01
3.633124131697029746e-01
1.337697299105846671e-01
3.760896895781530858e-01
3.263712115014091864e-01
5.228368716199854882e-02
3.422994423771726913e-01
2.611804356981408670e-01
5.111870310272383089e-02
1.329303388607300795e-01
2.690505845116714090e-01
1.495421120201625431e-01
2.848798671997149201e-01
1.411361938962812090e-01
2.853873023920835417e-01
1.912723867410696388e-01
2.897433490161958614e-01
2.745020763047114620e-01
8.790129830585692583e-02
2.739716675000276602e-01
2.860091002846607555e-01
1.923036710805557381e-01
2.856743675805706872e-01
1.435351670640388766e-01
2.862345981066057865e-01
1.501203390498642432e-01
2.683820779675264445e-01
1.316327830868419257e-01
5.121077874997205515e-02
2.592796336376049227e-01
3.408312427955179080e-01
5.214292113151443309e-02
3.238419125752037275e-01
3.759566779081509047e-01
1.336437746005927074e-01
3.630117204643703577e-01
2.610334262004255779e-01
2.278954760455226825e-01
1.765993488510804454e-01
2.280331594393601446e-01
2.615517997085531343e-01
3.632917633278290870e-01
1.337606002232181457e-01
3.760794449810748730e-01
3.262058888066050044e-01
5.227342705144683715e-02
3.422025342778207135e-01
2.610541278074444138e-01
5.112260883138599471e-02
1.328444618165302016e-01
2.690085359855584057e-01
1.495776010819701296e-01
2.849614688343061752e-01
1.412774605941193862e-01
2.854046095731754829e-01
1.913336385107317905e-01
2.895140982774023763e-01
2.744708492482478279e-01
8.790129776936299322e-02
2.740028400393821340e-01
2.862195333905883654e-01
1.922435901394309032e-01
2.856578927059416073e-01
1.433942206831577137e-01
2.861567848204266684e-01
1.500877464621777346e-01
2.684188426121644211e-01
1.317004928308935230e-01
5.120412740183599015e-02
2.593784482337312403e-01
3.409081135035766930e-01
5.214949545245894241e-02
3.239757107139655257e-01
3.759624446217934568e-01
1.336497144198745546e-01
3.630268250606140112e-01
2.610621175518307302e-01
2.279030852918145778e-01
1.765993493201762909e-01
2.280254698806531977e-01
2.615228979330515569e-01
3.632757617479619450e-01
1.337535719151550229e-01
3.760716075084781229e-01
3.260769840196139913e-01
5.226552950676129072e-02
3.421270623735601091e-01
2.609558376350480935e-01
5.112585357894732646e-02
1.327775989944839363e-01
2.689755958917552370e-01
1.496054833381925686e-01
2.850257192568085296e-01
1.413889754380827368e-01
2.854182351238467863e-01
1.913819428265365608e-01
2.893339899008564586e-01
2.744461969455487260e-01
8.790129776974504872e-02
2.740274518919277869e-01
2.863864491134328616e-01
1.921961068048719523e-01
2.856448509318093021e-01
1.432829306185617879e-01
2.860951906825039415e-01
1.500618947808578241e-01
2.684480794278747973e-01
1.317546327608813961e-01
5.119896378072334026e-02
2.594574873055552344e-01
3.409695542238778132e-01
5.215481470621691207e-02
3.240825365765962474e-01
3.759671526092077110e-01
1.336545143208872077e-01
3.630389481107219596e-01
2.610850815146068538e-01
2.279091738738152073e-01
1.765993493284877813e-01
2.280193202420879584e-01
2.614997848836208560e-01
3.632629967809203331e-01
1.337479930170906994e-01
3.760654211135984193e-01
3.259736579650020505e-01
5.225926391458759340e-02
3.420666228066869818e-01
2.608771765125564857e-01
5.112858139527533957e-02
1.327240658529609818e-01
2.689490941170616933e-01
1.496279677749637327e-01
2.850776207130729101e-01
1.414792416880014669e-01
2.854292408460999964e-01
1.914210124833789772e-01
2.891887538066754137e-01
2.744262419763220939e-01
8.790129776997138156e-02
2.740473774134264406e-01
2.865220805349420474e-01
1.921576349098867986e-01
2.856342702054438520e-01
1.431928280296150546e-01
2.860452233369344399e-01
1.500408887704315075e-01
2.684718856724458425e-01
1.317989099478484027e-01
5.119484216428965562e-02
2.595221450448269573e-01
3.410197862985455686e-01
5.215920610581089439e-02
3.241697998189144725e-01
3.759710650234689422e-01
1.336584727909470860e-01
3.630488927180882675e-01
2.611038761645219641e-01
2.279141579219167990e-01
1.765993493146268689e-01
2.280142910377091214e-01
2.614808801105075742e-01
3.632525772014286169e-01
1.337434582362363455e-01
3.760604149397109852e-01
3.258889842828579519e-01
5.225417241277857672e-02
3.420171313811575242e-01
2.608127980444810978e-01
5.113090125049848944e-02
1.326802380291435823e-01
2.689273110371553366e-01
1.496464834898718899e-01
2.851204212592440279e-01
1.415538041820636195e-01
2.854383160418160204e-01
1.914532646569626906e-01
2.890691556216619107e-01
2.744097585460942845e-01
8.790129777020425084e-02
2.740638387355284200e-01
2.866344694210008481e-01
1.921258314799255962e-01
2.856255140190123720e-01
1.431183884448378185e-01
2.860038746567695744e-01
1.500234827556443662e-01
2.684916457989637295e-01
1.318357941580544368e-01
5.119147787724847437e-02
2.595760193195278398e-01
3.410616206254121208e-01
5.216289246295350429e-02
3.242424230963287246e-01
3.759743668488162993e-01
1.336617930471011850e-01
3.630571976147928259e-01
2.611195424826194822e-01
2.279183129126135243e-01
1.765993493298025907e-01
2.280101016681050641e-01
2.614651299911937010e-01
3.632439111007800814e-01
1.337396996679280636e-01
3.760562812523851606e-01
3.258183306545491265e-01
5.224995362351598366e-02
3.419758605438090182e-01
2.607591364395109856e-01
5.113289539629386343e-02
1.326436958475065986e-01
2.689090894117917574e-01
1.496619960288090023e-01
2.851563216522700062e-01
1.416164329507516306e-01
2.854459277292905606e-01
1.914803405470954789e-01
2.889689574905975333e-01
2.743959132429716341e-01
8.790129776965245612e-02
2.740776670222271894e-01
2.867291187031612565e-01
1.920991009894505996e-01
2.856181478847845123e-01
1.430558543069782584e-01
2.859690918051758235e-01
1.500088243436457913e-01
2.685083105543024096e-01
1.318669941356288844e-01
5.118868086182794958e-02
2.596216000087094300e-01
3.410970004703489100e-01
5.216603068122516867e-02
3.243038054919527569e-01
3.759771900253034427e-01
1.336646176836122912e-01
3.630642373764101372e-01
2.611328014227497496e-01
2.279218298130055442e-01
1.765993493191169716e-01
2.280065579755139182e-01
2.614518056653690192e-01
3.632365902241256328e-01
1.337365339211252224e-01
3.760528107056086977e-01
3.257584810032729816e-01
5.224640107803253664e-02
3.419409192432977806e-01
2.607137214058763419e-01
5.113462629350893490e-02
1.326127621895704656e-01
2.688936218343278006e-01
1.496751812370379353e-01
2.851868660671358913e-01
1.416697806761322287e-01
2.854524034786198872e-01
1.915033950215876135e-01
2.888837940751049493e-01
2.743841196547885386e-01
8.790129776939843709e-02
2.740894472308620378e-01
2.868099211034271234e-01
1.920763193222617959e-01
2.856118651890911520e-01
1.430025809963583472e-01
2.859394259281885509e-01
1.499963105588635326e-01
2.685225544179646318e-01
1.318937297662537977e-01
5.118631947085339196e-02
2.596606651602222926e-01
3.411273113844143223e-01
5.216873437888847748e-02
3.243563693208097454e-01
3.759796312439190324e-01
1.336670498811241281e-01
3.630702833074693769e-01
2.611441686220555836e-01
2.279248448738187272e-01
1.765993493217679622e-01
2.280035212380330523e-01
2.614403868738187087e-01
3.632303234673620596e-01
1.337338309830251870e-01
3.760498544064440063e-01
3.257071331813236603e-01
5.224336863879854714e-02
3.419109551303530226e-01
2.606747879839358961e-01
5.113614183333056035e-02
1.325862379918143485e-01
2.688803278063224278e-01
1.496865263006974256e-01
2.852131698660647641e-01
1.417157680709096867e-01
2.854579798865870544e-01
1.915232587469215542e-01
2.888105152584672375e-01
2.743739531503038287e-01
8.790129776729781186e-02
2.740996030272614403e-01
2.868797083511857582e-01
1.920566715888765152e-01
2.856064432118460839e-01
1.429566531728481693e-01
2.859138252541966185e-01
1.499855028171911686e-01
2.685348692083575628e-01
1.319168952145056695e-01
5.118429973808361066e-02
2.596945186676942185e-01
3.411535729690328145e-01
5.217108785568558282e-02
3.244018877941067247e-01
3.759817628827819003e-01
1.336691661019260291e-01
3.630755248457337436e-01
2.611540213676020183e-01
2.279274591742141975e-01
1.765993493166711781e-01
2.280008902703235807e-01
2.614304921688004879e-01
3.632248997543803815e-01
1.337314964832871933e-01
3.760473099032640709e-01
3.256625960562599120e-01
5.224074996459693310e-02
3.418849754781728700e-01
2.606410404466111830e-01
5.113747924267453976e-02
1.325632431956841606e-01
2.688687792271887700e-01
1.496963913310455641e-01
2.852360588129186358e-01
1.417558200322233675e-01
2.854628321857357598e-01
1.915405541272363066e-01
2.887467977205818714e-01
2.743650988311453487e-01
8.790129776962229968e-02
2.741084486538117315e-01
2.869405887006248324e-01
1.920395528694017750e-01
2.856017164638596229e-01
1.429166496185978186e-01
2.858915077363935464e-01
1.499760744973211712e-01
2.685456219552515567e-01
1.319371607015716596e-01
5.118255281226179176e-02
2.597241380235643105e-01
3.411765431796484616e-01
5.217315494790168706e-02
3.244416881240898554e-01
3.759836400054024641e-01
1.336710240674592598e-01
3.630801188047969030e-01
2.611626439070997008e-01
2.279297468435936835e-01
1.765993493251540314e-01
2.279985885401195900e-01
2.614218354208834305e-01
3.632201585755289730e-01
1.337294598171027415e-01
3.760450935745830447e-01
3.256235987870237936e-01
5.223846584079601396e-02
3.418622351317640584e-01
2.606115078577686539e-01
5.113866777899261223e-02
1.325431173647060312e-01
2.688586535280358403e-01
1.497050481983582537e-01
2.852561573883615753e-01
1.417910160185373025e-01
2.854670927835972760e-01
1.915557482110950005e-01
2.886908840197547343e-01
2.743573179638185144e-01
8.790129776887121993e-02
2.741162223485689164e-01
2.869941653393013881e-01
1.920245042791487999e-01
2.855975592626024406e-01
1.428814935117516394e-01
2.858718799165154700e-01
1.499677773583799612e-01
2.685550921123739387e-01
1.319550387482435472e-01
5.118102711685312833e-02
2.597502709289163381e-01
3.411968050064809188e-01
5.217498488019180897e-02
3.244767843144803487e-01
3.759853057140822852e-01
1.336726683011809913e-01
3.630841762237417836e-01
2.611702528931749145e-01
2.279317657797842733e-01
1.765993493188469654e-01
2.279965579871057746e-01
2.614141980594876236e-01
3.632159790328717830e-01
1.337276674623325001e-01
3.760431468230037710e-01
3.255891680482248529e-01
5.223645604198567244e-02
3.418421638172404742e-01
2.605854469648770100e-01
5.113973072366944511e-02
1.325253551069122127e-01
2.688497030233841789e-01
1.497127060613077099e-01
2.852739465246281192e-01
1.418221886823563260e-01
2.854708637479678734e-01
1.915692019974775118e-01
2.886414233112225003e-01
2.743504265262116104e-01
8.790129776914508419e-02
2.741231078087768558e-01
2.870416781875312351e-01
1.920111717834892262e-01
2.855938745218276620e-01
1.428503541088769757e-01
2.858544831530305808e-01
1.499604193361860072e-01
2.685634962548676397e-01
1.319709277342580589e-01
5.117968326924801636e-02
2.597734987168153209e-01
3.412148107785122342e-01
5.217661622153932366e-02
3.245079638009625289e-01
3.759867936892520857e-01
1.336741336711380346e-01
3.630877860069684493e-01
2.611770172157178438e-01
2.279335606714636420e-01
1.765993493158497518e-01
2.279947533495705614e-01
2.614074099789376326e-01
3.632122669660103886e-01
1.337260779951668088e-01
3.760414233445364407e-01
3.255585462409751329e-01
5.223467397565453169e-02
3.418243176806057826e-01
2.605622795718544049e-01
5.114068680556633356e-02
1.325095631829636966e-01
2.688417343490316358e-01
1.497195283820031420e-01
2.852898026417940436e-01
1.418499905775506553e-01
2.854742247973697244e-01
1.915811983256685558e-01
2.885973606452977847e-01
2.743442802576722128e-01
8.790129776824417984e-02
2.741292490426161521e-01
2.870841014668518709e-01
1.919992776362539066e-01
2.855905860346396596e-01
1.428225802210447426e-01
2.858389575125029336e-01
1.499538495555990114e-01
2.685710047824623747e-01
1.319851420831005817e-01
5.117849067833806637e-02
2.597942802394183071e-01
3.412309173927317030e-01
5.217807960415482560e-02
3.245358475280740174e-01
3.759881308612809669e-01
1.336754478077497033e-01
3.630910184605183333e-01
2.611830701374169283e-01
2.279351668088056837e-01
1.765993493702734951e-01
2.279931388766564537e-01
2.614013370731784747e-01
3.632089477008048073e-01
1.337246586580164709e-01
3.760398866740362611e-01
3.255311346513506399e-01
5.223308314543016750e-02
3.418083462563598629e-01
2.605415492413413192e-01
5.114155125019246434e-02
1.324954310107823718e-01
2.688345943509342084e-01
1.497256448608904889e-01
2.853040245931693364e-01
1.418749403824309530e-01
2.854772394364727406e-01
1.915919617335600789e-01
2.885578547426028151e-01
2.743387644682325210e-01
8.790129776697201691e-02
2.741347605277399402e-01
2.871222114649590318e-01
1.919886010138342758e-01
2.855876331952273417e-01
1.427976542183034270e-01
2.858250165386011510e-01
1.499479477746712697e-01
2.685777535657131176e-01
1.319979332377956560e-01
5.117742522623189294e-02
2.598129825651278590e-01
3.412454102982369619e-01
5.217939966971819193e-02
3.245609317295654050e-01
3.759893393540066908e-01
1.336766329979284240e-01
3.630939294788302352e-01
2.611885181347740614e-01
2.279366126070600518e-01
1.765993493008526372e-01
2.279916861797303684e-01
