6.525506378169279031e-01
6.588069940971571503e-01
6.430917548586190247e-01
6.665401445122364210e-01
6.099631428654206378e-01
6.180353453107301220e-01
6.299465096629006666e-01
5.503881837125160770e-01
5.755524107346279283e-01
5.877210782732567029e-01
3.602285217598886757e-01
4.672536987114893070e-01
3.778317983684967296e-01
5.753508742970039336e-01
3.766397637891480965e-01
2.675219692587259557e-01
2.760870665690077774e-01
2.668876316458692055e-01
3.924915195911523602e-01
3.173657373777390989e-01
2.152376047753589150e-01
2.244181528817429661e-01
2.094202828888092338e-01
2.570376296304335284e-01
1.410405248369266673e-01
2.683999467144431716e-01
2.128180408538788149e-01
1.389244626396771987e-01
2.087833942742015336e-01
1.715848049686161114e-01
1.658925961196518473e-01
2.833313673851707848e-01
2.088833159708450848e-01
8.322395793699362276e-02
1.358954240886341147e-01
1.557417286134611667e-01
2.702091046017058851e-01
1.434878654707980872e-01
1.667612350050759751e-01
5.307938222747275725e-02
8.958445993324193335e-02
1.665591439950946662e-01
1.485009659089819856e-01
9.547262082659799254e-02
9.744151293281497206e-02
1.195358724440240827e-01
4.873786507800452472e-02
2.242171462445491092e-01
7.816834259494832848e-02
1.983322124423814448e-01
9.783423000228487487e-02
9.841713147312815269e-02
1.207998301162349908e-01
9.702969054532649407e-02
1.633244704201790021e-01
1.043832677103372630e-01
9.307405395624258893e-02
2.182911163095375973e-01
7.137359296964108923e-02
1.305666977419791264e-01
3.613766753280685945e-02
4.880154364808717699e-02
3.712091895613071207e-02
4.258528858426927771e-02
1.327993483899425342e-01
7.672808184582403934e-02
4.314017806094341129e-02
9.038253857100106425e-02
2.615652675516009704e-02
9.823960870202311235e-02
4.582790133356515194e-02
2.800689637947196067e-02
9.260183681156528013e-02
3.336597993721723832e-02
2.924291691647794983e-02
3.952351720943551167e-02
4.382459310843280637e-02
8.212993238395002726e-02
3.016723942372339859e-02
4.715357553126021256e-02
1.204240018852669944e-02
7.549113212588916266e-02
9.474600975304456676e-03
4.077215648788666547e-02
4.185167361038193840e-02
2.723767664512259656e-02
5.803188371167640469e-02
8.189272122115398567e-02
4.265524473898292535e-02
6.473631854965246346e-02
5.416972885390198417e-02
6.966576512212470373e-02
6.145890752192607887e-02
4.263004184832947657e-02
5.763681097447239526e-02
2.888934714707702342e-02
4.766238213061361334e-02
7.895906225652399302e-02
4.101197124488271950e-02
4.384772043420110538e-02
8.418987895665691612e-02
5.948737993870177598e-02
4.854990594538011184e-02
1.754359262446513953e-02
2.067353638596002019e-02
2.618620668755749364e-02
6.935095238486795044e-02
4.985909514088226330e-02
1.931374116100791766e-02
1.563477011039512282e-02
3.060863562530701312e-02
5.210391487594608767e-02
1.262658196091712842e-02
2.100561437660267844e-02
2.796969075635916124e-02
1.281525789266627600e-02
2.214457538237871517e-02
7.405322860827659448e-02
3.633366455064716838e-02
2.712504071057129235e-02
4.921344704625948974e-02
5.520763977079114898e-02
2.573320622464563695e-02
2.928384081076017970e-02
2.510332263945450407e-02
3.166353590488798359e-02
2.530030757479683964e-02
2.305420986906692171e-02
3.199204023197031038e-02
1.435154889467508792e-02
1.257584551795235504e-02
3.962703537644937657e-02
1.909316069543599143e-02
1.721650653478166287e-02
2.349593858083142903e-02
2.445533655613052471e-02
2.837041710473442793e-02
2.984787549871126267e-02
2.467449084849731092e-02
2.079634007677167232e-02
3.340121622854042016e-02
2.625555969818750210e-02
1.876556976568174995e-02
1.176058233048178289e-02
4.977184354301138203e-02
4.448619454161089476e-02
3.605669776653872699e-02
4.464594266722141797e-02
1.248908580239809635e-02
1.248836303518503429e-02
3.938761569831763371e-02
3.297417451808711680e-02
1.989243863431723255e-02
2.886287078115066726e-02
2.089850642023624236e-02
5.387050830424481435e-02
1.568968608980014084e-02
4.671298188749961611e-02
1.513422794764882756e-02
2.834583711448432353e-02
2.117159413344513880e-02
5.236931552976969301e-02
5.557041224094104448e-02
2.067635255008185013e-02
1.649345549677935438e-02
1.819781085285288036e-02
1.406587651987903885e-02
2.505894435706296913e-02
2.236390206301384909e-02
3.744290322086351458e-02
2.545057225476307639e-02
1.825327509686865482e-02
3.245205358158640557e-02
3.284340179124877607e-02
2.755404554611087103e-02
6.918634394805566606e-03
1.180741907758714460e-02
3.581722726888837693e-02
4.030504224031653676e-02
2.157733570697126582e-02
1.677487471952534767e-02
2.522715004748958892e-02
5.295768747013982619e-02
2.312058159146253636e-02
2.426093238411858657e-02
3.172441178637683268e-02
2.281941014179369662e-02
1.810162229047363597e-02
2.518330643116821824e-02
4.475207090599116200e-02
2.356665294786532486e-02
2.870630022728605513e-02
3.721884735246303727e-02
2.261629207005501005e-02
1.490152116123402704e-02
2.578082721981450609e-02
4.820416930440416664e-02
4.317088178757720607e-02
3.401852924663981842e-02
1.655120512919328046e-02
3.401057332361561575e-02
4.285849533262952454e-02
4.743575436401903378e-02
2.536849361386465593e-02
1.468990341308978008e-02
2.153562429538537215e-02
3.554465869578473519e-02
2.995903219443838902e-02
2.784325290451642940e-02
4.734664088646007435e-02
2.475876708904467538e-02
1.738898909256014758e-02
2.547958978327292609e-02
3.413977365863161972e-02
2.625704639774488827e-02
2.373747471937868309e-02
5.126484263085270832e-02
2.681082624273340570e-02
1.746775495464664846e-02
1.992235598712733050e-02
3.835160725973949664e-02
4.124591091528414383e-02
1.246750961722509383e-02
6.885598995444061100e-03
2.900014254084164536e-02
2.665396216698360035e-02
3.125379773722938848e-02
1.981868893084902730e-02
2.555036305774971081e-02
3.883777452638034061e-02
2.337310081249911742e-02
2.366167348518508767e-02
1.577405238071524426e-02
1.623322256082973189e-02
1.668819894998792297e-02
1.945594303668871441e-02
4.901115639941645841e-02
4.801653340787054303e-02
2.137237440744180553e-02
2.897084725224932308e-02
1.773304232480338999e-02
4.971767950053718882e-02
1.418246327128821170e-02
5.455728202607348226e-02
2.324516081461002609e-02
2.866825899327005503e-02
1.918512575868353345e-02
1.946472217884960207e-02
3.272259531217763806e-02
1.272097170189945975e-02
1.611865309221365006e-02
4.438555575127811625e-02
3.709140701130801687e-02
3.777301824265039826e-02
5.512231853736286602e-02
1.154011893473430410e-02
2.035772817795465997e-02
1.911443770423870009e-02
3.435600041321071330e-02
2.171554010374655494e-02
3.204466681127715599e-02
1.889394959816376868e-02
3.087183431926581248e-02
2.339919013501069386e-02
2.245227183765109713e-02
1.437163985605802163e-02
1.670007512122341845e-02
3.001466996128948975e-02
1.441986633217751633e-02
1.531337757618800831e-02
2.700254545634674791e-02
1.792574826633850510e-02
1.873116356225823162e-02
2.748375627694487830e-02
2.756365137465069046e-02
2.759541384507875963e-02
2.169658563926970055e-02
5.048045723862044226e-02
4.958804487086689028e-02
2.678155475174447825e-02
2.306599047309032535e-02
6.065161376402832677e-02
1.582765296073374017e-02
1.137755592860073377e-02
2.654590041469360312e-02
2.177741140340816103e-02
8.439609703933979509e-03
5.274980914049515190e-02
2.277964915397179269e-02
1.790797869251111243e-02
1.273743296593711667e-02
4.259213700452983004e-02
5.739579964220263564e-02
2.251154250860932030e-02
1.723026533302877278e-02
1.753435224983620339e-02
3.060790715456018080e-02
2.405097777814783205e-02
4.479167424763547817e-02
4.400031994681630199e-02
3.644442680268504542e-02
5.481321873144524848e-02
2.988150781955717719e-02
1.721870115209122448e-02
3.278278472090537937e-02
3.287046832409599301e-02
5.162003314409548127e-02
4.949310120655792122e-02
4.155085113166576138e-02
3.526716972049495635e-02
3.199375022639548011e-02
5.448982752401795859e-02
5.042586760148829589e-02
1.754622557368088615e-02
4.183613333044061688e-02
2.882530020566951429e-02
6.257439323098941755e-03
5.785920638370743718e-02
1.044300784489100332e-02
3.450138040643774273e-02
2.478320801540631960e-02
3.568289935982164873e-02
4.353033048923173748e-02
3.093929950065879217e-02
1.731771113057523070e-02
1.614939436716064658e-02
6.054477699459984846e-02
1.353425388256347846e-02
4.040781753565157036e-02
4.060507544989220424e-02
1.621911788758602369e-02
6.543872096540732930e-02
3.064034837102486142e-02
3.879935663534479079e-02
5.607538304508557364e-02
1.869302634850623923e-02
2.761539514400396592e-02
9.311226549793463064e-03
1.600184568990584144e-02
7.071280982931077430e-02
6.076263836433769966e-02
1.066791148082294749e-01
6.291162061094246472e-02
5.291990578355078995e-02
1.015049124252999785e-01
5.848977645559357008e-02
7.292323127972588637e-02
7.341628022081202187e-02
5.105659022846171374e-02
9.633561380566085797e-02
5.440493623832454856e-02
1.258168262249935998e-01
3.887669640849330394e-02
5.244266673728281009e-02
2.472418436745819903e-02
6.726735288691967907e-02
7.240375805112617136e-02
1.111024763023466116e-01
2.004977928985892180e-02
1.617467468324696941e-02
7.892264156212509818e-02
9.674276461423131357e-02
1.381262461545081366e-01
7.298723584280970844e-02
4.775805799077251224e-02
2.356535074995913179e-02
9.543896981239594068e-02
1.212263194510762171e-01
7.172642390211075858e-02
5.222935911708968121e-02
8.107114208339420702e-02
5.447539628697085912e-02
2.673614291436086920e-02
5.908898530729722598e-02
5.990137249151139542e-02
7.536339212621999406e-02
7.290465947218588427e-02
7.946389795091374220e-02
8.402093382930578280e-02
1.356636591881499321e-01
1.843714019518746250e-01
7.718297997615598816e-02
7.407613073302786455e-02
1.470984805229929304e-01
1.201280055751149378e-01
1.771760594880069928e-01
1.448620278873483380e-01
9.970143722321045399e-02
1.022935077648603058e-01
2.118667360815472134e-01
2.098523777498968179e-01
1.639134515631699707e-01
2.180216117674272924e-01
2.050528707265223405e-01
2.044946268463858352e-01
2.081752553378601600e-01
2.484483235302033244e-01
2.325992658436260574e-01
2.118978457674883797e-01
1.691551075419837347e-01
2.120158646923558377e-01
2.329576384887359353e-01
2.488916381461530880e-01
2.085739370795522130e-01
2.050430662349632949e-01
2.058844399174525885e-01
2.193758908397060170e-01
1.646415502788645957e-01
2.109460746096180894e-01
2.127423569961981176e-01
1.027796589798811167e-01
1.003330501520810908e-01
1.461198097844890187e-01
1.781333177321376693e-01
1.205258205873121630e-01
1.481433891095579325e-01
7.438039455839831615e-02
7.848770871321937570e-02
1.874442027206841554e-01
1.375075814881525360e-01
8.493027456540001852e-02
8.040677148518136919e-02
7.358439658356751012e-02
7.692519412953806313e-02
6.112087895286927308e-02
6.052728462841193424e-02
2.705886453277326145e-02
5.570929838942843826e-02
8.267539592481668032e-02
5.287281350630787524e-02
7.321785841684629037e-02
1.234493644671795926e-01
9.859552957720343902e-02
2.428708086428975690e-02
4.901531356887852547e-02
7.418654786949575863e-02
1.406277467544763682e-01
9.891764499095226371e-02
8.139792787652774808e-02
1.610265979047241502e-02
2.000436909045125861e-02
1.139253061393135924e-01
7.464860418943404519e-02
6.883765424241376774e-02
2.503007847059645838e-02
5.532030560327049623e-02
3.894587899969403910e-02
1.318074543665310183e-01
5.598517171883080068e-02
1.006257611899806642e-01
5.260645829971117432e-02
7.544668764867842881e-02
7.499188795630834514e-02
6.068317528249497078e-02
1.052936008837285775e-01
5.493149218902036723e-02
6.495269081506367670e-02
1.112803549860733182e-01
6.197939639662591871e-02
7.368472219978923488e-02
1.659074686525340708e-02
9.345650819413176685e-03
2.799205617322687509e-02
1.899288160065916442e-02
6.048086866033890174e-02
4.116381923542741100e-02
3.253446749227524581e-02
6.783760185115447761e-02
1.611559396454209300e-02
4.326832247761740885e-02
4.117474237459572972e-02
1.421296600185971079e-02
6.321657492503929276e-02
1.620966901767196058e-02
1.764939423815247918e-02
3.222107506105553743e-02
4.353897097925077397e-02
3.843761254047994153e-02
2.520619333981559407e-02
3.474986354354441670e-02
1.061828957994609586e-02
5.994544187939988833e-02
5.791319182520727332e-03
2.987485076156126337e-02
4.184083199941539960e-02
1.935976698093741857e-02
5.208338881212618704e-02
6.050002114022309807e-02
3.370796750230080352e-02
3.904132770451202578e-02
4.344418231722709661e-02
5.405687405468129897e-02
5.304970101467955390e-02
3.380754888153377630e-02
3.650638588125879047e-02
1.805831468110484159e-02
3.195120449758439424e-02
5.871095945110542391e-02
3.716285463206479150e-02
4.391567632893095263e-02
4.968657144324734737e-02
2.626609771786516528e-02
3.327259377135972918e-02
1.743846992933059323e-02
1.789491174149112490e-02
2.314085387140777522e-02
6.032971408450225198e-02
4.427466482096469730e-02
1.368978850092918836e-02
1.696948523198537825e-02
2.382849509133169036e-02
5.247693982310752681e-02
8.884759282622431420e-03
2.141799155335107757e-02
2.708572280736825169e-02
1.151906309037074860e-02
1.704910797794961450e-02
6.541679892000859531e-02
2.658937651135756183e-02
2.692997802851944747e-02
4.931797282392590825e-02
5.236099616335206791e-02
2.297216685583937726e-02
2.817995047797612965e-02
2.642144275899528313e-02
2.878509092223472191e-02
2.058276238352160434e-02
1.958640846906419333e-02
2.898454650537390931e-02
1.483023431535797701e-02
1.354579554002122502e-02
3.273649007117173521e-02
1.754435523980976686e-02
1.538154312514807172e-02
2.281624686052585380e-02
2.378379112309626092e-02
2.945428195393503396e-02
2.151786439079690291e-02
2.730741024812276263e-02
2.118088918346173674e-02
3.387127525826109931e-02
2.079001593372160547e-02
1.950047108231590248e-02
1.165284095553072857e-02
5.229257384740931131e-02
4.041807635554379302e-02
3.651001067785938220e-02
4.441970526862883822e-02
1.370449535933668597e-02
1.259281827118486838e-02
3.508155315594960189e-02
2.402840442854873790e-02
1.946097909626976624e-02
2.876151338297347135e-02
2.192904805070084936e-02
5.417388404409109737e-02
1.461452475280544498e-02
4.803665587268379084e-02
1.622136184304306949e-02
2.861227631492571991e-02
2.115957637589634815e-02
5.030082620613068184e-02
5.228519569313831022e-02
2.016797619966713070e-02
1.651198623063780332e-02
1.737710479613929770e-02
1.468372834833477948e-02
2.448908263283635159e-02
2.270587847125594971e-02
3.798236217536977988e-02
2.547577183895070180e-02
1.882991847695393225e-02
3.194017340373850322e-02
2.972750693111742351e-02
2.804082115730632124e-02
6.856398741838584145e-03
1.204273440710924327e-02
3.756791568494223521e-02
3.955672295746523459e-02
2.095024098504966528e-02
1.701775730949022652e-02
2.563351444329858841e-02
5.234000856061696988e-02
2.327249682685433169e-02
2.489831309047487937e-02
3.230806251331607565e-02
2.361627267307628286e-02
1.784619519887314237e-02
2.503198576543723755e-02
4.547096845234322587e-02
2.466317145312652004e-02
2.903576809865733577e-02
3.664964283752348423e-02
2.224990456735905647e-02
1.482985431147916880e-02
2.564200494588029719e-02
4.794748852304137748e-02
4.306662236195007987e-02
3.401587714449814254e-02
1.655120513016586706e-02
3.401322516148220371e-02
4.296249355245986695e-02
4.769135048872434612e-02
2.550456642700040313e-02
1.475932297179512014e-02
2.188973262477781831e-02
3.609166175055190245e-02
2.945008759866502360e-02
2.605611772590802136e-02
4.633097594941569530e-02
2.489076560406797145e-02
1.760929748503260728e-02
2.450013434265569529e-02
3.310206246761934756e-02
2.556373657074571815e-02
2.347876827904207472e-02
5.177813431154706936e-02
2.615968684689143689e-02
1.724844637917539655e-02
2.040321715623116122e-02
3.891190677827339323e-02
3.937797633208825476e-02
1.226235196064419733e-02
6.847504999496724885e-03
2.852433176089703287e-02
2.787128292790965259e-02
3.155427441712422426e-02
1.934904448043973241e-02
2.551059760304441593e-02
3.844180958297770817e-02
2.304404693722716946e-02
2.403377235407030618e-02
1.525134774201812767e-02
1.674078682944294197e-02
1.658336277898888808e-02
1.977242941261988379e-02
5.031417310057109682e-02
4.895658165947809615e-02
2.125211262411874982e-02
2.881350364218498300e-02
1.706283525682236735e-02
4.899361321814665188e-02
1.428844006109270849e-02
5.439242420368178843e-02
2.267734195165514027e-02
2.870355389294519666e-02
1.927651665483191834e-02
2.098092081473403731e-02
3.349185605595995235e-02
1.266638613180309271e-02
1.492502840858623246e-02
4.437695669480219707e-02
3.684380586197962687e-02
3.870096949637031464e-02
5.394986764906444660e-02
1.158582557853887231e-02
1.999826370383717827e-02
1.956656115447549110e-02
3.416034942313455475e-02
2.148682405454226813e-02
2.977728077303617299e-02
1.965244246973057649e-02
3.025786699511046757e-02
2.352611006400964419e-02
2.256881119448965120e-02
1.471068220880938741e-02
1.698154842897239142e-02
3.084861595141688562e-02
1.408081976861193935e-02
1.512126254414080349e-02
2.770744193048058773e-02
1.846752873764199651e-02
1.930300791244675407e-02
2.789425228425199133e-02
2.712560891409422983e-02
2.778772376187029630e-02
2.210565331278804488e-02
5.114899009061067009e-02
4.946948791061966944e-02
2.683634627548335191e-02
2.415458892127136936e-02
6.227253408540518037e-02
1.615523796833743392e-02
1.138555547005704396e-02
2.673414192137952075e-02
2.164107566648626815e-02
8.526435714654896636e-03
5.264995552600484907e-02
2.300570556420080889e-02
1.756817976963562927e-02
1.297866568140032019e-02
4.307900001103746185e-02
5.827152683532588195e-02
2.266737596795780421e-02
1.741021681355919837e-02
1.749009931778845381e-02
3.131315409143628492e-02
2.453476408753415064e-02
4.606365933681024621e-02
4.396775650626615767e-02
3.661766863265009109e-02
5.586704253336854942e-02
3.039216820674681477e-02
1.738446279506486794e-02
3.380240469012129462e-02
3.305532095656583957e-02
5.197390573674585956e-02
5.086066592155200766e-02
4.204834312580042754e-02
3.627883043660247442e-02
3.246020659988006762e-02
5.628459495110639532e-02
5.091180296893683260e-02
1.806979749425920156e-02
4.183764868523320857e-02
2.906011625791921071e-02
6.086458155255399134e-03
5.838065921253650370e-02
1.048352190393399622e-02
3.447464888353521384e-02
2.486790738193690731e-02
3.634232687411027840e-02
4.352707801431875828e-02
3.128967888508656786e-02
1.735657823357668328e-02
1.610240717507648023e-02
6.119950612574421439e-02
1.368770734620431383e-02
4.061376586060018445e-02
4.123829799273025232e-02
1.614310018403094724e-02
6.604679742452897184e-02
3.117107993492921822e-02
3.938116825951835237e-02
5.717449098773324384e-02
1.872178312509687609e-02
2.768368383936544233e-02
9.290500170507589098e-03
1.612959301371619941e-02
7.142108741373341674e-02
6.108444084236136495e-02
1.077602923595825657e-01
6.341448959761968041e-02
5.338890061315510610e-02
1.024404140998394636e-01
5.902815608721233981e-02
7.340621684852208229e-02
7.393771740039757623e-02
5.141397037573011003e-02
9.739144177736959451e-02
5.480433445367502432e-02
1.273481930510195481e-01
3.886577104373375308e-02
5.316658691548647314e-02
2.476508839245571830e-02
6.765902952419247662e-02
7.294310743548923504e-02
1.118080314651735685e-01
2.001127858306218574e-02
1.613648425697360861e-02
7.952512985165015313e-02
9.728589095291813316e-02
1.386987142871667911e-01
7.325227907477033229e-02
4.805343547040422103e-02
2.373770498256942696e-02
9.622388404461858225e-02
1.217435051937815066e-01
7.208129675902720523e-02
5.236419181385965071e-02
8.144915803466301618e-02
5.477283392030270898e-02
2.680478664654605686e-02
5.943405045328061659e-02
6.019965896031858471e-02
7.574078426723400426e-02
7.305574276064900896e-02
7.968446667894728275e-02
8.423373694519790955e-02
1.361092765695038065e-01
1.851305113427313687e-01
7.750195942085762180e-02
7.413976907546090955e-02
1.473492272855611296e-01
1.202130327635015650e-01
1.773991370724587457e-01
1.451690741143678576e-01
9.985227978419630723e-02
1.024089548637130559e-01
2.120765898967210406e-01
2.101196755445285114e-01
1.640909747851764799e-01
2.183574466946163750e-01
2.052581710250981351e-01
2.046296449267473172e-01
2.082734884669617814e-01
2.485584015974862948e-01
2.326885907786362950e-01
2.119272641649568023e-01
1.691551075483497257e-01
2.119862738650957756e-01
2.328677788424644568e-01
2.487800655695469876e-01
2.084728438440945630e-01
2.049038926645504466e-01
2.056740003867986999e-01
2.190346539298639039e-01
1.644551172620433155e-01
2.106666790284113799e-01
2.125146301112718905e-01
1.026521934705906802e-01
1.001682851861799145e-01
1.457982599619986608e-01
1.778783065829973309e-01
1.204124331880209731e-01
1.478722406893162866e-01
7.429237995888940405e-02
7.815473233558280219e-02
1.866678974795425439e-01
1.370322761113844379e-01
8.468925431365474654e-02
8.015679083935250970e-02
7.339671072949505159e-02
7.652261140281979568e-02
6.081008053469739300e-02
6.015422394910253240e-02
2.696685779955403442e-02
5.539087731549348359e-02
8.225335849178380676e-02
5.268785802517830102e-02
7.282885509925404732e-02
1.228586771896613972e-01
9.780400399064641259e-02
2.409937328447942645e-02
4.868406064739223826e-02
7.385555335844208591e-02
1.399555915538224504e-01
9.837550387733065560e-02
8.076589214784139770e-02
1.610222694419261372e-02
1.999096335269055433e-02
1.132227093695955950e-01
7.406950440339253594e-02
6.844643050844320675e-02
2.492180119748264519e-02
5.460757855115866422e-02
3.890418749324182912e-02
1.303473991651369068e-01
5.559655410556167687e-02
9.954330998197885583e-02
5.219448772090229394e-02
7.495519644935048909e-02
7.444838248393059743e-02
6.013014238188786609e-02
1.043436506560949245e-01
5.440224263190565623e-02
6.444071143314500372e-02
1.100776906157878432e-01
6.169373181805429956e-02
7.291752207878302028e-02
1.642763141791585280e-02
9.311593311164134343e-03
2.787735710748771509e-02
1.887921368510722328e-02
5.938574450552983747e-02
4.057014925769399788e-02
3.211431848118292270e-02
6.725300110283628785e-02
1.609964299948835748e-02
4.257999900121486880e-02
4.099796434389729044e-02
1.403133800592900639e-02
6.254701243291826973e-02
1.614362116094954225e-02
1.753171797546724392e-02
3.193051242495473230e-02
4.353295934608656520e-02
3.773215835488204217e-02
2.508636381628459935e-02
3.461855607514090216e-02
1.057302030154947531e-02
5.943531476925378171e-02
5.863025912384136132e-03
2.959651032997584821e-02
4.183994333508928021e-02
1.897059442370524485e-02
5.173472855060295972e-02
5.925667744545873999e-02
3.331924013603036056e-02
3.816877847048405492e-02
4.300205567617769453e-02
5.311705335499701530e-02
5.270136603174296192e-02
3.354377027384342069e-02
3.566447219136632124e-02
1.781948514194187441e-02
3.144142475500373568e-02
5.782338723463736202e-02
3.698593913692398150e-02
4.392823536060304346e-02
4.852741829279044045e-02
2.566767147751010739e-02
3.265411835454565259e-02
1.744786654698056438e-02
1.774523682870616376e-02
2.298939878826300118e-02
5.972663435586219455e-02
4.391863523552880927e-02
1.346173958789807432e-02
1.712312536714644812e-02
2.355222324544192780e-02
5.252099156283467768e-02
8.760292696084149774e-03
2.147310667011293958e-02
2.699300121350683632e-02
1.146772121159888441e-02
1.677279862468049679e-02
6.457244661973120248e-02
2.589025473078139170e-02
2.690630984734947162e-02
4.935018209602133610e-02
5.204594308763138555e-02
2.273091380332238620e-02
2.807297796330135778e-02
2.659453346023173820e-02
2.853524920021497172e-02
2.021725621945982126e-02
1.927772036618610393e-02
2.865255841987097638e-02
1.489965485886725512e-02
1.367618848999814334e-02
3.219619698564415294e-02
1.739198342484349000e-02
1.520051413045790147e-02
2.274836120315359284e-02
2.371419267183236257e-02
2.963396445852191363e-02
2.096525648477194637e-02
2.781684350705749750e-02
2.124929618689794242e-02
3.393962352012632605e-02
2.042009749370338537e-02
1.961478456754392127e-02
1.163705003648327421e-02
5.267667143996745960e-02
3.996904716736426888e-02
3.658535317574247714e-02
4.440336965316193929e-02
1.394966855421144944e-02
1.260950784838899864e-02
3.464901433301145056e-02
2.319779963554732469e-02
1.941196448830019572e-02
2.874735574074614719e-02
2.209713431812164799e-02
5.422310144169015939e-02
1.451764216190762000e-02
4.825190220509964489e-02
1.640640586045253105e-02
2.865688962789087954e-02
2.117345584664383565e-02
4.998792723543116906e-02
5.181503462921206032e-02
2.008115722453829646e-02
1.652278999339609755e-02
1.723726194206817719e-02
1.480109347377146951e-02
2.439005592615996892e-02
2.277403486856705364e-02
3.808004913640259531e-02
2.548215339639486529e-02
1.893806547707208368e-02
3.185451761642762308e-02
2.928355294308998893e-02
2.813795667937506184e-02
6.850599336055905077e-03
1.208787384661483971e-02
3.792523846797206388e-02
3.942016028970378450e-02
2.083492683274998022e-02
1.706484380875741835e-02
2.572904597175216732e-02
5.222341986411893622e-02
2.330947667453916669e-02
2.502916232173756084e-02
3.244912744520186965e-02
2.378583469023746663e-02
1.779739954186856238e-02
2.500296330398464953e-02
4.563126269782252081e-02
2.491546669465695418e-02
2.911156269840003280e-02
3.653715676576248239e-02
2.217737787004888175e-02
1.481565797241170268e-02
2.561440713173039965e-02
4.789621752318890674e-02
4.304578615091465832e-02
3.401534674876137421e-02
1.655120514251613370e-02
