4.205992991005592097e-01
2.844673548638997351e-01
3.519046297549033864e-01
3.306875317963761662e-01
2.594204850416444996e-01
2.119542200895130624e-01
2.221012689072996427e-01
3.266157052890591994e-01
2.302952304588297416e-01
2.722850005964729814e-01
2.053944734109690584e-01
1.567598195915567150e-01
2.232268508656511941e-01
2.676517413392778821e-01
2.217152387750248588e-01
2.342844332549435249e-01
2.749485686943984875e-01
1.492786125958224519e-01
1.931576038508585336e-01
2.061049620466402776e-01
2.080743248668266709e-01
