6.353685096339524163e-01
6.490292260983487882e-01
6.577143709345876221e-01
5.532409723707216731e-01
6.116545350156284977e-01
6.150882440643268279e-01
4.490210115153025483e-01
4.124494921056043317e-01
5.161701676582416409e-01
2.640581897406736323e-01
3.693310732504938021e-01
4.865073532255461686e-01
2.192282312592637450e-01
2.583583886784497352e-01
3.197766125083633115e-01
2.592606032481014622e-01
2.551785557595560583e-01
1.316246228470436819e-01
9.771997955380026801e-02
1.191999140931032514e-01
1.626891307273064802e-01
2.092295340173603024e-01
8.109530466691589057e-02
2.284964565855780727e-01
2.010680555424693428e-01
8.883645258918737575e-02
1.466268426875106390e-01
1.054962853127880962e-01
1.015926357826608672e-01
5.511456090033405725e-02
8.459780568861108296e-02
1.077732472873322717e-01
3.106050027453880619e-02
8.688881569758619139e-02
9.804873085447911307e-02
7.412629702971222645e-02
8.348979849622154004e-02
7.215123901619287239e-02
4.121369376322191885e-02
7.207412687175528132e-02
6.013581072796025939e-02
6.943012828589963104e-02
3.041316541996004832e-02
8.063086594399583584e-02
8.226235413754108550e-02
3.944275153759514013e-02
8.313206804063440203e-02
4.045431055193596248e-02
6.141526366134299197e-02
3.711079267105769214e-02
7.202197156889197927e-02
2.898091575347621490e-02
3.533481299864214137e-02
3.239295458288149465e-02
2.389495298841669627e-02
2.959456331165393264e-02
2.434105678000592771e-02
8.714350333349446531e-02
5.114613490721468814e-02
7.110972135660091620e-02
4.949416332608212038e-02
4.011753324675204624e-02
5.348836561784137134e-02
4.890982965910173341e-02
2.240077529298111284e-02
2.035875936453251586e-02
8.139356059803611043e-02
4.168019269605478111e-02
2.614991429008629159e-02
4.978339264023488864e-02
3.165042955072072672e-02
3.971548211588774024e-02
4.708540376295146379e-02
2.009958594663738968e-02
1.841585720493197492e-02
5.133577338778044091e-02
2.924238049711736995e-02
8.637888215894751198e-02
5.827283630171514739e-02
5.144300572730380744e-02
3.616115211893671660e-02
2.152832916189290416e-02
2.150712518736933032e-02
4.098900154498449910e-02
4.543206571554449236e-02
6.687831732526881845e-02
4.772780905661667267e-02
4.603378396920667498e-02
1.585432998326014725e-02
4.953745450133820866e-02
8.290350251639587442e-02
3.654218097574018359e-02
3.034418032989744454e-02
2.768780560813377534e-02
8.102949839528429676e-02
4.867664320713654957e-02
3.036935635137815240e-02
4.239861422118361423e-02
1.268443653991549736e-01
2.652018941932548363e-02
1.265411621519091367e-01
4.170907554493512998e-02
2.871778326621114361e-02
4.923926268427249869e-02
8.408169701253345729e-02
3.074220386600989494e-02
3.013199863735257361e-02
3.929463721561599759e-02
8.043585067918034015e-02
5.822146761397525849e-02
1.677301164041865647e-02
4.680233591369827029e-02
5.160367637273459429e-02
4.956535567801307468e-02
4.539069106353549321e-02
4.192846424212350737e-02
2.138302310996550298e-02
2.000413736885328989e-02
3.429603514392546432e-02
5.197826591226983872e-02
6.351552113636151076e-02
8.565275689975207496e-02
2.690083612025082754e-02
4.997286590171264725e-02
2.182599830309071495e-02
1.894105558722099583e-02
4.556763307353210030e-02
3.105976797744946713e-02
3.323040355224476244e-02
4.709787007246940549e-02
2.288349154429630133e-02
4.059352792653612985e-02
5.217425163587335185e-02
2.257027301011860568e-02
2.430063521026691598e-02
3.859995348467400167e-02
4.795818962804385827e-02
3.361365678628273901e-02
4.867416705967569923e-02
5.808244819245779456e-02
4.633808140527567038e-02
8.549694925452178129e-02
2.834188020615770881e-02
2.484251997346177687e-02
1.694560743566359690e-02
3.807416934297183642e-02
2.174376181549039777e-02
2.510381686224157083e-02
6.566371123804544407e-02
2.888876252279623871e-02
5.656931303492512136e-02
3.218709889685947984e-02
4.636440619694985610e-02
2.627554986549707206e-02
6.765229832049679537e-02
7.507814176747010237e-02
1.720786716041866268e-02
4.535409207343601284e-02
5.576886710043285622e-02
5.116430044355384926e-02
2.495408662028822736e-02
2.490530395851205114e-02
3.645099674305658788e-02
2.921240008227470042e-02
5.944326858914557310e-02
6.388439803080137036e-02
1.758470666052281209e-02
4.090284960125761121e-02
6.034169467890727889e-02
1.644347980990329416e-02
4.023276672332942727e-02
4.388477073411639617e-02
6.915406005405498602e-02
4.952443330484440631e-02
5.451885160005563724e-02
5.926369369361275674e-02
6.237692994103340161e-02
8.597553107606979717e-02
9.759664465932478550e-02
4.193612930475582035e-02
1.796859744465468395e-02
2.435511458873297966e-02
5.653130370564951601e-02
8.668556819461396834e-02
9.047686142664015940e-02
1.422357018248591731e-01
1.366284057442973543e-02
6.748534718433180091e-02
1.147522167428829398e-01
4.824058198673868147e-02
7.823386558431524862e-02
1.122886805470531824e-01
8.027987522854747315e-02
1.080174649415470284e-01
9.146253985647068152e-02
8.212142788781644220e-02
1.663891968959909928e-01
1.049931510633332482e-01
1.108186725351743007e-01
8.988382792911059349e-02
1.107348108859729785e-01
1.048640609433738463e-01
1.662098178600394938e-01
8.171856515537065380e-02
9.101206648558315959e-02
1.073041714198281760e-01
7.928069387183354910e-02
1.116415008560767974e-01
7.729671648084650293e-02
4.765095523609293171e-02
1.137901325530023960e-01
6.697866665078869297e-02
1.310319345762097493e-02
1.429881464530066704e-01
8.939414615220100946e-02
8.502299938240372168e-02
5.593673704381925404e-02
2.350871535302708967e-02
1.721739981030831826e-02
4.051372137317171829e-02
9.994005776279174524e-02
8.896950444074541720e-02
6.218038429347862855e-02
6.137410541594012087e-02
5.521398075693012553e-02
5.123518472037410371e-02
7.046615775170780860e-02
4.424378944032400507e-02
4.140730543865604740e-02
1.609838677049523631e-02
5.987299667323901092e-02
4.020701520447473448e-02
1.637878164461049543e-02
6.698768960037852771e-02
6.185240519819309307e-02
2.862872702784224899e-02
3.415044003702466524e-02
2.274410300730345461e-02
2.433619623621136735e-02
5.356277431469583933e-02
5.681999721348820337e-02
4.716243089514410292e-02
1.826066894080368569e-02
7.682038218243275596e-02
7.157933621009107683e-02
2.700956683683930493e-02
5.094221662154052588e-02
3.355477345440252557e-02
5.804297956901154076e-02
2.987874168120703208e-02
6.746785231145720207e-02
2.558635777544234977e-02
2.291432486063270033e-02
3.576752920709885819e-02
1.728690602888129438e-02
2.504096587197881738e-02
2.660202871147749823e-02
8.616026228990771030e-02
4.813050321528666853e-02
6.251218490688029150e-02
4.887327074740657751e-02
3.529198049170242935e-02
4.979367691963519638e-02
4.127821958135043795e-02
2.337688617269581895e-02
2.153132000825041387e-02
5.885109508541390422e-02
4.082743563934924935e-02
2.392276672772608581e-02
4.843081868364838144e-02
3.232697942917014261e-02
3.248561768578526326e-02
4.622713743988271506e-02
1.953189596498653563e-02
1.909197184332987740e-02
5.071876125780151734e-02
2.731503602742969480e-02
8.603504557778038353e-02
6.058402352523665352e-02
5.166993727224738348e-02
3.537514465403131247e-02
2.087014043052292864e-02
2.145394145768294430e-02
4.129142698621956348e-02
4.540754769826104570e-02
5.784897155951147785e-02
4.925706736444142309e-02
4.623692585025460100e-02
1.617462250463603049e-02
5.192181617154235235e-02
8.200323295113308431e-02
3.714562494202150456e-02
3.018353271162763085e-02
2.843274734192510408e-02
8.175764685269486243e-02
4.869867945445389978e-02
2.981101376247187115e-02
4.216709916833233374e-02
1.267432764353753905e-01
2.652018941927814996e-02
1.266422086819291304e-01
4.193725890623570957e-02
2.926053419137476450e-02
4.887835171166365900e-02
8.276347285179494473e-02
2.942966482430351555e-02
3.011314327464639784e-02
3.804640173904512424e-02
8.118418063995722078e-02
5.479173340683306942e-02
1.648081455994369199e-02
4.649894078468552044e-02
5.052910122141365812e-02
5.278420517381164634e-02
4.539524815880339320e-02
4.160852431901721632e-02
2.141400605495096324e-02
2.038138295511150375e-02
3.477261220360300387e-02
5.184258358429064129e-02
6.225341027213848744e-02
8.581044127729245408e-02
2.692045542704295594e-02
5.028910694849510199e-02
2.026721157105041901e-02
1.918024692113944052e-02
4.580935652494454169e-02
3.132454120765178207e-02
3.284802302438999400e-02
4.762870592820041965e-02
2.321000272215324386e-02
4.063741429759023388e-02
5.409883829562386892e-02
2.216923549177859595e-02
2.393894976941089367e-02
3.938984801097650257e-02
4.855555375745902735e-02
3.410116845213872344e-02
4.872265425732284078e-02
5.956326147484363592e-02
4.695950178546983572e-02
8.573450299050884571e-02
2.769655924150581788e-02
2.479050885068310658e-02
1.694356294703975793e-02
3.724502867924803229e-02
2.197913832281840965e-02
2.519676303061400835e-02
6.622897388764321935e-02
2.910768211105239575e-02
5.704507205919100155e-02
3.254962843993297605e-02
4.756195417999539016e-02
2.638096586254760206e-02
6.888042614798836616e-02
7.564774012782062018e-02
1.745513113317779044e-02
4.575420747236397939e-02
5.608866442809332109e-02
5.178887381006178764e-02
2.468725897333819141e-02
2.417997071104250467e-02
3.564697668380974183e-02
2.894169044357653570e-02
6.001403064616632477e-02
6.473883196425507525e-02
1.718902163941343764e-02
4.059051765187649680e-02
6.010187650184895675e-02
1.630440011675247589e-02
4.047095383328026125e-02
4.389690270274116540e-02
6.939540360478684000e-02
4.994241929300699545e-02
5.461421749505744605e-02
5.974304787540665740e-02
6.227062252096490780e-02
8.669274035150184576e-02
9.817465788293602835e-02
4.151242416774460209e-02
1.775015400453079997e-02
2.410808667769013397e-02
5.633551506451132257e-02
8.619628857991087911e-02
9.013869723932850520e-02
1.423831023435129517e-01
1.351038507598808190e-02
6.732605485345520557e-02
1.144702855035393263e-01
4.807410737343976309e-02
7.797852707160009278e-02
1.121057386388020632e-01
8.001418965369554159e-02
1.078263956894120745e-01
9.134161376022832679e-02
8.201590489076868162e-02
1.663401816770108399e-01
1.049595371241964226e-01
1.107973494870040793e-01
8.988382792907634311e-02
1.107554200860977056e-01
1.048950028636733006e-01
1.662505431747447193e-01
8.181454838564690413e-02
9.111654394198913376e-02
1.074700341850690910e-01
7.951501970352424509e-02
1.117828025652770341e-01
7.751062831130078878e-02
4.778006401324962071e-02
1.139910118138082878e-01
6.707426885695226548e-02
1.323116211485211857e-02
1.427621475796812256e-01
8.960138580614261661e-02
8.536941101972864154e-02
5.604121943914747161e-02
2.368732815875083594e-02
1.737676200188741429e-02
4.080641856434009257e-02
9.934885004254624674e-02
8.819469241140472093e-02
6.217906260027152021e-02
6.080395468809812048e-02
5.497024535160040248e-02
5.080099313970952435e-02
7.006375542949529189e-02
4.408631634053315068e-02
4.106666076006854071e-02
1.613829184018168716e-02
5.988539268435486007e-02
4.026102515265504722e-02
1.659850080876449155e-02
6.628657936061981004e-02
6.123013133566800742e-02
2.866830922115349081e-02
3.453017982397373065e-02
2.312608014549434945e-02
2.439674819303296743e-02
5.299306469107405160e-02
5.660713473279171959e-02
4.667720178198783015e-02
1.798922563270341154e-02
7.649604268124578221e-02
7.080884488878887162e-02
2.677083133565533180e-02
4.986307725328170681e-02
3.323901356905936688e-02
5.776466712010647209e-02
2.961876951439167127e-02
6.711585119991543558e-02
2.545152111845158313e-02
2.258720278814003654e-02
3.614875392190106812e-02
1.714226266965012541e-02
2.492409574888407656e-02
2.687789758086735897e-02
8.605011618288166408e-02
4.782027531105877138e-02
6.171057086892377253e-02
4.882684426256582444e-02
3.494175736834256168e-02
4.945279108390750883e-02
4.072594451161878903e-02
2.351269626766663845e-02
2.168736453692822475e-02
5.743531868869037466e-02
4.076591996292805442e-02
2.372326414833091784e-02
4.823920009470849396e-02
3.244456414355087470e-02
3.209619811289614322e-02
4.612141930154572272e-02
1.944893553587380072e-02
1.929248031261477855e-02
5.062094011559231665e-02
2.717772189996857379e-02
8.598284968173171283e-02
6.095963621276184741e-02
5.170812490424113450e-02
3.524222714669094508e-02
2.076116567099581950e-02
2.144506433484118582e-02
4.135414352557979095e-02
4.540428606595683925e-02
5.661838663668242178e-02
4.952983060804361931e-02
4.628526652249199957e-02
1.623699096277670534e-02
5.245495050268750292e-02
8.183328911249021509e-02
3.730066912023235343e-02
3.016228967363705424e-02
2.861026668756398716e-02
8.193561303583821176e-02
4.872133961642593353e-02
2.970029315861587652e-02
4.212099770886505029e-02
1.267230611811012153e-01
2.652018941931204993e-02
1.266624205290004523e-01
4.198309383781637094e-02
2.937000756571381613e-02
4.882876873493748049e-02
8.253855701420000079e-02
2.920741617012960825e-02
3.012007215338251970e-02
3.784034466494388960e-02
8.134202488072364567e-02
5.417572361311093904e-02
1.642070416232264268e-02
4.644275126839779444e-02
5.029211041497290424e-02
5.360915194595752137e-02
4.539697585975084604e-02
4.154458542156436868e-02
2.142116951239874875e-02
2.046880010740292563e-02
3.488159743505987731e-02
5.181144492286830078e-02
6.195769538946469673e-02
8.584886273021431757e-02
2.695433432361494033e-02
5.036426233243043032e-02
1.999930617471674943e-02
1.923944482065732126e-02
4.587428289743619020e-02
3.144280055247774402e-02
3.275648409910402598e-02
4.776190240508438462e-02
2.330795119271220420e-02
4.065758814244403024e-02
5.470421567657685058e-02
2.206603471389986110e-02
2.384684568382819392e-02
3.963568108466623136e-02
4.872978037000503387e-02
3.425474652537949943e-02
4.874040677975007008e-02
5.998590768378257720e-02
4.713253446601500807e-02
8.579916723998955164e-02
2.752532147564615631e-02
2.479691416241380092e-02
1.696281218967662929e-02
3.701993493787877204e-02
2.207172864180500724e-02
2.523529966462134677e-02
6.639718250583190318e-02
2.918895415882719752e-02
5.718383690207246017e-02
3.266896674713301585e-02
4.795652138894597460e-02
2.643315910397151663e-02
6.924544607192328893e-02
7.581249645021985450e-02
1.754175304771684457e-02
4.589973485237862361e-02
5.618525770505500977e-02
5.199462268035063423e-02
2.461912620161011561e-02
2.397159366899254823e-02
3.542038421075947158e-02
2.887406523300907121e-02
6.021159238965997224e-02
6.501122854792801276e-02
1.707383644571416892e-02
4.051097071650565373e-02
6.004405111028660036e-02
1.626727248675081602e-02
4.056041622248835604e-02
4.391460348564836524e-02
6.949137698631485671e-02
5.008388626546907835e-02
5.465944308278460062e-02
5.991120302657256674e-02
6.224510140862151569e-02
8.693750881342615644e-02
9.836902313275501519e-02
4.138237359486706540e-02
1.768234292676875569e-02
2.403150393883090111e-02
5.627785888400010927e-02
8.604501942344482124e-02
9.003681336078997455e-02
1.424388519838871159e-01
1.346154846726164631e-02
6.727810976224862793e-02
1.143828049305752187e-01
4.802159801587775612e-02
7.789667004682908347e-02
1.120480235913063893e-01
7.992806687088738204e-02
1.077646516630107604e-01
9.130256935536211482e-02
8.198145773365214661e-02
1.663244713018120213e-01
1.049485333629358169e-01
1.107902950680082765e-01
8.988382793035927520e-02
1.107623422986629830e-01
1.049055118266422892e-01
1.662647186228955187e-01
8.184722930179401390e-02
9.115254341050949005e-02
1.075271125134642791e-01
7.959533880988890753e-02
1.118328130081150673e-01
7.758482090910699680e-02
4.782566403912918984e-02
1.140635071317903648e-01
6.711044393238339845e-02
1.327547381783676476e-02
1.426918963341602120e-01
8.967910371098983258e-02
8.549431005162302921e-02
5.608202934678740981e-02
2.375129829475812818e-02
1.743368604141097913e-02
4.091234152521530665e-02
9.915212230864715870e-02
8.793941831311236079e-02
6.218488260883954510e-02
6.061917202243076452e-02
5.489783013167470055e-02
5.065665880414720740e-02
6.993844488699617334e-02
4.404208703617348147e-02
4.095858116252869968e-02
1.615731759441799489e-02
5.990189950708944833e-02
4.029354769133440539e-02
1.668166592934207035e-02
6.604257423943440952e-02
6.102371444567288028e-02
2.869404436951782447e-02
3.467989973535738624e-02
2.327222807245377112e-02
2.442767501004374647e-02
5.279799319947518776e-02
5.653004127984431748e-02
4.651729815985994332e-02
1.789872514587950367e-02
7.637530153815356992e-02
7.052681270585367534e-02
2.669575844329881778e-02
4.949198233659139051e-02
3.312916445738556259e-02
5.766149276789162698e-02
2.953152724482272992e-02
6.698656469338271080e-02
2.540667190890256305e-02
2.247974041089238414e-02
3.629571861228234053e-02
1.709850659970366810e-02
2.488989189979645342e-02
2.698543964551453414e-02
8.600770750303865508e-02
4.770220889021466876e-02
6.140937488524714910e-02
4.881032489577231959e-02
3.481508810936734949e-02
4.932537543420091597e-02
4.052575961206471289e-02
2.356668790641822456e-02
2.174903704518650269e-02
5.692774625684340201e-02
4.074442268790252897e-02
2.364921906525502965e-02
4.816266468329769707e-02
3.249279968399287205e-02
3.196342998069400670e-02
4.608024573142606439e-02
1.941561831023682141e-02
1.938404596363010532e-02
5.058105752802036226e-02
2.713075097973974628e-02
8.596174887162279232e-02
6.111352249190916963e-02
5.172387902122806136e-02
3.518733488248423913e-02
2.071635379551232253e-02
2.144140898108821275e-02
4.138116537966843311e-02
4.540302440548014268e-02
5.613040892428786122e-02
4.964374022901912181e-02
4.630665822018212308e-02
1.626354709695133904e-02
5.268948419802458455e-02
8.176142598700190944e-02
3.737082337202665000e-02
3.015428576298980617e-02
2.868951910017861207e-02
8.201533791179270450e-02
4.873301709714057683e-02
2.965293747993031498e-02
4.210126041131755786e-02
1.267143977615111661e-01
2.652018941918502654e-02
1.266710830130126642e-01
4.200275770400260095e-02
2.941701962376665550e-02
4.880967857357464135e-02
8.244590365930203057e-02
2.911585774425544740e-02
3.012413356242320261e-02
3.775615049961908443e-02
8.141055588861684233e-02
5.391837632945356562e-02
1.639477041473934305e-02
4.641920153974300745e-02
5.018804106153314237e-02
5.398671631271313720e-02
4.539781651154147640e-02
4.151723134836263901e-02
2.142435431110258429e-02
2.050769555160659660e-02
3.492991679256082782e-02
5.179762657787829322e-02
6.182572203078857964e-02
8.586619550836080417e-02
2.697374668820863922e-02
5.039793450175759915e-02
1.988924967187721826e-02
1.926627438702133155e-02
4.590440389946155719e-02
3.150483140428753798e-02
3.271545525783105257e-02
4.782251082843144707e-02
2.335492280198170345e-02
4.066812643913002290e-02
5.499950130609957549e-02
2.201872393508119002e-02
2.380476419185555484e-02
3.975507133282177308e-02
4.881273015438942348e-02
3.432955681917602281e-02
4.874933224314118019e-02
6.018599221161703705e-02
4.721381185620180526e-02
8.582932537433561604e-02
2.744608901248019039e-02
2.480328474094121299e-02
1.697515947180979964e-02
3.691504236958816770e-02
2.211985988491428287e-02
2.525546850842874669e-02
6.647788895248075980e-02
2.923054884145014423e-02
5.725000826135469290e-02
3.272810291169372249e-02
4.815243791321115879e-02
2.646169442969961705e-02
6.942063037184460772e-02
7.589085546960240569e-02
1.758559885910634599e-02
4.597417295655565478e-02
5.623187008300062351e-02
5.209685615591150981e-02
2.458842920098158746e-02
2.387290989951329143e-02
3.531390334291576588e-02
2.884397283634499223e-02
6.031140126268807328e-02
6.514517876044910449e-02
1.701903464630551491e-02
4.047530009024163933e-02
6.001879624221288789e-02
1.625026723263707853e-02
4.060680764771684020e-02
4.392575228480204846e-02
6.954194780211413185e-02
5.015493475435960774e-02
5.468435791887528430e-02
5.999670456131712265e-02
6.223402718352159801e-02
8.706083507884300465e-02
9.846645989474700489e-02
4.131931834334849618e-02
1.764932196122483143e-02
2.399423368610497168e-02
5.625038602389421938e-02
8.597149781080574982e-02
8.998780811168043126e-02
1.424679010579945893e-01
1.343748789872517904e-02
6.725506737011092973e-02
1.143402423804816687e-01
4.799588500309854427e-02
7.785633680669655499e-02
1.120197632350562467e-01
7.988545373418536044e-02
1.077341380374051832e-01
9.128328044125917640e-02
8.196436878299792617e-02
1.663167326567988324e-01
1.049430688551417495e-01
1.107867779705798278e-01
8.988382792486507289e-02
1.107658131855848715e-01
