6.724353605213837515e-01
6.648363730261953597e-01
6.639085024631203868e-01
6.258428316602838715e-01
6.058784125498672957e-01
5.688293281338202556e-01
5.884318107840198486e-01
6.322718183653565083e-01
6.225751807213644184e-01
5.144807592747930869e-01
5.892949631761240648e-01
6.258966454988887929e-01
5.651906580131991209e-01
3.647787147468473101e-01
4.792869422667587753e-01
4.877002186647579340e-01
5.624684572188066722e-01
5.068697526389629449e-01
5.734100119468595880e-01
4.343845761274361394e-01
5.019162050961323285e-01
3.688675710530530671e-01
5.926765291513815814e-01
4.348039857783243534e-01
4.907507135338691207e-01
3.464359254246461850e-01
3.433027716289105968e-01
4.949062896329838313e-01
2.015680998888982334e-01
3.584771141476710277e-01
3.570208131894668790e-01
2.336740953582402969e-01
1.815660246219296392e-01
1.696764945382921164e-01
1.647181473185105327e-01
1.779408268477551402e-01
1.510043959814606762e-01
1.603591647329603298e-01
1.349208543674907113e-01
1.908306709032872306e-01
2.519843761022886874e-01
1.221440895512747732e-01
2.484668960160588136e-01
1.686491287759657731e-01
2.602182439386938051e-01
1.029036069298359252e-01
1.311167455213919919e-01
1.239201993116313544e-01
1.293535649931264742e-01
1.545073439248534908e-01
1.822918132337598141e-01
1.183941405203973452e-01
1.343057281202762465e-01
1.064128541065050559e-01
1.498960610378526348e-01
1.459878687802980968e-01
1.429302145726708273e-01
1.032549958619753266e-01
1.043402211170632171e-01
8.386637657413012481e-02
8.507432154588530360e-02
2.244569995412343810e-01
3.237499113872137624e-01
1.539083716809573066e-01
6.822066534845812324e-02
1.261191341852526959e-01
9.708057239135343963e-02
1.650344901791979124e-01
9.505307812718391536e-02
1.420676148069342504e-01
1.247456945135739931e-01
1.666923270041126837e-01
6.235070861840694145e-02
1.538131776963452269e-01
5.373455949925955155e-02
1.229177425050824030e-01
8.301974189997657350e-02
8.381340943410445221e-02
1.312219395904518915e-01
2.653758743833857167e-02
4.479038586314211534e-02
5.218757292371669493e-02
7.576399507442689585e-02
8.394527064317862386e-02
7.575203917081391181e-02
6.707661384195855170e-02
4.866302553311703527e-02
6.063747876232793155e-02
1.049941118187748407e-01
6.598945838823237764e-02
7.342724195710023660e-02
4.868227248870985596e-02
5.953044439517790609e-02
2.436479001696990887e-02
3.031840517347873798e-02
7.658978733265363326e-02
8.240260557397026397e-02
1.121312057962146613e-01
3.908581159311184244e-02
3.539741658491077358e-02
9.915483277119920003e-02
5.021473269192745087e-02
5.195605946394757368e-02
7.394377396631715560e-02
4.921609328289880403e-02
2.591562279197212604e-02
6.311576291854725795e-02
4.217196092963833298e-02
2.360049912213734585e-02
4.849879401889226060e-02
8.163204038072879865e-02
5.216926698837554693e-02
3.683781764032354605e-02
3.255330163041114666e-02
4.739062367295440031e-02
6.552826403892864082e-02
2.841444144852691908e-02
1.090785412317525210e-01
5.079092975178911562e-02
6.526536125478775430e-02
1.806840908331798154e-02
3.605719521828977536e-02
2.417547170119407549e-02
1.855599473774064909e-02
3.805981502737084549e-02
2.414701733223875019e-02
3.351227405004351956e-02
2.453720607235707410e-02
4.601531326961592894e-02
3.188881455218026129e-02
2.128572991991055027e-02
1.612717798137717692e-02
5.148382693541710131e-02
3.919036729776405326e-02
2.156785642767653291e-02
1.303661214487633439e-02
4.903820639721856445e-02
2.196046406755370467e-02
3.822976012580610317e-02
2.290446625479998846e-02
4.991451769303951319e-02
1.399923323461082711e-02
2.265638252599859806e-02
6.402132540176906639e-02
4.179537039617662458e-02
4.154254516113786710e-02
3.621494531611128831e-02
1.666687982257146483e-02
3.019063443601335134e-02
2.156838890002957948e-02
1.458882881368511915e-02
4.084866547887346794e-02
1.975481841258139304e-02
1.624272515973425313e-02
2.190072190932473503e-02
3.280214968838843226e-02
1.507664356099855385e-02
3.436998210416597477e-02
1.794183827924765787e-02
2.639742093704866913e-02
6.116599703823909218e-03
3.726608778480665352e-02
1.839441895432756754e-02
4.090938006114745035e-02
2.550372422559746277e-02
1.702989906387995453e-02
4.713858683991808962e-03
2.183041775816040725e-02
2.417200736101784986e-02
2.036967912195160324e-02
1.689080911332094606e-02
3.532720445751119653e-02
2.092310604322128106e-02
1.358382024899771126e-02
2.900348965541914292e-02
4.095280463376230196e-02
2.133808694061539377e-02
3.086084062334522662e-02
2.213857301653436582e-02
3.580125230790105056e-02
2.622145117636747597e-02
3.474912895221275722e-02
2.698843412540172584e-02
3.607831889473749748e-02
2.014653404432848599e-02
3.476886405516264184e-02
2.853969600793201597e-02
2.568782673951908874e-02
3.300704257918907897e-02
2.168701014380490510e-02
2.009247070276835162e-02
2.124841389459485377e-02
9.287678011089327973e-03
2.880889298848622257e-02
1.191860002098256779e-02
1.444379460896137723e-02
2.422717418654440208e-02
3.942488385865025591e-02
2.472202765290662171e-02
2.048549278868610699e-02
2.185030460243610542e-02
1.088043136234767908e-02
1.673805258683684627e-02
2.578336130936528456e-02
2.341869274994694966e-02
1.824848769678582769e-02
4.205196233919286652e-02
2.965046007443451065e-02
2.444766427072046777e-02
8.733817274473271858e-03
1.028768090887851976e-02
1.303330863777975995e-02
3.449799158670554394e-02
2.479291057089856240e-02
1.186998876189444829e-02
6.879533652355392971e-03
1.668492371889467377e-02
9.615868443848471503e-03
1.553152882978812814e-02
1.244501299374681236e-02
1.450598058605971630e-02
1.474658881591250741e-02
7.413244302873128744e-03
7.777018973778576996e-03
2.062591671152246356e-02
6.030904644712822317e-03
1.528081590288587685e-02
2.596800766198972474e-02
6.265363539168216506e-03
1.046367920788466091e-02
1.397612495359499413e-02
2.416697540758457052e-02
6.393628249794480398e-03
9.414148888564545514e-03
1.707430139488681081e-02
1.106944855475987255e-02
1.484251332547641307e-02
6.182904242117284038e-03
1.142278896655998625e-02
3.695051360045741029e-02
1.386993682184331153e-02
1.002566123128209932e-02
1.811745462929869807e-02
1.350753285732153759e-02
2.542299417918917129e-02
2.441806228147136784e-02
4.890229120824760196e-03
1.199723179322691527e-02
9.497631288978082217e-03
1.272642235036182054e-02
1.279206732705864651e-02
1.924083667684384907e-02
1.777878285165761241e-02
1.455013958807808809e-02
1.573665442078758456e-02
1.254258357188740153e-02
1.137873240795226996e-02
1.174644322333291691e-02
1.585578276836080436e-02
1.039032293399395554e-02
7.147434972017670599e-03
6.223216486802463955e-03
2.092731648646194501e-02
1.962467090857000773e-02
1.403333544701217128e-02
1.277833950030459777e-02
4.638962552758005981e-03
9.470040901063129374e-03
1.541422700459961666e-02
1.415755459502739642e-02
8.362289323862761442e-03
8.471398257074904542e-03
1.305667601834571701e-02
9.577430539226779171e-03
1.506924874356046877e-02
1.162490274600353445e-02
1.225956756620844544e-02
1.408444928034184758e-02
1.619121175514917632e-02
1.494336091886089464e-02
1.234500052283705497e-02
1.239609357433531407e-02
1.259901496574270495e-02
1.035297807747129900e-02
1.385856313641218793e-02
1.901895760762538357e-02
1.313204453208775997e-02
1.551116633918662134e-02
9.302006928015972911e-03
5.783305270919454275e-03
2.468741884449351942e-02
2.206624406929896809e-02
1.795042511590650564e-02
4.980240372118840443e-03
2.259052757047951693e-02
1.281703488899588878e-02
6.228333269694365758e-03
1.371486079613521911e-02
1.260640637155883981e-02
6.577485350116480181e-03
6.054934015618055124e-03
1.966517184831782436e-02
8.561293714586516029e-03
9.487480533206475025e-03
1.640817822597307948e-02
9.702443319570043870e-03
1.062919169719989815e-02
8.670077492584922496e-03
2.044601846115986707e-02
1.493839067474587480e-02
1.405806715919807361e-02
5.507928893563982832e-03
1.041936084158580876e-02
2.641495710666402416e-02
7.696612144568118138e-03
2.282766799942776564e-02
1.698281866919330516e-02
9.420173619389682340e-03
7.491174223205000239e-03
1.254810778992187202e-02
1.925701474054066636e-02
1.865650035532841200e-02
1.367588129240740642e-02
1.186775158259176580e-02
5.090206752684517041e-03
1.040970095211402567e-02
2.567507750482637269e-02
2.736558060593371339e-02
1.339141171831633760e-02
6.005858394105040472e-03
7.205812027062837022e-03
9.651760075675582667e-03
1.092645859395883177e-02
1.001168701209982463e-02
8.560971976523902224e-03
8.283255531410394640e-03
8.462725463035749435e-03
6.623310598812500762e-03
7.907059074137367388e-03
1.177321509155610305e-02
1.882785665212556234e-02
1.865379775245862293e-02
1.103683737237289887e-02
1.768717964246714625e-02
1.204568402662858397e-02
7.240922088228627859e-03
8.585435662954934641e-03
8.584074720990673979e-03
1.537062283653542298e-02
1.652851008578228031e-02
1.308285134034464434e-02
3.330250388684960396e-03
1.340463158157413105e-02
6.191681070426254332e-03
5.574313927473727170e-03
9.060710218736778288e-03
1.738435900079073754e-02
1.888177597191265794e-02
9.818528986011492918e-03
8.706412295576455851e-03
1.250320366390257100e-02
8.161976398910556971e-03
1.240449380061691559e-02
1.317798918891346927e-02
2.439992190626259425e-02
1.063673606176784511e-02
1.128395996042972325e-02
4.909575729655462142e-03
9.312566455299698537e-03
1.177526675293774638e-02
1.496886699127273485e-02
1.079707539263659657e-02
7.954041904077014877e-03
8.179036468706985322e-03
4.633098590406559136e-03
1.298679614235084302e-02
8.840401194557662851e-03
1.122888294629002977e-02
2.054284561599579312e-02
7.502857882458987757e-03
1.140633409814919424e-02
1.298588266507551617e-02
9.315421539609179333e-03
1.027784052391620372e-02
1.370047962117665330e-02
1.514601680716922902e-02
1.582723847190613264e-02
2.172964310763437351e-02
9.529590055338368546e-03
6.302912665029036104e-03
1.578288242061036059e-02
1.084046408341877293e-02
7.201550832530964445e-03
9.532987870623609375e-03
8.286888022958101632e-03
1.592281000169746760e-02
1.798047811196277004e-02
5.636759822559445771e-03
1.400940155248535553e-02
3.202780790331137464e-03
1.400678427458985735e-02
5.633671852639987945e-03
1.786724128122220076e-02
1.571260530554121140e-02
8.163322562443026814e-03
9.262683051052413019e-03
7.046260850116592943e-03
1.056808669171200275e-02
1.533444267254942955e-02
6.126182149840436048e-03
8.971758879644612175e-03
2.061117661697023026e-02
1.484999416417867937e-02
1.485569730738178253e-02
1.316435129282193459e-02
9.584289115514113208e-03
8.560430455835703334e-03
1.253641011707948803e-02
1.206356021028315295e-02
6.579590213194661322e-03
1.998238680884451002e-02
1.055615374516487986e-02
8.531045431159166650e-03
1.327373738299115861e-02
4.672857348840609056e-03
7.493449815684705660e-03
7.427846393658819185e-03
1.091414859426089075e-02
1.443559309515121854e-02
1.190034193657043757e-02
7.785972363260059564e-03
4.206803538172546736e-03
9.927759889573702437e-03
9.884828950660673463e-03
2.253716039076480993e-02
1.278864883481404743e-02
1.216146228356238673e-02
8.029849593317314044e-03
1.143768470611934013e-02
8.482870853897803154e-03
8.255640523314729945e-03
1.663115729837672668e-02
1.769876762394492070e-02
7.936948800994450548e-03
5.222280781020659755e-03
5.786353985733985045e-03
1.272825128980933571e-02
2.907308893346282307e-03
1.211579865283742355e-02
1.446593144010590790e-02
1.396756073906363013e-02
8.060138597997779444e-03
7.950979853519658108e-03
6.655676699245689255e-03
1.066804668371164160e-02
1.605903661448392430e-02
1.049100468290312116e-02
1.902879904425002627e-02
1.794212336194256005e-02
1.000135466099494330e-02
7.570833472736379459e-03
6.054857135311596424e-03
6.786489524598943862e-03
8.526082972582201339e-03
7.721612710501280299e-03
8.751726751192177509e-03
9.061848507184158338e-03
8.735787003482846022e-03
6.692654136034048747e-03
5.815043587408440240e-03
1.154391176032094381e-02
2.427671716314277681e-02
2.292445731264902004e-02
1.013025330194010365e-02
4.615700670364205477e-03
1.123435382858817451e-02
1.214553282356198478e-02
1.625809774470068220e-02
1.926869717465058002e-02
1.134287393142056552e-02
7.468642726667025326e-03
7.771980422485582490e-03
1.546062847009253664e-02
2.121272220135771158e-02
7.021563150574478863e-03
2.364319971944604457e-02
1.022397381343377945e-02
5.013124502051636254e-03
1.171554539690789452e-02
1.365297904408022296e-02
1.740190049557152271e-02
7.806810345584573943e-03
9.138857154649925041e-03
8.418221256867652186e-03
1.185185252219293078e-02
8.565913002652277355e-03
7.686836449142067131e-03
1.735055732064152978e-02
4.919436618326916699e-03
6.228680180376476236e-03
1.237709480548158415e-02
1.177802046802220275e-02
5.666026655782735628e-03
1.148816043556828530e-02
2.081997713666197680e-02
4.474870779724638738e-03
1.652549007033965456e-02
1.864988355101297041e-02
2.208601129749914252e-02
4.658638518250608762e-03
8.112536097544082239e-03
1.436152626734909891e-02
1.108918084389674125e-02
1.672143347225327203e-02
1.219163649710797506e-02
9.649992654138192863e-03
1.108797610909769381e-02
1.038580981576099453e-02
1.102761672864318622e-02
1.173896277477781344e-02
1.280376460996963950e-02
1.167997554494749728e-02
1.038959451049252178e-02
9.851396095466825528e-03
1.236262252068256150e-02
8.304701672344438207e-03
1.119749568278862253e-02
6.637856217182673893e-03
6.959114190699861036e-03
1.183737715812609864e-02
1.345825856543829066e-02
7.814887491063357908e-03
4.195626026660758713e-03
1.121293272934889736e-02
1.223820997714258549e-02
1.550555082470458923e-02
1.660603774987721645e-02
5.379152486111248369e-03
6.410809876947905737e-03
8.844566505968976672e-03
1.224647959404506423e-02
1.063868388280966512e-02
8.563409758851218967e-03
9.725151280555408354e-03
1.293817487696803138e-02
1.191097251769539581e-02
1.409354683769181021e-02
1.596792084017775032e-02
1.031118206246368213e-02
9.950470179061360679e-03
8.124386855592842169e-03
9.620597021568137730e-03
3.941819884289608604e-03
1.958503182571502688e-02
2.116303906094964965e-02
1.045042508812469434e-02
1.333165517742519908e-02
7.743228681954671989e-03
1.098472734319877117e-02
2.913561668751527695e-02
9.654006652840723887e-03
4.831627926968904210e-03
1.164516642001702657e-02
9.056112126289267081e-03
1.265167159478352080e-02
7.432203614404809221e-03
5.504976549951223416e-03
1.796964019426714257e-02
1.120642122947078725e-02
8.412508472250774041e-03
4.790982226859623154e-03
1.999446961929133432e-02
1.260301475641654838e-02
4.831051369480469926e-03
1.612039002120692691e-02
6.003943491351975033e-03
5.580856033293246123e-03
1.097427338333123795e-02
1.064204415131283707e-02
1.012911826912951674e-02
1.174764168625760247e-02
7.176300145376688158e-03
1.195980291659061619e-02
5.414433247382993176e-03
1.015734079191839279e-02
1.820200358728879184e-02
2.513400389172866511e-02
9.877384256618337161e-03
7.596681434833229413e-03
6.476078239945577859e-03
1.857113726523646619e-02
1.955285780821350641e-02
3.041889439673958750e-02
1.408524348296699182e-02
1.622453292847096662e-02
1.951261417652040350e-02
1.347843791278817080e-02
8.228864216044644644e-03
1.522085379187200840e-02
1.590105088841683653e-02
1.788722115868058085e-02
2.934617850747755011e-02
1.886674856524762217e-02
1.121938095561813079e-02
9.870575241141314737e-03
2.091230556681088898e-02
6.622581928695164821e-03
1.587958249315672699e-02
1.467863874658637685e-02
1.650051030357519224e-02
2.328406065679298337e-02
1.960112279808085348e-02
2.191204215969431296e-02
2.394915152438352110e-02
1.518354637626225315e-02
2.401416386436504291e-02
1.863533197807757183e-02
2.442663891528802991e-02
1.790166258915965383e-02
2.434389345117787470e-02
1.507925394091196546e-02
2.231015386974198947e-02
1.536883015992000952e-02
2.876193220518362056e-02
2.105159623786077155e-02
8.889422029081130855e-03
1.465946811607887583e-02
2.526659813038812166e-02
1.192957407751466317e-02
1.499513359955706795e-02
1.625131091534524549e-02
1.516009182937581162e-02
3.578222897753999439e-03
1.234499745574755419e-02
1.757182775466496760e-02
2.908338529707925335e-02
1.259491975577627966e-02
2.586905363528161500e-02
4.044690577639046061e-03
2.003959124089508062e-02
1.256170299273218910e-02
2.098547973071141978e-02
1.050955028285254292e-02
2.309414854448784901e-02
1.474779365161104673e-02
1.118332569224687358e-02
1.362718028060422651e-02
2.723108101920872909e-02
9.831622785198317754e-03
1.463043342698870999e-02
1.956685092148901031e-02
1.179858779008042396e-02
2.389904831939615795e-02
2.797107464611218661e-02
2.863642498829861369e-02
4.350793285555398793e-02
1.545374306963684385e-02
9.616649031506685832e-03
3.435387278410860501e-02
1.512727324090975059e-02
2.459560499938451272e-02
1.416587816707777676e-02
3.022515625656881783e-02
8.084821890050896548e-03
1.416509047945227993e-02
2.578536351265504553e-02
3.471565738036683918e-02
1.079194298225417611e-02
1.459200792625467424e-02
2.173206921317870702e-02
2.948337530768272222e-02
1.598327107833666383e-02
2.252529381685009283e-02
1.517581316035005075e-02
2.412483556707831212e-02
1.243544577214897653e-02
1.470626918520335363e-02
2.293086525877098200e-02
1.213450266276377108e-02
4.245210050304019239e-02
3.256557387391442043e-02
7.075413944438570246e-02
1.797203368453909045e-02
4.112560126792957210e-02
3.049658418263053242e-02
2.015149666137909523e-02
2.405127478878959363e-02
3.298234068210952746e-02
5.108499154828120142e-02
3.036111674462749904e-02
1.514464251414630522e-02
2.669216105588841093e-02
4.008991093380981363e-02
1.646413083717498255e-02
3.076185904100602747e-02
4.659114710821651156e-02
3.188998421826486074e-02
3.168875282193689413e-02
6.170235537806813969e-02
2.294804267915298221e-02
2.441239152371602050e-02
