6.666632669728429494e-01
6.666961530992516760e-01
6.666833694405206456e-01
6.665340239260306721e-01
6.667847456624672597e-01
6.665907378306299425e-01
6.667822817216170206e-01
6.667520825216570746e-01
6.665005584083851797e-01
6.665704871157428490e-01
6.663387186840407095e-01
6.667283589380298414e-01
6.665379172574062983e-01
6.665045489918056676e-01
6.664829892779192688e-01
6.667005388118807385e-01
6.664266900891945289e-01
6.666466925425013068e-01
6.659608050135119584e-01
6.647003702046296869e-01
6.665835158867935428e-01
6.667994438653450651e-01
6.660491508074155576e-01
6.664608821254646154e-01
6.662324524183417251e-01
6.646084457781263888e-01
6.661312227667499641e-01
6.644953605116531437e-01
6.616039294615583266e-01
6.643295736066839874e-01
6.657270706219515777e-01
6.640579156856042387e-01
6.443134748192955730e-01
6.562393833437429880e-01
6.630575813558541309e-01
6.630435829925972469e-01
6.635659567659120128e-01
6.572740280337556751e-01
6.601383901091336659e-01
6.640602052500010899e-01
6.586669889072955808e-01
6.594021612496193674e-01
6.616617590355517997e-01
6.429661379842758206e-01
6.497407440328827333e-01
6.602681285995416482e-01
6.598414141673222266e-01
6.485533945829983216e-01
6.568746969590321116e-01
6.521129158397390713e-01
6.592347642338438618e-01
6.558569602022878975e-01
6.509406962768085059e-01
6.279607927577947057e-01
5.548483721211681097e-01
6.108741911108387379e-01
6.144730388016124145e-01
6.111572319804124964e-01
6.606461813490237533e-01
6.458458451133707312e-01
6.560215869430778834e-01
6.565028880415179069e-01
6.554193481297782009e-01
6.307938907677967943e-01
6.356320192897758625e-01
5.975283264941800843e-01
5.897763182878813515e-01
6.382820355219582797e-01
6.396589606260203453e-01
5.647386864185360844e-01
5.727488858315595843e-01
5.014081413899609263e-01
4.365871163292946444e-01
6.216670243446785760e-01
5.968573535951535725e-01
3.605356807178550782e-01
3.480749273820761269e-01
5.719064933215868285e-01
6.097273580361413092e-01
6.247880685611572060e-01
5.832744948351978875e-01
6.023415026454894683e-01
6.209659646126753918e-01
5.045268832171874163e-01
6.166465257620666884e-01
5.600317500027025552e-01
5.481677276969619816e-01
3.444977508337253025e-01
4.933146028160410035e-01
5.643746445255032329e-01
6.110944305263177334e-01
4.190709164162274014e-01
5.272310264766760790e-01
2.857755496974855869e-01
5.711615802203791059e-01
5.563954922130933678e-01
5.512568709291379987e-01
5.033688353310499242e-01
5.631083198889973440e-01
4.865205499689034818e-01
3.654098136322136425e-01
3.203533631257015069e-01
4.863118800097967487e-01
3.620303135513712189e-01
4.891200430441550728e-01
5.052003939566012125e-01
4.758241085844178708e-01
4.756708415785176891e-01
4.751832007955232307e-01
5.153178601268995074e-01
3.979535143443529432e-01
4.398978485653720627e-01
2.224036020206967279e-01
3.664117014508809778e-01
4.533918714368355696e-01
4.573359195809542088e-01
4.929192862107633633e-01
4.024275945626849538e-01
4.669464525296762591e-01
4.012838390223627538e-01
4.018774175429362105e-01
4.034352374080437120e-01
2.728406185315241927e-01
2.353549965356267759e-01
2.015680481439062754e-01
1.868885734561509804e-01
1.787899910830839934e-01
3.541072954988464527e-01
2.444121441137797335e-01
3.217846477111855341e-01
1.997894765058434718e-01
2.485344298399797258e-01
2.182118034147108032e-01
2.037968369990537099e-01
3.331260582459092956e-01
2.398976740176661515e-01
4.538090737091408644e-01
4.902003426890549909e-01
2.045639729232809623e-01
3.661650143629285870e-01
1.474754667926769514e-01
2.497073839474305001e-01
1.258097137490389872e-01
1.158254770671827139e-01
2.142802005140185539e-01
2.030578369833324348e-01
3.288185050662185693e-01
2.920401283696366646e-01
9.975766869981525509e-02
1.354671132036790460e-01
1.417278418355036318e-01
1.565689556075772204e-01
1.595524005394516887e-01
1.115648374667159159e-01
1.008622731248327159e-01
1.031833465248043757e-01
7.105691428763104278e-02
8.873680833339198104e-02
7.485433038270425388e-02
7.683460550318700621e-02
1.081599039698327852e-01
6.584100360263128726e-02
6.908475457323015601e-02
6.505039112122938672e-02
9.933770305131317535e-02
8.457984722085927498e-02
6.351845633201455565e-02
4.673450359845140317e-02
5.587623865080029034e-02
4.406303262859258274e-02
8.900028445707666713e-02
7.795752919782752977e-02
7.402286403915536717e-02
3.513212013030633102e-02
6.663402594574509286e-02
5.529028224871688352e-02
8.101587585845544670e-02
5.779486081993918251e-02
4.973184137511368896e-02
3.750999770011979872e-02
5.547784830907800946e-02
6.881594845256187865e-02
6.636163572603460958e-02
2.746048312654725959e-02
3.797533833154923683e-02
6.087912710744047828e-02
4.484202333815976577e-02
9.687655530101790813e-02
8.076041478067590151e-02
2.539343000447278828e-02
3.847580248840249545e-02
2.354082010866508090e-02
3.884609824478046231e-02
2.417239691568512719e-02
2.606735262929297733e-02
3.313375928347297300e-02
3.231438149750762850e-02
2.072927956419310866e-02
2.843483628955278605e-02
7.107509692813285609e-03
1.033722931508699455e-02
7.380434315786647652e-03
7.742251538216110042e-03
7.969105856554184117e-03
1.405186975244248140e-02
1.260239447764755633e-02
1.489868355703106995e-02
2.938879848426678709e-02
2.026533205245605040e-02
1.767943456929567739e-02
1.337904442595788841e-02
8.434846993039400026e-03
1.713064370939482856e-02
1.211958097996073194e-02
1.199805472148082058e-02
1.074129162866989569e-02
8.913924922884761820e-03
1.172854190036946680e-02
1.544464035742594901e-02
1.122331593057536089e-02
1.290891326729909534e-02
9.882327386297856328e-03
1.325048218061506203e-02
1.256411958016197261e-02
1.499138631298617928e-02
1.289535223280591919e-02
1.413387726893307675e-02
1.149344285657064556e-02
1.079016665546366632e-02
1.808948758056926412e-02
1.056299824214233449e-02
6.854147437072814243e-03
1.588357710220607288e-02
8.720834506217101448e-03
9.002045570312464107e-03
1.198728302421347980e-02
1.176463842487541350e-02
6.271854048951917490e-03
9.111303589450382018e-03
1.896823082354600828e-02
2.057915801525642130e-02
1.725493036759328039e-02
1.878631323487865018e-02
1.705295697094525928e-02
1.419932463920725411e-02
8.636510510372633065e-03
2.347270947754579590e-02
8.419184223131188569e-03
1.003240911524510073e-02
9.185966879114595626e-03
5.894693421990707463e-03
1.367101914702101122e-02
1.210245665221616231e-02
9.027181851355094502e-03
1.726224825323512818e-02
1.082170461873021607e-02
1.582414733372998483e-02
7.943221553676268337e-03
1.337200915666796573e-02
2.689592179064000110e-02
6.585797484742604568e-03
2.222924720080886318e-02
2.981414112444786407e-02
5.898693071516173184e-03
1.999841476068143359e-02
7.837199501285583778e-03
1.586934426648648963e-02
1.303272630708047879e-02
1.248844963081387378e-02
1.099259402974363427e-02
8.879886568648629949e-03
1.976454327033213068e-02
8.664387167433246911e-03
9.254065952806950213e-03
9.727338114002259326e-03
2.525405589035544657e-02
7.252165117608440868e-03
8.110405229004266289e-03
2.165358734097584670e-02
2.413073711365944576e-02
1.993124969982123726e-02
1.837214818196572508e-02
1.076085563638955536e-02
2.142256874499973152e-02
1.212632275364970355e-02
9.309455111130069890e-03
1.644945945200632434e-02
8.838218608473875568e-03
9.723696628855683227e-03
9.065456327838467693e-03
2.238404428643316416e-02
1.854004656514542104e-02
1.572030885921851459e-02
8.641081127189462197e-03
1.154590539489629662e-02
6.895620105647634612e-03
6.742490526026223736e-03
2.080561616190162652e-02
6.146381069002237324e-03
1.385432369246872124e-02
9.420164563584692771e-03
7.579085845724115034e-03
1.390435059795895080e-02
1.106209827321579832e-02
1.713354587763345205e-02
2.034504012270061182e-02
6.025159676164996807e-03
5.589103512726414924e-03
1.286605720502728006e-02
1.394098078559136145e-02
1.937331675896392796e-02
1.038661847792212226e-02
1.896773071815395853e-02
6.889723754109828777e-03
1.310122064887148975e-02
2.387129200963928125e-02
8.772109538198452974e-03
8.393992690137337329e-03
2.440503026776137327e-02
1.456169860136904103e-02
7.092556669450182649e-03
9.854971257644541682e-03
7.855088258986005906e-03
7.131862132280042919e-03
6.988932599657876089e-03
1.072215372612410691e-02
2.154870206485133208e-02
9.085357305153885302e-03
1.238376591487071535e-02
9.239013529505884365e-03
5.048151637282132301e-03
4.268917072669029325e-03
9.389793554599935865e-03
7.871331749859341795e-03
7.991221024990665528e-03
7.166757347850416168e-03
1.138507232258836183e-02
7.626064545979038996e-03
8.604167741890116419e-03
4.909646191627404198e-03
5.386076503711596797e-03
3.940479059413106583e-03
8.736753067081713328e-03
6.756698908718055015e-03
9.372052652520652602e-03
8.934128144227686599e-03
1.248198273298305183e-02
1.022359221301748569e-02
7.732185376090064399e-03
5.667031079182353707e-03
4.335268571074129586e-03
4.235871704868257939e-03
5.963396029674516464e-03
6.575365780122137578e-03
4.037268389194360006e-03
5.544107345293577092e-03
5.450723683091642478e-03
3.247297046096134839e-03
5.160623117559218036e-03
4.885968504226175652e-03
3.630203925834205123e-03
7.938218118075724902e-03
6.840601759117707036e-03
5.142825995822527044e-03
3.746645513162040909e-03
3.195886146185022200e-03
6.071548985812645453e-03
7.015344915544301577e-03
3.637229865147416016e-03
3.048659525110652881e-03
3.211664669306530696e-03
3.032079770436482864e-03
3.597408685385571504e-03
4.718800561565230506e-03
3.549141792646638444e-03
4.339501881126748770e-03
3.577369547553305162e-03
6.801167725647400131e-03
6.198014685969731492e-03
3.195400116006733449e-03
2.886725152338735952e-03
5.001263460886810203e-03
6.001837281295613856e-03
7.557929678134543867e-03
3.946365770496169760e-03
4.343011270233163891e-03
4.560699854436276596e-03
2.676868055510215564e-03
5.917759919033805521e-03
4.346030285408446735e-03
8.524139934887495565e-03
5.632867135814094081e-03
5.064653234654603597e-03
7.607678619118914652e-03
7.713303497284528139e-03
6.713601892613888650e-03
7.367241496081742592e-03
8.606388875022097720e-03
5.286805002918436650e-03
4.924115370308696643e-03
3.997933158178035296e-03
8.445721788642120142e-03
8.311126913664965143e-03
4.533874493856824596e-03
4.043619840146225192e-03
5.938108118868913078e-03
4.890114322885410342e-03
7.460165185300205240e-03
5.257854627478195444e-03
5.073706892554329800e-03
6.345110643159359264e-03
6.067474557414404349e-03
2.648858502631708418e-03
7.246834239914492527e-03
7.028621143423738685e-03
2.989441737269909853e-03
8.595528827215495604e-03
8.093257831413173953e-03
2.218186977238200113e-03
7.987612015031052629e-03
9.965600648236148593e-03
7.720005050727103343e-03
4.465967931112114001e-03
3.750174020766925288e-03
9.529175978749231807e-03
3.687814698177896335e-03
4.920076821831669348e-03
4.002238763513877966e-03
6.651603663190432982e-03
6.927642175915880302e-03
4.869426250571491123e-03
5.389941507558604177e-03
4.799401274098311770e-03
6.936830312035830066e-03
9.201743623628196034e-03
5.402069651960907798e-03
3.714527437535647056e-03
6.945018324794289405e-03
2.684529249717480370e-03
5.442019846486922420e-03
4.134196146235185124e-03
5.817062910651387211e-03
8.576786885979709174e-03
7.536608679744817053e-03
3.559588596299975358e-03
4.967262802599709849e-03
3.914221906803084725e-03
6.641674894544818616e-03
7.683391539487564349e-03
3.709401344718268011e-03
6.197911568247216167e-03
3.423374521275624957e-03
3.891659784805230355e-03
4.455366765439804956e-03
6.948978891650458081e-03
8.153168819643697232e-03
5.931696230543868041e-03
3.147527876681190540e-03
3.467613647790655351e-03
3.478217129381498164e-03
7.373032507189536747e-03
6.725681026831405868e-03
4.153340691262049494e-03
4.321073477614227609e-03
3.597917171578947620e-03
5.839949509126941656e-03
3.445301619218292099e-03
1.192043099310762834e-02
1.149575994659700166e-02
5.101994340592908364e-03
6.936582079946542606e-03
4.502193232220265406e-03
3.467355069073743776e-03
5.358805318874027349e-03
4.906869062538287384e-03
7.290943779167436550e-03
3.602907152504402147e-03
3.786348160869733043e-03
5.587016374519148537e-03
4.277433670661816636e-03
5.271550961368463850e-03
3.657784233689041504e-03
5.628835875989000523e-03
5.572068475045438216e-03
8.488635803777471248e-03
5.800501334863612107e-03
7.311049235397710892e-03
3.389455749017688136e-03
1.459513399594445336e-02
5.429087549553705469e-03
9.502847529351227812e-03
8.870463251867874085e-03
5.262458613014961081e-03
9.518784125735084423e-03
6.494843869013328455e-03
1.201368358018727218e-02
8.949541117539094870e-03
4.230816419765294663e-03
6.283688337854437950e-03
1.354978420567049154e-02
4.283368226260502593e-03
