5.977024617166859510e-01
6.327736290727350443e-01
6.228720640691590704e-01
4.786130907977552695e-01
4.629829517493362911e-01
5.347286425412750566e-01
3.741603122495019695e-01
3.188377335555724335e-01
2.288679260386720371e-01
1.214124229888084161e-01
1.011014122848965663e-01
2.585542379362540388e-01
2.849959079674631024e-01
2.270093689078254706e-01
1.258405416487912709e-01
2.883015083496469066e-01
3.347019777904953752e-01
1.728258910898545497e-01
1.165341793177125246e-01
4.826044381031917990e-02
1.446189798864837284e-01
1.212941791980180761e-01
2.137716889371311935e-01
8.277936349951797723e-02
1.756276297114915674e-01
1.907075310985834396e-02
7.493163491092184880e-02
8.112511546972461796e-02
1.261362316581752518e-01
1.257814482383569632e-01
2.622511048663762889e-02
7.017535634477728435e-02
3.427054485832682629e-02
5.510190586696271653e-02
8.303792067110064845e-02
4.808454178214333075e-02
3.606730102551607836e-02
6.973397743518884584e-02
3.511436081228723471e-02
6.385339625745987957e-02
5.425197680392655764e-02
6.002029958330834525e-02
1.591551955102386146e-02
7.781062078830458528e-02
6.819167667872409744e-02
2.790563345737721510e-02
2.871729313281054866e-02
7.892024842536315976e-02
2.925310923246217734e-02
5.264527841361239108e-02
1.650212016444899468e-02
3.440286702973567590e-02
6.343854421220600226e-02
1.663318180725957551e-02
3.630383404582435136e-02
1.825098305031631202e-02
1.659573211381904986e-02
7.447213473600838851e-02
4.823646163349260690e-02
5.477429011942963610e-02
3.083713942099215038e-02
3.598102439534330704e-02
4.101857166043883923e-02
4.930518893819924725e-02
1.898380108814531550e-02
6.285600776872944662e-02
1.851631420363538880e-02
3.484340766398674738e-02
2.404158784401332419e-02
3.273047400890998632e-02
2.538130092675046010e-02
4.233651007295045898e-02
4.174933938213592349e-02
1.766503379123384940e-02
2.972237669789123266e-02
1.820517864670547284e-02
4.572570531154837581e-02
7.356117467130746101e-02
4.344270747575930403e-02
3.860390451311159626e-02
3.314186664705224411e-02
1.662949687872931903e-02
1.877697724209600669e-02
3.385830259794757324e-02
4.067312099847938955e-02
3.180148527010046716e-02
2.122663099202576342e-02
4.075751134304160528e-02
1.302956202151743688e-02
3.970248289610821268e-02
7.420133272674607483e-02
3.136231632797056856e-02
2.175000649687855447e-02
1.912948967980547879e-02
7.264537982087790335e-02
4.275979840635264762e-02
2.155977895144795334e-02
3.537675319941291363e-02
1.043329571020557150e-01
1.931628363155293154e-02
1.042299277213658282e-01
3.483133089322756892e-02
2.038844177182667569e-02
4.165008600904043790e-02
7.378010594346441631e-02
2.034595308851883111e-02
2.165682393285961113e-02
3.184680241821891827e-02
7.178696434506239010e-02
4.553078981675438147e-02
1.336741427364957283e-02
4.052933164008325206e-02
2.259648100391816253e-02
3.114530525530423422e-02
4.089746713739284001e-02
2.372691099880641641e-02
1.912996442910148975e-02
1.605653460361596008e-02
3.176716276599676758e-02
3.482343210034193060e-02
4.759070883475410157e-02
7.286315957512549957e-02
4.368792746002208432e-02
2.068153901337779071e-02
2.695690332558396338e-02
1.605119128870324818e-02
3.993497195563142088e-02
4.017064959941703262e-02
2.608160120260543877e-02
2.790243675655134509e-02
2.116758863095643400e-02
3.311175052030947835e-02
1.979114427266291665e-02
4.019984093394909919e-02
2.014371752989927572e-02
4.284647595886221377e-02
2.836321732388060596e-02
3.003745953133495419e-02
2.871145106899855581e-02
4.386411153278994834e-02
4.235108903666130742e-02
7.221737060009318643e-02
1.689882778670656269e-02
2.062662380954561475e-02
2.767516276242357187e-02
1.343513247221130025e-02
5.439203131498526744e-02
1.996638658346413381e-02
1.362298054787173217e-02
4.405390738993973654e-02
2.610966052455245684e-02
3.403707738575587061e-02
2.206044832865319133e-02
2.158574272153607546e-02
5.275605864645255966e-02
6.485756189344281386e-02
1.082994874836332687e-02
4.254755007155695823e-02
4.819979395050127263e-02
3.978076756822231108e-02
2.102203643879864067e-02
3.860213544098009542e-02
1.949120530425159023e-02
1.698301713515392233e-02
5.422286943920107821e-02
3.344300829428627914e-02
1.395319865314593663e-02
3.992695812500190317e-02
1.280154149220195069e-02
5.935152100853716833e-02
5.950483568493616232e-02
2.850707060493604464e-02
2.905686590726576715e-02
8.426987153858553001e-03
2.598216242116868982e-02
2.783760887792258512e-02
3.712903247419430119e-02
3.043053230038658338e-02
6.076990353269459688e-02
2.385300592446451887e-02
2.120687479781643153e-02
2.275552970634250882e-02
3.663384153728233006e-02
3.024940106746885557e-02
1.348675828898827402e-02
3.475872624668124855e-02
2.609326817486752256e-02
2.021153018794604947e-02
8.927594225102310557e-03
8.256665954079828867e-03
4.687583068221810173e-02
1.579182571815607172e-02
1.360418388725104059e-02
2.885830432287966874e-02
1.664426902909281469e-02
1.283356534868181943e-02
6.395219194467370583e-02
2.560186151286316866e-02
1.762738112324631692e-02
1.813023909904426870e-02
1.754907517243871687e-02
2.539082443711986048e-02
6.339250935396512077e-02
1.261243109624986605e-02
1.628487019330020560e-02
2.819913510831754608e-02
1.316300855097943430e-02
1.526231836029352806e-02
4.595614689338552161e-02
7.859506345950478812e-03
8.487119953324601118e-03
1.946641433714373093e-02
2.522016218836133084e-02
3.357410132172623796e-02
1.281366146449684426e-02
2.927262718745003017e-02
3.492982571670338182e-02
2.134501214557870882e-02
2.013010872849714875e-02
2.251962550869307175e-02
6.293640326398734774e-02
2.988124376304016755e-02
3.721440684583728759e-02
2.664770710588471730e-02
2.509341339480740743e-02
7.326201865284976550e-03
2.980529904082645024e-02
2.797686980154142494e-02
5.974398600738858173e-02
5.832201926593977293e-02
1.144930913749779740e-02
3.780578574894504634e-02
1.262411984732448797e-02
3.271448592922498316e-02
5.746988498818411673e-02
1.624775508054329340e-02
1.961764904074161583e-02
4.124837778560238449e-02
1.993021080755865565e-02
4.179922584576966499e-02
4.955361126948314848e-02
4.329584498128655201e-02
1.024434977685862065e-02
6.858378966377327857e-02
5.640937385097940376e-02
2.094091096455833953e-02
2.270970848622996113e-02
3.811819645546293128e-02
2.645016078818759539e-02
4.623483307237091083e-02
1.353155502183599375e-02
2.065244389519457074e-02
5.659911274922677787e-02
1.317652488731822780e-02
2.748703190214110692e-02
1.964881085351006737e-02
1.676615399519671909e-02
7.307141993115573442e-02
4.446589292328357451e-02
4.715018161621014475e-02
2.934616744426494714e-02
3.125794168873604478e-02
3.057920733201291083e-02
4.480667137593050825e-02
1.955405381624242267e-02
4.400644944108594858e-02
1.918806480773570244e-02
3.354279781771058594e-02
2.208048604203986451e-02
2.835420219390787783e-02
2.557293831260363040e-02
4.122002312970075855e-02
4.071182678405940031e-02
1.685505499399599788e-02
2.740020765335427627e-02
1.823239864091196621e-02
4.480783070750436747e-02
7.321757303131587458e-02
4.527139874584065055e-02
3.666990659368606770e-02
3.255368816612805999e-02
1.636548624110574154e-02
1.891855105708410353e-02
2.721543122375026311e-02
4.076216007292559479e-02
3.152173556740695687e-02
2.173642848820046825e-02
4.061638025561226800e-02
1.313797329385712337e-02
4.107328033152828767e-02
7.331513391908625610e-02
3.127253096096582752e-02
2.163797583280319473e-02
1.929140181701244350e-02
7.280555192046260504e-02
4.226195894438333767e-02
2.116458469159059747e-02
3.519392815735533642e-02
1.042986149716319810e-01
1.931628363277663671e-02
1.042642656406442686e-01
3.501212355184479819e-02
2.077415571475354703e-02
4.188523841927280916e-02
7.317569217561670225e-02
1.966946943543967583e-02
2.160534573982532749e-02
3.142023702781840400e-02
7.251425442142885036e-02
4.297505039230887364e-02
1.325142647030199371e-02
4.054615573381269850e-02
2.219015649215187735e-02
3.130927569062576937e-02
4.083570136763037262e-02
2.483470509617881350e-02
1.903403252290004552e-02
1.618569035130770079e-02
3.211157327265691530e-02
3.554782986770927550e-02
4.659222291860015686e-02
7.300551613261319073e-02
4.416420926884419978e-02
1.905993182126234156e-02
2.696796093703524369e-02
1.637199211057194237e-02
4.021777594161361769e-02
4.058273733873966893e-02
2.585139359029893849e-02
2.787549161485748661e-02
2.145449897803551262e-02
3.321941440306890730e-02
1.955771665852890431e-02
4.115180785987737622e-02
1.990940432641731539e-02
4.346027183952615169e-02
2.892148183217034541e-02
3.034788658494724442e-02
2.890625962714380923e-02
4.491215793296533809e-02
4.307385547110790386e-02
7.251491904867800320e-02
1.684960442814148820e-02
2.027368590443782634e-02
2.744330537624439792e-02
1.327249674993755992e-02
5.505090598601655727e-02
2.004776299536347242e-02
1.353501550065781649e-02
4.472078752355675840e-02
2.616998948659166047e-02
3.506942123800972644e-02
2.219454969460460739e-02
2.128753095418993782e-02
5.386209999889068900e-02
6.604539655179667013e-02
1.060858686925824149e-02
4.264765989063375173e-02
4.860487602961010428e-02
4.028050772300900695e-02
2.063615079014850112e-02
3.928849914197773963e-02
1.947464974128239670e-02
1.671722083487125338e-02
5.509780349210269962e-02
3.316875752642248903e-02
1.354456027411286324e-02
3.924646530739527017e-02
1.239180391596872259e-02
5.894228628618637666e-02
5.947113402177982289e-02
2.830676408835527957e-02
2.921919342770423061e-02
8.109352687979146102e-03
2.570002118116051365e-02
2.747448874363078372e-02
3.709700273015275468e-02
3.024473774309648783e-02
6.130500625451440477e-02
2.347884013459346567e-02
2.090642297413993975e-02
2.236800132852364079e-02
3.616420812853783640e-02
2.997834588147840068e-02
1.330356267654648865e-02
3.443235801126203616e-02
2.585762994320460126e-02
2.001378467033516559e-02
8.811289264314865061e-03
8.152641476615849619e-03
4.663305710112916613e-02
1.565406954942425918e-02
1.349034054026816351e-02
2.868845128886593487e-02
1.655208066625974209e-02
1.277717739401893968e-02
6.380962209000115570e-02
2.554853201673612170e-02
1.760770413285434391e-02
1.813023909907248571e-02
1.756855148803861816e-02
2.544301732610080441e-02
6.352980850742448449e-02
1.266662426974058363e-02
1.637241951994536024e-02
2.835896227816150916e-02
1.326982639884144270e-02
1.538945218436387451e-02
4.617357894285595288e-02
7.954205761099623212e-03
8.591269250290512610e-03
1.964163558414033783e-02
2.542180157869044360e-02
3.384155022325513462e-02
1.296776117721334248e-02
2.949133469686320008e-02
3.531457556469388276e-02
2.166473190013109770e-02
2.036994630621318317e-02
2.281483967504099181e-02
6.238985464014381449e-02
2.997418484724992047e-02
3.714456671407494193e-02
2.688540504048320470e-02
2.526105459093241218e-02
7.562834200962683176e-03
2.959656220181760417e-02
2.804899400391898737e-02
5.960206837908715860e-02
5.844580464613686327e-02
1.172369954641290860e-02
3.820334561760169167e-02
1.288881110959241502e-02
3.281637022765053480e-02
5.671968390762926332e-02
1.636075195107681429e-02
1.954570674793837046e-02
4.061399765596971495e-02
2.010690220336855405e-02
4.129734678211489235e-02
4.927426063605199608e-02
4.304319765966243411e-02
1.032885349186724207e-02
6.786879273393610357e-02
5.566563466636120089e-02
2.099420456474630423e-02
2.253094398351714045e-02
3.712360147099426355e-02
2.635063386867145599e-02
4.579655653043127744e-02
1.350644053844893971e-02
2.041694840851794243e-02
5.614521745774080086e-02
1.316908101725933720e-02
2.740003386094602353e-02
1.980947344245211073e-02
1.678716595149632590e-02
7.292458153754620420e-02
4.409325633845641301e-02
4.652245390198724712e-02
2.922102015545016349e-02
3.097401999708436493e-02
3.005412801493857755e-02
4.442691727134599061e-02
1.963869118860238697e-02
4.309852160700294171e-02
1.927826950817575560e-02
3.344400318170136915e-02
2.190523629436767414e-02
2.816320305990011735e-02
2.563065765626113338e-02
4.106614848900684567e-02
4.058615120894228795e-02
1.673983903512881247e-02
2.724610006683868269e-02
1.833695093882285049e-02
4.466163152759970029e-02
7.316737026610273253e-02
4.556859343822191460e-02
3.639951100271615614e-02
3.245551080472459243e-02
1.632419068864176745e-02
1.894348893515043070e-02
2.656153606099595499e-02
4.077796898670455611e-02
3.147457374341987996e-02
2.183135466126606347e-02
4.059730518859187148e-02
1.316035444111434381e-02
4.140799098217729651e-02
7.314854150017550960e-02
3.128200898215067333e-02
2.162497766077928901e-02
1.934766338094228919e-02
7.286209345655705882e-02
4.217635844836378767e-02
2.108611890317968821e-02
3.515748587436348660e-02
1.042917417802452507e-01
1.931628363155549200e-02
1.042711359007800209e-01
3.504840324688176384e-02
2.085186261647662201e-02
4.195000270104141255e-02
7.308379145598946358e-02
1.957323095644083327e-02
2.160532495302131678e-02
3.136998336470391696e-02
7.266820050552207089e-02
4.254712395959852483e-02
1.322846582944306980e-02
4.055544689800987673e-02
2.210345366540968429e-02
3.134739233400241770e-02
4.082203527444315527e-02
2.516812255762786860e-02
1.901267508612992582e-02
1.621682086685997601e-02
3.219098641855012294e-02
3.573218147821803636e-02
4.635826111381801534e-02
7.304104237171624159e-02
4.427707290229441345e-02
1.883348999876722357e-02
2.700296216869309263e-02
1.645234819674172913e-02
4.029410536709757823e-02
4.068733110636067740e-02
2.579886703145296487e-02
2.790401750649112653e-02
2.154051754961897741e-02
3.325810457907388273e-02
1.949776497905963968e-02
4.148123243339182226e-02
1.985034421454351036e-02
4.364401957809260074e-02
2.911386002034180645e-02
3.045518643813297302e-02
2.896551343089679223e-02
4.522077782037366850e-02
4.327706775795821942e-02
7.259751702242432658e-02
1.683653934899018503e-02
2.017812737360328082e-02
2.740585793840479706e-02
1.323913206382235086e-02
5.525290235172695269e-02
2.009458186232624885e-02
1.351948975235554157e-02
4.492189070560014680e-02
2.619637731656008703e-02
3.541513624035315388e-02
2.224631894831130899e-02
2.121526172545950412e-02
5.419718573353374258e-02
6.639436540534146558e-02
1.054889798103670132e-02
4.269889147831310017e-02
4.872840006772353322e-02
4.044960722231716321e-02
2.052798379892941186e-02
3.951419762657765872e-02
1.947801652088459665e-02
1.664324498082361478e-02
5.537980890237972215e-02
3.309359156955084952e-02
1.342158082485231038e-02
3.904569486092408781e-02
1.226758835381015419e-02
5.883235302897162761e-02
5.947621169067563579e-02
2.825161717670928233e-02
2.927765238463155700e-02
8.010589929085211794e-03
2.561601021722445179e-02
2.736442435509891039e-02
3.709527216816252415e-02
3.019085460889999947e-02
6.148467977756855163e-02
2.336072769348972872e-02
2.081130019637891099e-02
2.224440796504489198e-02
3.601461875269256624e-02
2.989225749292999043e-02
1.324486200614213502e-02
3.432835448862604777e-02
2.578180425758821656e-02
1.994965147324986865e-02
8.773481626534162733e-03
8.118697271542116289e-03
4.655411024804687048e-02
1.560897527072034954e-02
1.345293339066419049e-02
2.863260252793899119e-02
1.652170534273347119e-02
1.275854781834972335e-02
6.376249680132678455e-02
2.553084076090018223e-02
1.760116009026755149e-02
1.813023909904649261e-02
1.757505836781542846e-02
2.546049810867937260e-02
6.357595783518402155e-02
1.268484746379145919e-02
1.640193596947468746e-02
2.841295499051499363e-02
1.330593303741610736e-02
1.543258051435800714e-02
4.624783636051999630e-02
7.986424568937762133e-03
8.626828393014868493e-03
1.970160250096581259e-02
2.549134133562861587e-02
3.393466796952981229e-02
1.302108633762467937e-02
2.956775280544962289e-02
3.544848948734037608e-02
2.177580653305661793e-02
2.045388361809528585e-02
2.291839143579688098e-02
6.220810815823280687e-02
3.001098786431444926e-02
3.712757912414557659e-02
2.697242079564570252e-02
2.532402829472125624e-02
7.646718671353014245e-03
2.952961711196279426e-02
2.808066597224740529e-02
5.956488829228362425e-02
5.850359270499114889e-02
1.182316231421257947e-02
3.835241066410081945e-02
1.298548568806083721e-02
3.286011201344513771e-02
5.646085474109075603e-02
1.640695259681439547e-02
1.952633661331692333e-02
4.039814448111297279e-02
2.017716651750576032e-02
4.112840647642602987e-02
4.917373743139708681e-02
4.296513670736087226e-02
1.036397591175649245e-02
6.760518285833268248e-02
5.539672078395353749e-02
2.102316147237671962e-02
2.247195291578156506e-02
3.678617295479169602e-02
2.631800451113964698e-02
4.563726568388771360e-02
1.350244415946899243e-02
2.034376353518930688e-02
5.598125605083401068e-02
1.317319645686227704e-02
2.738290456760122255e-02
1.987152246832025668e-02
1.679536251194261795e-02
7.286858055745679130e-02
4.395217035502573671e-02
4.629029144914853511e-02
2.917496521879919466e-02
3.087425736433234424e-02
2.987158547432681305e-02
4.428667185077649060e-02
1.967258023298143130e-02
4.278367196317404281e-02
1.931396227464996299e-02
3.340870686565829140e-02
2.184020428854678217e-02
2.810249139033731136e-02
2.565536863990594205e-02
4.100497773361239107e-02
4.053732719234404841e-02
1.669378768418668460e-02
2.719401309404693295e-02
1.839116302679466575e-02
4.460196886428027807e-02
7.314723018149253686e-02
4.569035120281360329e-02
3.629187354438265928e-02
3.241507296193633925e-02
1.630740981860277772e-02
1.895387506722100851e-02
2.631613388797203121e-02
4.078456458404327439e-02
3.145513278466636337e-02
2.187137159017914570e-02
4.058995254199056907e-02
1.317000127055800197e-02
4.155809298136447366e-02
7.307816173655183600e-02
3.128903029980653616e-02
2.162038484482940726e-02
1.937452014636005526e-02
7.288893400913414033e-02
4.214118572189295975e-02
2.105254916037559848e-02
3.514188023059889449e-02
1.042887980101965539e-01
1.931628363148279320e-02
1.042740795231220652e-01
3.506396409575274209e-02
2.088522340473556588e-02
4.197943943969073555e-02
7.304721374539294154e-02
1.953539007936026112e-02
2.160633251081386583e-02
3.135174157725303945e-02
7.273509779894322957e-02
4.237138043424336364e-02
1.321866002982691711e-02
4.056010811445716346e-02
2.206570094835087065e-02
3.136434680068972414e-02
4.081602905803650289e-02
2.532755655708310294e-02
1.900327359660172397e-02
1.623081652226847013e-02
3.222627298416172459e-02
3.581636218158165685e-02
4.625384581578322052e-02
7.305717291160442051e-02
4.432760018258270762e-02
1.874583612966728569e-02
2.702343705461690559e-02
1.648889421882760581e-02
4.032957150746226127e-02
4.073508503202415837e-02
2.577572839185467146e-02
2.792261064600959700e-02
2.158176550323873816e-02
3.327747001160300672e-02
1.947029883192237867e-02
4.164621152660290260e-02
1.982345498329721525e-02
4.373220021796081491e-02
2.921008527278666153e-02
3.050876735344323909e-02
2.899406546671590840e-02
4.536832118392980506e-02
4.337281698893872411e-02
7.263627412814477324e-02
1.683049442812780891e-02
2.013363825130027804e-02
2.739282932755478586e-02
1.322545959060256356e-02
5.535076065077643853e-02
2.012079472997269081e-02
1.351373222777014355e-02
4.501884681812515915e-02
2.621036894652376339e-02
3.558780627421832127e-02
2.227311840347012337e-02
2.118329276149759008e-02
5.435904332619267976e-02
6.656120010916863339e-02
1.052130702244974576e-02
4.272719485480729051e-02
4.878820240624980042e-02
4.053438673845741885e-02
2.047726551552618568e-02
3.962638511953672088e-02
1.948114582883088072e-02
1.660868959641580850e-02
5.551902553566509524e-02
3.305873600929287726e-02
1.336233816529981168e-02
3.894973227367704016e-02
1.220758676074295418e-02
5.878186695192313266e-02
5.948151160338300408e-02
2.822603236118841064e-02
2.930761625495816730e-02
7.962444601158207361e-03
2.557575013221309590e-02
2.731130261579850851e-02
3.709596178451508852e-02
3.016532059353833894e-02
6.157472141487311396e-02
2.330284632495691413e-02
2.076463629196976732e-02
2.218361129036262175e-02
3.594107247290997259e-02
2.984998067030824806e-02
1.321593769153049658e-02
3.427721520081301182e-02
2.574438494560682064e-02
1.991790978412380855e-02
8.754753049209274343e-03
8.101858944669589058e-03
4.651499939303784664e-02
1.558657969435272607e-02
1.343432955857665721e-02
2.860482024041026416e-02
1.650658324767377561e-02
1.274926391706136114e-02
6.373900814858231290e-02
2.552201102680521499e-02
1.759789086320426646e-02
1.813023910506046665e-02
1.757831458654984802e-02
