1.649834150201917315e-01
1.611063431728086137e-01
1.614866446277505863e-01
1.196076225626710593e-01
1.514878980395431285e-01
1.598026096183848832e-01
1.540275283537032303e-01
1.479451439089493059e-01
1.817676420746741350e-01
1.395014472772121428e-01
1.549711506372360437e-01
1.332009757583015874e-01
1.381862788855469093e-01
1.683682173906861923e-01
1.266133242124254654e-01
1.578018659383868261e-01
1.592136058836381707e-01
1.656743580408153449e-01
1.330636580828874205e-01
1.525144058058862384e-01
