1.154984217600151242e-01
1.216675624663274558e-01
1.259726663337338293e-01
1.204971340660940388e-01
1.195077385826367328e-01
1.157862100859661236e-01
1.303722941199071950e-01
1.079138069215484774e-01
1.138063944761096014e-01
1.153753096264591993e-01
1.158512114693168171e-01
1.153240375616478575e-01
1.025310506946372907e-01
1.012547648447786330e-01
1.197565826776319092e-01
1.177633029576523743e-01
1.170613819277359358e-01
1.066653167404322394e-01
1.134114422025641056e-01
1.162150360386413200e-01
