1.100309022381790180e-01
1.054764487667268213e-01
1.408918536413408529e-01
1.243805323118373080e-01
1.432160160655540637e-01
1.121204192095732466e-01
1.249582632006934202e-01
1.196503000418913665e-01
1.438794669895228084e-01
1.059550330901587317e-01
1.409517785444802662e-01
9.769996557527438341e-02
1.184007572580646483e-01
1.159463422727483040e-01
1.182223882743006077e-01
1.420594733135561727e-01
1.084855841884184990e-01
1.258490214377219474e-01
1.287339627744726600e-01
1.186083570951709382e-01
