3.497954360911580823e-02
4.146068944335164208e-02
4.233254088935847759e-02
3.468076402503698225e-02
3.976672633976480187e-02
4.630027975402165041e-02
4.054659054891885522e-02
3.491842057365674573e-02
4.228128836426403581e-02
4.252090529237098626e-02
4.852862925969376323e-02
3.980126671677881173e-02
3.624682948654388975e-02
5.096213063463365944e-02
4.014575794986584290e-02
2.964022937542677358e-02
3.517703875433770416e-02
4.607573396647059172e-02
3.570850655150456521e-02
3.452993646399694916e-02
5.238003915418878303e-02
3.420459665877849387e-02
4.385254905932935848e-02
3.949471909707723966e-02
4.536188591874055348e-02
3.289950688428649322e-02
3.661699434373204970e-02
4.181554401578915781e-02
4.713467641284977555e-02
3.897636249539257469e-02
2.767934879096667702e-02
4.528565827376909714e-02
4.989257114655249598e-02
3.004502339039538672e-02
3.245103712754038305e-02
4.572609306055099021e-02
3.070297440598872274e-02
5.045921719673623212e-02
4.580467972354593936e-02
4.161384556505903776e-02
4.216095149454582303e-02
3.733683565976855107e-02
3.439018020050332164e-02
3.506108402034191496e-02
3.363276410503377584e-02
4.591531063782721550e-02
2.809486253532014755e-02
3.887121906907383545e-02
5.169376021867402166e-02
3.732965577460389123e-02
4.035864475590198591e-02
5.195075821775617386e-02
3.287499049628120340e-02
3.962104224794787272e-02
5.422033840373249869e-02
4.296386734768781884e-02
3.212498227650766036e-02
4.605915104078733141e-02
4.579901491500319027e-02
2.375153598017745032e-02
4.300486706430182993e-02
4.982843491359051358e-02
2.296588626815487463e-02
4.678600736844430036e-02
4.311374326481898223e-02
3.684052752665992192e-02
5.447601977806554308e-02
3.346127194372959524e-02
4.838290426309282272e-02
3.516894457497585225e-02
3.834768097900863315e-02
4.818153163990006316e-02
3.438121065354207001e-02
4.088043111442046795e-02
5.201717789234967110e-02
2.846404221515674501e-02
3.216637400008422187e-02
4.271015304230912912e-02
3.225815970675204036e-02
5.625914035506528188e-02
5.301886564251036271e-02
3.386047064326835887e-02
2.759258380003004954e-02
5.131886567834108293e-02
1.813214251471962149e-02
6.003301195839639420e-02
3.324603049168907420e-02
4.903014255845167951e-02
2.807784533861574366e-02
5.140093357390405210e-02
2.854008572226388388e-02
4.729829377348918756e-02
2.989100278413397288e-02
3.458840488137694680e-02
2.833291808558162025e-02
5.439174097949028147e-02
2.670994951064101924e-02
2.590430277964076572e-02
5.039157718112985407e-02
2.274655077761177785e-02
5.272072867237243693e-02
2.687564507474921732e-02
2.261897134626735667e-02
4.971541965203192526e-02
6.081452403074538021e-02
3.106800968630857307e-02
3.165001573720308686e-02
2.747769789469393237e-02
2.051283762646376532e-02
5.569752912575248044e-02
2.558409653976636070e-02
4.631410859851782524e-02
2.487857500072039249e-02
6.462958733420293145e-02
3.379752400817603170e-02
6.441828107060193487e-02
2.316734839561058329e-02
3.245181526774169184e-02
5.594099804413932980e-02
2.499584692487520632e-02
6.499448502320412380e-02
2.462718224020063115e-02
6.036456496613510497e-02
6.156658054592287210e-02
2.433518663010070943e-02
2.895782066424554962e-02
5.644889333700384842e-02
6.989540315445195995e-02
2.797709954553709646e-02
3.602098646540954213e-02
6.631865691469217283e-02
5.614518100616291280e-02
1.977875858807580378e-02
6.169581404676531544e-02
3.289986398050526173e-02
6.009325538262458299e-02
2.799235305261480247e-02
6.464833334004221888e-02
2.104694115810092428e-02
5.431965276671562454e-02
3.452188925204360131e-02
6.594899940867493537e-02
2.188450686666662190e-02
5.942633105558538936e-02
3.035059906566051069e-02
6.556319993304121629e-02
3.912081562115799632e-02
2.177569073734203151e-02
6.115583367899733030e-02
2.668473582362800717e-02
7.680432707501935741e-02
6.239810055228170449e-02
3.149048770844367628e-02
2.937945268982971453e-02
2.616154346550073062e-02
5.955550572980475993e-02
3.025266017837553376e-02
5.101403239736081174e-02
2.286681237806011124e-02
7.214520896960677221e-02
2.508575705447123327e-02
6.645267446347093154e-02
2.147395486594017716e-02
9.080563988148017407e-02
8.100894459235430389e-02
2.924559366695693441e-02
8.739167806781179826e-02
2.701078994421543186e-02
2.500426139096427122e-02
2.330343820830313439e-02
3.076001068811093364e-02
6.842597625879566492e-02
2.149783838951144915e-02
8.148001206780328132e-02
8.298149406462795863e-02
2.570787927912509749e-02
5.510680169170579373e-02
2.155989879632937492e-02
7.649396697848674653e-02
7.556626097353476290e-02
3.033746824121370811e-02
1.843618918358264080e-02
2.032284023117052543e-02
6.363037452974015795e-02
2.298407490649679447e-02
8.139444710249485460e-02
1.365986694509954344e-02
2.257612656678670629e-02
2.574504880144722757e-02
2.771158517947396038e-02
7.442194207367026915e-02
2.740053039984424038e-02
1.871488488468191214e-02
7.274154202397416225e-02
8.108227874464354890e-02
2.872346044259701386e-02
2.735371665055072107e-02
7.090216532445725584e-02
1.633527738449944144e-02
9.921459566614351799e-02
1.897345710290252938e-02
8.019180866487510273e-02
1.260678681525525570e-02
2.752530782885533392e-02
2.894481043247162239e-02
1.023214829109293372e-01
7.969152771343489261e-02
2.060624616991034788e-02
9.155723611668206696e-02
8.029731362301678610e-02
2.661009892251814390e-02
2.583792469000581460e-02
1.977574838568543422e-02
8.080447292190055808e-02
8.779023798799872116e-03
1.660708571515088008e-02
1.061329685713222892e-01
1.292234636548261414e-02
2.893127587318813920e-02
1.023506135839027664e-01
8.423629310687627547e-02
1.532159805323993380e-02
2.710968464846002721e-02
1.006156639373330386e-01
2.640562029049327991e-02
2.277402790075452529e-02
7.633073539220396053e-02
9.235376359776520383e-02
2.029955008521069915e-02
1.267298645413116390e-02
8.196123979549094218e-02
9.969552437279037560e-02
2.892784436238477960e-02
2.700671980780975853e-02
3.052888661787702893e-02
9.506409484269838506e-02
2.294276559810691507e-02
9.101545855259053630e-02
1.386627243917488116e-02
8.517585207944522452e-02
1.136103510366373234e-02
2.199749279697107637e-02
9.682749301365357886e-02
8.175392477819877490e-02
9.070587979750968644e-02
1.727733503620072775e-02
1.764687406778918041e-02
2.500671870653632320e-02
1.406717616583832639e-02
8.905770985153038666e-02
2.169386007820457013e-02
9.029043412057588536e-02
9.451858246932504093e-02
2.599477928565102972e-02
1.334038112421487114e-02
8.916005522041997589e-02
1.332967394130843593e-02
9.197076219613656289e-02
2.197998686879037294e-02
2.142204687787565773e-02
1.012198406426879499e-01
9.947693697256886070e-02
9.220341004523384398e-02
2.256929413388790787e-02
2.207323842598730990e-02
1.723388966731663127e-02
2.387526212066763340e-02
9.357214497627672212e-02
1.006684617575678842e-01
1.934835090237944574e-02
1.588704280299946259e-02
9.330250533621424480e-02
1.578952763014052421e-02
9.226818135988249653e-03
2.556001388260174464e-02
1.695330604866908744e-02
7.947154962604884368e-03
1.700183219458491560e-02
1.007777212597806699e-01
1.270141185606225853e-01
2.874588387698189321e-02
2.251306914256663919e-02
1.080719805226642710e-01
1.284433053117117751e-02
2.261273141895631458e-02
1.300492653505260499e-01
1.134606999285023843e-01
1.047766066660950623e-01
3.080422197551016192e-02
1.118327743046319822e-02
1.037181548492238370e-01
3.494436011338564185e-02
1.042297415216881379e-01
3.553153053427038355e-02
1.116690331032751116e-01
7.451351820550353167e-02
2.797067061025440560e-02
9.155782405870184493e-02
3.990250241586697916e-02
2.820065496467362431e-02
1.115704537259340351e-01
