5.458247387133873668e-02
4.635782068163293163e-02
4.273152440317022627e-02
6.125118794870088035e-02
5.439053050677678663e-02
4.491742266559613922e-02
5.390709993747854617e-02
3.665882915153524657e-02
5.647136875740019213e-02
5.301527047245215007e-02
4.204272049668961869e-02
4.326890275233757216e-02
3.379503730629033337e-02
3.204114739879877077e-02
3.790945224624688720e-02
6.032266133139954634e-02
5.621384984735110918e-02
3.892879359876275785e-02
3.958517972390574596e-02
4.473266021892838978e-02
