1.556981088064735286e-01
1.622113850912125788e-01
1.589950686035659921e-01
1.603851083553805013e-01
1.298601683598371859e-01
1.624258652795157187e-01
1.516650284601138710e-01
1.689515180669103056e-01
1.497974991647709198e-01
1.406820500567708687e-01
1.634667913894468638e-01
1.572558665974959635e-01
1.563744593279775830e-01
1.265257564025471515e-01
1.479429425022057432e-01
1.437471100899336829e-01
1.464646710946152508e-01
1.283630319764391681e-01
1.643880042571658762e-01
1.400619841092151929e-01
