6.521370791320989235e-02
1.281660638121408513e-01
1.095369932852096606e-01
1.235353270730137898e-01
1.127719794260975961e-01
1.365493974103817731e-01
1.488203757796272564e-01
9.596210491845279245e-02
1.132734994842270471e-01
1.107118617950747369e-01
1.088319210862671860e-01
1.339889965217248291e-01
1.332599554001447084e-01
1.115009511926895597e-01
1.518866779952679769e-01
2.100953255777784565e-02
1.492025340599680006e-01
1.260375593780885817e-01
1.127335998659393379e-01
4.620417091743971028e-02
