2.336232088245246141e-01
2.418004805726104156e-01
2.460057315647076193e-01
2.417333760570692103e-01
2.445975035488926752e-01
2.188655975965933531e-01
2.475394903928226087e-01
2.536207521392797593e-01
2.543921283407989953e-01
2.302240366547937123e-01
2.451699228091351601e-01
2.462947919032403843e-01
2.496964861089687737e-01
2.437567512074705067e-01
2.594273241574991395e-01
2.195430520869330604e-01
2.655865383341937669e-01
2.225008207706080654e-01
2.528381859787051655e-01
2.311072719649065466e-01
