4.438042110549145214e-01
3.808650457891538665e-01
3.807102511558498326e-01
4.437920831408803113e-01
4.425137921268570973e-01
4.425579456838240611e-01
3.803454590069822450e-01
3.806089029687256264e-01
4.374225333685824446e-01
4.375208671914334047e-01
4.437706200305039927e-01
3.899645894704119597e-01
3.899592284939752962e-01
3.809488227454908560e-01
3.815095374961832708e-01
4.409887884798707747e-01
4.411339681628204668e-01
3.948534965944323072e-01
3.948374530208212385e-01
4.437572261064439694e-01
