3.349121413996381524e-01
2.864559743415666659e-01
3.064758109777431239e-01
3.319604442919079079e-01
3.403229521027639759e-01
3.366464800191841245e-01
3.363971883088080483e-01
2.953963390037600001e-01
3.241895679223569804e-01
3.161740682566924754e-01
3.032233239336461494e-01
3.115171559938281209e-01
3.369561356711236466e-01
3.188588819588404344e-01
2.853185927443687708e-01
3.239718860428537628e-01
3.063350470383875979e-01
3.166969263700699644e-01
3.076367645416149266e-01
3.483498576168573280e-01
