1.256875889395686618e-01
1.428873871774954118e-01
1.021628093311108543e-01
1.223325710395354038e-01
1.368790210052889533e-01
1.321348477588483450e-01
1.130303237292023533e-01
1.252494111362210394e-01
1.300732017971871490e-01
9.043797469364694974e-02
1.043855824376841157e-01
1.171670077298959251e-01
1.167259685838034217e-01
1.060542868299624159e-01
1.107844451710392475e-01
1.193071841018906731e-01
9.027955102291079781e-02
9.698512365193603935e-02
1.079033359669163139e-01
1.083949406223987388e-01
