1.199887334972378344e-01
1.288134810766786431e-01
1.441303702768627903e-01
1.367321294586231750e-01
1.351701135796251896e-01
1.497753315461821666e-01
1.500984195323420145e-01
1.241104270158605860e-01
1.503209320655614634e-01
1.266997623752950108e-01
1.388548815777150003e-01
9.754562134360476866e-02
1.507295746600452735e-01
1.200403776375509601e-01
1.430331217423667367e-01
1.306480472282957050e-01
1.453775047003360299e-01
1.372209269602403525e-01
1.431139733410468351e-01
1.446229159762982830e-01
