2.312313264813026237e-01
2.326659222773109492e-01
2.420013696017172256e-01
2.465439418350351686e-01
2.517280277397402899e-01
2.518925485739779146e-01
2.292140024967903589e-01
2.333877969541935382e-01
2.430505243422461659e-01
2.333685510395191731e-01
2.405029075394963523e-01
2.472150058861032063e-01
2.233851887862344510e-01
2.552420978933056528e-01
2.332969800979798058e-01
2.326620306656045911e-01
2.548530783071708550e-01
2.388883801508089322e-01
2.532924937207438054e-01
2.335836243648626576e-01
