6.406758701265647548e-06
2.009694197371010194e-06
3.158131621921158628e-06
4.234888875490607711e-06
1.906970304223151650e-06
3.679496641878967020e-06
7.379830900902044260e-06
3.900006721929272287e-06
5.983681422787364280e-06
5.875024421511728223e-06
3.672449429552189069e-06
3.551977564637118249e-06
4.292989731615394357e-06
5.294279114787940236e-06
2.334569671651404174e-06
6.886687839118155270e-06
4.017495030848071455e-06
2.672680155076074101e-06
2.509246625584364734e-06
5.547681298320640061e-06
