5.082811729659187664e-06
7.463595524924173362e-06
5.462447741025111839e-06
1.491523937876502518e-05
5.613677391461690526e-06
5.913361358436869745e-06
5.268612157602668808e-06
1.007995395733776180e-05
4.133981834984019032e-06
1.025324393475684920e-05
9.912809637233567961e-06
9.353954423910843416e-06
6.439947015523587418e-06
8.090824691665554015e-06
5.674336728348927880e-06
4.487372497444860101e-06
4.753547287484499885e-06
5.366717782522073976e-06
6.669682456466553960e-06
6.026498866942625421e-06
