7.271327671285942499e-06
4.175164601516209069e-06
4.880775385717407997e-06
7.970752672951330906e-06
4.377559349101748191e-06
6.009287984248638725e-06
3.573733405412502216e-06
3.891269037712495882e-06
5.488582211233252767e-06
5.085020473907188020e-06
8.981197698070715810e-06
6.185466357225033935e-06
1.043762789241965462e-05
1.515073681524386236e-05
4.281078868054787336e-06
4.373953303407160775e-06
4.592985895147500710e-06
6.516851527852023082e-06
6.284382511944845882e-06
3.713777920853333468e-06
