9.570462263099377420e-02
7.669154809989477128e-02
8.155896197561549044e-02
7.836827184290935666e-02
7.806079136900682947e-02
5.401606009806400599e-02
9.603860017650930891e-02
5.243785097917408322e-02
4.767227320096720927e-02
1.105043189244866858e-01
7.547480356193364548e-02
8.108645553088540681e-02
7.416136566641219618e-02
6.766984845398302251e-02
8.949064494183599228e-02
5.216638095588399526e-02
1.001450208604006131e-01
1.090451907631816153e-01
7.918427706075928385e-02
1.128193029249722201e-01
