1.972998518203912934e-06
2.398051295080082726e-06
2.509246625581611030e-06
2.672680155033078709e-06
2.334569671651403750e-06
5.294279114788099478e-06
7.379830900902015461e-06
1.906970304223159909e-06
2.009694197371012735e-06
6.406758701283111674e-06
3.158131621924897008e-06
4.234888875646373682e-06
3.679496640693381357e-06
3.900006721859835067e-06
5.983681422789203189e-06
5.875024421535388395e-06
3.672449430098898438e-06
3.551977564629373827e-06
4.292989731656940476e-06
6.886687838936016081e-06
