1.663143140308617735e-05
1.977859903215833218e-05
4.662071271118255416e-06
8.356599515724764376e-06
8.823163618879877097e-06
9.365549089470027934e-06
5.747473026909959673e-06
6.729111268335410101e-06
1.011709076143253222e-05
5.733801055892078339e-06
6.286460989703312334e-06
1.447764390315643662e-05
2.161441120707479279e-05
8.136694914318989572e-06
1.972732202688693334e-05
1.167422542014293370e-05
7.744004304364836825e-06
7.346071973839708375e-06
1.160939942968749145e-05
1.018988498387769459e-05
