4.253270624570917868e-02
7.192363859129860537e-02
2.794991239760486607e-02
3.533759703629296006e-02
6.436977947299005187e-02
4.835023710438887679e-02
6.024200486229423085e-02
6.741974377879146607e-02
5.543226600298691714e-02
6.933865314135016777e-02
4.182365541819147575e-02
5.977872561178888128e-02
6.848527222332233266e-02
5.913362120878581235e-02
6.441337702065058624e-02
5.502793695655619488e-02
5.401114843759439316e-02
7.352624178708128122e-02
5.909166291840562552e-02
6.463762278175455567e-02
