2.859524708643854107e-02
2.809171277694784766e-02
1.551024663594427651e-02
3.167414153801559329e-02
4.054507103398940354e-02
1.240965309560583194e-02
1.230955058892565721e-02
3.771098199319977001e-02
1.432740447748594159e-02
2.660126296991270622e-02
3.283779290435470677e-02
2.994109030513972605e-02
2.447392473385677503e-02
2.738947169509085497e-02
1.772029180341535767e-02
4.957973584054197608e-02
3.965593225993990084e-02
3.082916846196476560e-02
1.947783329919513043e-02
1.808052108801107977e-02
