9.286118902296542927e-06
5.922816855180313104e-06
5.065244930989372118e-06
1.583534292667864438e-05
8.649282614984867405e-06
5.274762568925015502e-06
1.178781726814994896e-05
1.190198596892625642e-05
7.182571351837557618e-06
6.031766412045678078e-06
7.569362211066115301e-06
8.280794888740990848e-06
4.605353884859857862e-06
1.183764853301533780e-05
7.339566843906861531e-06
1.027793424607096720e-05
1.316454195944558271e-05
1.277617372698290926e-05
1.100313125233486010e-05
6.105016882118910755e-06
