1.212646188216110893e-01
9.548530910636632285e-02
1.273487787262826132e-01
1.249758361654569327e-01
1.084991014603053222e-01
8.828516911813293067e-02
1.292773524693049958e-01
1.354273351084548105e-01
1.389235559654589114e-01
1.465648395853229591e-01
9.505685507973089809e-02
1.414282940827531476e-01
1.334653612103516573e-01
7.429832493278296091e-02
1.316432625341492080e-01
6.601126423578172753e-02
1.326626785247431717e-01
1.397568162687697901e-01
1.359771049318239944e-01
1.397407136454096033e-01
