3.250982646049072056e-02
4.522509758734959834e-02
2.446614593069636884e-02
5.072555621228559686e-02
6.072429127652609337e-02
2.409676432411060956e-02
4.551119728827206223e-02
6.302973205772312293e-02
2.597249598421130096e-02
6.374741432982972134e-02
3.730993853988263248e-02
6.226583096688565605e-02
4.674888881388385153e-02
6.165969179059892225e-02
5.561782031174350438e-02
7.202372831267968289e-02
4.175219982260987284e-02
4.578153494146352392e-02
7.541667183195097102e-02
6.526595972293879055e-02
