3.709469358266507394e-02
5.797898657173899267e-02
3.812412708789333221e-02
5.937293064163359085e-02
7.280354011205841802e-02
3.657526305918636089e-02
5.453254368645957945e-02
3.464320060867678158e-02
6.027103961647863745e-02
5.457688286744828698e-02
3.855292870556691065e-02
5.590527505343877851e-02
2.993563083935948596e-02
5.740268210608970995e-02
4.514494941077589613e-02
3.598858162091515128e-02
5.736160326231697776e-02
2.521467615093882578e-02
5.917199093365797108e-02
2.173801763166335194e-02
