1.975709668124679963e-01
2.109056313998119991e-01
2.275476973107526113e-01
2.255703332981674747e-01
2.160841520920764869e-01
1.952292521786218316e-01
1.956205934000071756e-01
2.037543014593265756e-01
1.969847095626563460e-01
2.148608505214163467e-01
2.026524031984683893e-01
1.789801746474002919e-01
1.973456780005647671e-01
1.794664173828888487e-01
2.232296339371861726e-01
2.232209527055185605e-01
2.223812044544306310e-01
2.206924357933731928e-01
1.880333102171850568e-01
1.948584368416956536e-01
