7.801402599279273764e-02
4.832707045928429090e-02
6.766862655041581964e-02
5.622171531814002671e-02
4.981297571372620553e-02
8.394997701611602026e-02
6.450788559198332439e-02
7.953471893495896172e-02
5.094753115256810821e-02
8.421668472385455961e-02
7.674580629270211229e-02
7.489904650901549332e-02
7.717989048325565871e-02
6.410889515020321006e-02
7.371108578829699276e-02
4.614268561890284143e-02
7.234685738940449529e-02
7.463230583930276218e-02
7.417791952656115073e-02
7.166284654565460710e-02
