2.881950370593723831e-01
2.822537226400870236e-01
2.869436007622128693e-01
2.961846278335539817e-01
2.884064696589881405e-01
2.894323119811237355e-01
2.826225992709522905e-01
2.865074613705619888e-01
2.863146246122335037e-01
2.782207765898550011e-01
2.837030112017648875e-01
2.865957699413451132e-01
2.778337376571363149e-01
2.969936637338980168e-01
2.742803944393319981e-01
2.928232164755995570e-01
2.802060417886830246e-01
2.870700751948672691e-01
2.968282408886898649e-01
2.881734343920031582e-01
