9.719277810733373016e-06
2.624182476284120524e-05
1.324266666085633849e-05
1.393722361346285877e-05
1.346733816157460391e-05
7.956947517188317761e-06
3.600775322602374632e-06
7.683111704932043154e-06
1.014587041872615857e-05
1.138658786491537112e-05
4.300812413108971213e-06
8.868576646992804225e-06
5.804744011292917726e-06
2.276819311328815370e-05
1.316705033594529263e-05
5.385543705886571574e-06
1.494025338022378250e-05
8.410087661746228597e-06
4.472668531917966721e-06
1.266914931013089275e-05
