4.059791888186213560e-02
2.138551081699506876e-02
3.569792507476657328e-02
4.809002825853998797e-02
5.310309373170110647e-02
3.925717506479541041e-02
3.568113634594832079e-02
1.037727652101731561e-02
5.860373194693515447e-02
1.322876318920791078e-02
3.579964814470364826e-02
5.501416237584766389e-02
4.607197122200590994e-02
2.394824273489101416e-02
4.279459604026031316e-02
4.527579285628082623e-02
4.674290090534784919e-02
4.187776770386272829e-02
4.311703334567922735e-02
2.020852639880107299e-02
