2.920916999166201303e-02
1.495406169622092059e-02
5.652969069963101334e-02
2.586062075256153822e-02
3.228595809483952861e-02
3.836648643783888146e-02
4.129019854515655202e-02
3.345315098233919010e-02
3.670748097007582589e-02
5.780948160714774464e-02
3.626190139307883253e-02
6.279694716538854193e-02
3.443975119283479436e-02
1.811380828801886431e-02
3.003705955649687079e-02
3.277699550473535395e-02
3.393929984544271500e-02
2.366349837554494392e-02
5.425305670879047859e-02
4.254509853040399497e-02
