8.626218073335929770e-02
6.455950456854206432e-02
7.983798835481491218e-02
7.784429767609753192e-02
8.193999824298274504e-02
8.220570694579198978e-02
7.446134082382954711e-02
6.780557085796562466e-02
8.488204495859155707e-02
7.227084983661476170e-02
7.497340810652207421e-02
7.382918067614535618e-02
4.882044798549250303e-02
8.195390863536115844e-02
6.222453559646463905e-02
7.803401925581954224e-02
7.385575682891130922e-02
5.825572961018966878e-02
7.935437845621041986e-02
8.584057251377369413e-02
