1.972998518203909970e-06
2.398051295080151759e-06
2.509246625584376169e-06
2.672680155076065207e-06
2.334569671651399092e-06
5.294279114788100325e-06
7.379830900901995132e-06
1.906970304223264729e-06
2.009694197370875516e-06
6.406758695562570479e-06
3.158131621921165828e-06
4.234888875490575523e-06
3.679496641879036053e-06
3.900006722026679381e-06
5.983681422786526565e-06
5.875024421553609767e-06
3.672449429249168538e-06
3.551977564633452714e-06
4.292989731660420935e-06
6.886687839098615066e-06
