2.762686003280250269e-01
2.374531879921627786e-01
2.974802741237318471e-01
2.454259244328218237e-01
2.801406950903249649e-01
2.956313440287151040e-01
2.936327272025167079e-01
2.753572812528216063e-01
2.772935435806986315e-01
2.910932104993265712e-01
2.561769181465852196e-01
2.628876342044837999e-01
2.638955591174718118e-01
2.753253634630052904e-01
2.912613120639446773e-01
2.692711471228308451e-01
2.627358684678689493e-01
2.562521107009081422e-01
2.797831858708393904e-01
2.751755612567752807e-01
