1.211988133587309127e-04
2.201948652284232500e-05
1.790175782247376327e-04
1.169486113426628052e-04
6.687838021528802490e-05
1.646725808333318283e-04
9.099492920578804145e-05
1.063658437787864947e-04
3.468274719286573043e-05
8.061702177427128725e-05
1.110768263226191672e-04
1.372924710055225205e-04
5.341808255140474720e-05
9.179400923857597785e-05
2.377471002835541242e-05
3.276608082036967470e-05
1.451007458670596059e-04
4.569144360549074022e-05
6.664199336350728347e-05
1.766335096725479956e-04
