1.972998518203919287e-06
2.398051294955272421e-06
2.509246625584251231e-06
2.672680155075556140e-06
2.334569671653446794e-06
5.294279114788595839e-06
7.379830900887644700e-06
1.906970304218912674e-06
2.009694197393930482e-06
6.406758701263957718e-06
3.158131621969528021e-06
4.234888875836851063e-06
3.679496644939658318e-06
3.900006721692964494e-06
5.983681424823214745e-06
5.875024421453548918e-06
3.672449429538489159e-06
3.551977564638996968e-06
4.292989731680309268e-06
6.886687839109448618e-06
