1.972998518203913358e-06
2.398051295080141171e-06
2.509246625584363887e-06
2.672680155076436631e-06
2.334569671596061159e-06
5.294279114788970228e-06
7.379830900845744521e-06
1.906970304298996886e-06
2.009694197249065402e-06
6.406758701266004996e-06
3.158131621921181074e-06
4.234888875490667850e-06
3.679496641880195641e-06
3.900006721900022545e-06
5.983681422787941110e-06
5.875024421512290653e-06
3.672449429585849312e-06
3.551977564637168647e-06
4.292989731616129582e-06
6.886687839121639963e-06
