1.972998518203911240e-06
2.398051295072993483e-06
2.509246621474546474e-06
2.672680155076071137e-06
2.334569671651078066e-06
5.294279114788011387e-06
7.379830900902738827e-06
1.906970304223493428e-06
2.009694197371437522e-06
6.406758705812290863e-06
3.158131621917350791e-06
4.234888875493578255e-06
3.679496641962345555e-06
3.900006721925289538e-06
5.983681422520368484e-06
5.875024420187282943e-06
3.672449429677555451e-06
3.551977564830899058e-06
4.292989738605691303e-06
6.886687838648524628e-06
