1.122556677708578220e-02
1.079911633152215097e-02
1.596462449578598536e-02
7.635546276121785159e-03
1.794518010358714735e-02
8.497522484595411082e-03
1.080413699478198139e-02
1.048632742380643280e-02
1.485248224814905704e-02
8.762558064567542437e-03
1.390607742750310863e-02
7.220619763724541243e-03
7.973813096967935152e-03
4.543165387260870991e-03
1.591416554314294129e-02
3.807847078507921139e-03
1.645909392609324132e-02
1.254841823897481605e-02
8.843995655875930284e-03
1.012035155662619097e-02
