3.698816012891786902e-06
2.866914334571248905e-06
6.351842797043678982e-06
5.742262665614847289e-06
6.061334307933318427e-06
6.424386070846364990e-06
4.257383963713087021e-06
4.119052511943367994e-06
3.545222403303741792e-06
3.993903851445440746e-06
4.099789849664606649e-06
6.815181872599016491e-06
4.278549568911207566e-06
4.102582226277366036e-06
4.135704446327410729e-06
5.717495191835924875e-06
4.670251264353149443e-06
3.912055315329440757e-06
4.277228827049582727e-06
4.924780655103048835e-06
