3.820097129282737700e-05
4.040151442414449874e-05
2.651871790646609538e-05
3.852484582811858358e-05
1.204284020306102826e-05
1.962025634645748063e-05
1.016886203919736397e-05
4.266397441925292211e-05
5.550857529131248335e-05
3.691094139690297431e-05
1.219756476255304367e-05
3.654225746411876059e-05
1.298007116681718800e-05
2.373738189010718365e-05
5.922326997143682648e-05
5.148462308282305904e-05
3.488656846798910994e-05
4.848258427945366580e-06
1.624118346262249719e-05
3.967647259609721614e-05
