2.409615379835453319e-01
2.256332663056361820e-01
2.440783416771220293e-01
2.471833271557552225e-01
2.213185000379852552e-01
2.208314348522739667e-01
2.290628864369719520e-01
2.351934553416534790e-01
2.373312206433264571e-01
1.989975324332360906e-01
2.579970507113558686e-01
2.272233913779748982e-01
1.938538481522542878e-01
2.490347849471906683e-01
2.249735549992790407e-01
2.253914604203538785e-01
2.358985784206302505e-01
2.068180016904614393e-01
2.371184312084707591e-01
2.304569634497864727e-01
