4.438946153686617602e-01
3.860365438302313379e-01
3.874265280991815441e-01
4.453264196395609886e-01
3.986956550461890347e-01
3.994886467304610833e-01
3.885167022130869841e-01
3.860038875908355926e-01
3.813533884710851862e-01
3.830831767217117156e-01
4.427288439446045998e-01
3.912748977449629351e-01
3.923699887949542719e-01
4.008324835247376594e-01
3.939459301211501452e-01
3.889003184786261613e-01
3.910839989562682195e-01
3.994591337252109131e-01
3.995744379654782574e-01
4.428812878970067590e-01
