1.972998518203908699e-06
2.398051294972454061e-06
2.509246622124017880e-06
2.672680155076136782e-06
2.334569671659568724e-06
5.294279114787958871e-06
7.379830900900340877e-06
1.906970304220823580e-06
2.009694197373114224e-06
6.406758690514975786e-06
3.158131621892254052e-06
4.234888875556598354e-06
3.679496641834199635e-06
3.900006721944035224e-06
5.983681420234927903e-06
5.875024421538926451e-06
3.672449425181167025e-06
3.551977564554792152e-06
4.292989731514771078e-06
6.886687839115698874e-06
