1.972998518203900229e-06
2.398051295873543380e-06
2.509246625584684065e-06
2.672680155072234077e-06
2.334569671631098677e-06
5.294279114785646471e-06
7.379830901012886992e-06
1.906970304284953080e-06
2.009694197158173685e-06
6.406758701353258707e-06
3.158131621847706472e-06
4.234888877030145149e-06
3.679496641869846593e-06
3.900006723278866822e-06
5.983681422832914324e-06
5.875024421088874129e-06
3.672449427188521607e-06
3.551977564489074254e-06
4.292989736936428227e-06
6.886687838931788539e-06
