7.992894299725367526e-04
9.816049387481745343e-04
1.569460961223449530e-03
1.335549009559037483e-03
6.323866303710860316e-04
2.445109782365880845e-03
8.744764860392044425e-04
1.027463816714165804e-04
9.655069207444845166e-05
2.097209626232486004e-04
5.343109270341473349e-04
1.901463206174219128e-03
4.698004796831656196e-04
8.806823503829343995e-04
9.258584490751800350e-04
1.132340162727893786e-03
2.086032109555289137e-03
1.286510375217035651e-03
2.483569385106091255e-03
4.890845351185185968e-04
