4.151581827884835707e-02
2.560768236631884645e-02
7.799808393978006904e-02
7.023625910863057209e-02
6.857109753530188367e-02
4.039999372306988384e-02
6.824451730659794602e-02
6.923631669189789228e-02
8.401828903330861575e-02
5.150895797671992127e-02
5.507252577467150467e-02
5.850281421662667514e-02
6.915781183627842110e-02
8.354413023696931340e-02
9.032187780384444420e-02
7.845216901055014624e-02
8.183057380364056055e-02
6.948858119819693868e-02
8.562080993603364554e-02
5.328450086573924965e-02
