1.666512069915929983e-01
1.812917579973161442e-01
1.440731031717844557e-01
1.705716909080745025e-01
1.926126387469037082e-01
1.624215315599764897e-01
1.727818905815035611e-01
1.589082797100286049e-01
1.793758387635317475e-01
1.828700550703362682e-01
2.006723645696906477e-01
1.669791878440383959e-01
1.680548747097007078e-01
1.943611367530436451e-01
1.030156736613842688e-01
1.701271389793684308e-01
1.947498080159335287e-01
1.615673681883428858e-01
1.440810422191947937e-01
1.794235327482600062e-01
