6.605086357132274877e-01
6.560645688766986172e-01
6.712412761864468003e-01
6.199815598343316747e-01
6.369729847230267694e-01
6.644209337390649672e-01
6.058627696731704315e-01
4.366472450811765271e-01
5.420920148699006624e-01
5.211761766341292956e-01
4.290138266747908213e-01
4.606835040831000483e-01
4.502673556819898337e-01
3.012576603669641639e-01
4.361517295978701303e-01
4.931086752611789081e-01
6.006800854644747112e-01
3.274724288835753616e-01
3.250890917449427153e-01
1.868358565209450317e-01
5.219529475278705810e-01
4.141092723606301096e-01
2.984786381745601624e-01
1.910828617792685313e-01
2.904713314543218572e-01
3.415969813250765985e-01
1.956365471510373433e-01
1.371394589427087085e-01
2.790051693787870546e-01
1.150213356890004424e-01
1.822884320675648706e-01
2.668208056670157147e-01
1.034328459459120386e-01
1.023095954233032567e-01
1.076187406749964520e-01
9.493180068416161299e-02
8.972124226936699365e-02
9.095660038293551519e-02
1.203315154462698683e-01
1.387530870163337371e-01
9.754369714597815877e-02
9.249414058820744355e-02
8.829072398828909096e-02
1.181321807119970341e-01
2.500614368337635701e-02
2.156861112606060227e-01
1.659392078961215711e-01
1.008076839287002369e-01
1.011568502052100776e-01
1.044422872108961287e-01
6.724175410697696975e-02
7.143540583271119904e-02
6.312069077567734887e-02
7.332937838927702789e-02
1.525699103536651557e-01
8.210117828221726033e-02
6.524195950627657836e-02
6.906795167621067322e-02
1.798687601712158912e-01
6.085845859176466227e-02
1.542660660105557857e-01
9.558026280563089450e-02
8.096650567436740331e-02
1.220025734737855277e-01
9.094671761037045887e-02
9.821668912694699050e-02
4.930640540087253415e-02
1.317554748838055678e-01
8.164327721229092116e-02
8.939318550852795586e-02
3.339936648487908111e-02
7.237231256756898601e-02
8.647847982179963922e-02
5.750675036494493075e-02
7.359492764102351647e-02
6.966005011043066575e-02
1.161989356860797379e-01
1.059719118399608667e-01
5.226264466264600450e-02
7.804792206230692919e-02
1.311706023957136813e-01
1.167104866840150690e-01
1.198792555427104639e-01
7.540277256383016991e-02
6.744877915240679589e-02
4.370252873052323656e-02
6.589768211501523254e-02
6.238789024528620247e-02
7.453342926673926783e-02
1.074938649080360992e-01
8.831872684739194845e-02
7.931932173654354656e-02
1.216914382919746518e-01
7.035755784400803126e-02
1.102561611083170967e-01
7.991886117187271821e-02
8.197690857437547884e-02
6.979728182596747765e-02
1.801238115447457711e-01
3.658549294714976557e-02
1.788540597062417969e-01
6.893037437484293706e-02
7.984270417651602447e-02
8.532497373412847863e-02
1.161844105197208932e-01
7.702255325115336948e-02
1.195016937780192662e-01
8.420980997767291143e-02
9.269668658059521116e-02
1.023207124194505380e-01
6.958511477910087062e-02
6.417983032491059170e-02
6.859988316019953458e-02
4.715068041052081216e-02
6.648607400235058418e-02
7.787694844212064704e-02
1.182202949168528472e-01
1.117628993499464179e-01
1.219101974415261191e-01
8.192487112343402322e-02
4.368179200862629813e-02
1.110621016421867030e-01
1.172627296745100828e-01
7.083296633887412042e-02
5.416739761078848830e-02
6.947815862903376771e-02
8.595764302955338776e-02
7.077808192111463559e-02
3.433587095529445909e-02
7.250927673418239294e-02
9.260391054829054946e-02
1.225149015464837149e-01
5.416631440992524665e-02
9.485233946743246158e-02
9.150494825046734393e-02
1.084582194092901519e-01
8.243275169518603229e-02
8.600891406035829356e-02
1.539293437396249964e-01
5.226165392733767012e-02
1.546673523334535505e-01
4.026730811610985949e-02
5.422820732544810646e-02
7.895414162980389505e-02
1.568699353941422070e-01
7.926175175911773230e-02
4.819302064028139349e-02
6.299887205955920222e-02
6.796387365760024613e-02
1.024563468731715526e-01
6.622101013398200287e-02
9.219807699494680930e-02
1.685916296089093602e-01
1.668345515442298532e-01
1.838267917347837996e-02
1.098395231786732651e-01
7.797161430107953095e-02
6.731543196974251742e-02
1.039355967834691141e-01
8.152916503721399644e-02
8.261970280797831245e-02
7.909804360670012746e-02
8.989411537287028686e-02
4.823495635722951924e-02
7.586018711244112145e-02
6.010108407276509163e-02
8.491257860795940748e-02
2.183209716653429500e-01
1.456888977550991060e-01
6.885460346809993415e-02
1.502315025266653947e-01
9.683505027840245971e-02
1.542873794324482462e-01
2.208147013607573705e-01
2.320804799349276970e-01
1.491653948684846798e-01
2.109004321954788541e-01
2.054899433085783378e-01
3.131868973062571504e-01
1.069237236795353152e-01
2.648238917861019948e-01
2.648181536876977327e-01
2.955875147926947943e-01
2.594347738985955387e-01
2.753916429303069902e-01
1.421118565415168400e-01
3.316185539875176613e-01
2.705410601863676989e-01
2.748640994383197422e-01
3.695494964380375280e-01
2.851306988624741079e-01
2.832961316083331682e-01
3.350913265977535360e-01
3.786185734122104463e-01
3.888629756259091019e-01
3.498816025483367231e-01
4.061182210130290793e-01
4.288816347301213083e-01
4.484216527948871600e-01
3.150671524964707149e-01
4.491026717973182758e-01
4.303609247656595138e-01
4.083728259471369193e-01
3.529215571110050353e-01
3.929803126234222566e-01
3.826998725199352580e-01
3.399732937448263770e-01
2.863830225409257912e-01
2.895621034543984229e-01
3.755967234177697844e-01
2.797130660823434756e-01
2.777896061559973484e-01
3.377127090839019963e-01
1.470185059906079228e-01
2.833156141238367121e-01
2.683239590264601682e-01
3.053496131282470438e-01
2.699498939289693977e-01
2.683577414334030187e-01
1.110069257021374795e-01
3.276484524648492491e-01
2.163265865139036015e-01
2.195331639998489848e-01
1.523188541600510593e-01
2.367334351089151745e-01
2.307378426263607674e-01
1.593803524129794869e-01
1.007918119860982398e-01
1.621421718022097169e-01
7.346128880720784182e-02
1.507801869850312615e-01
2.242696951496004898e-01
8.849872190043146791e-02
6.373429124856888617e-02
7.953625243309345172e-02
5.277171951695924790e-02
8.981732712055648382e-02
8.136986793683333163e-02
8.669238392718425779e-02
8.688496486481300796e-02
1.018268125174977140e-01
7.174395784832703071e-02
8.081877972433886004e-02
1.124925684367088369e-01
1.884122397055618472e-02
1.802638066476743850e-01
1.675838053188499210e-01
9.464051143707900848e-02
7.248456096992547670e-02
1.031466255564440770e-01
6.755478001365718133e-02
6.573418268067708625e-02
5.242640616931090736e-02
7.679490532484151144e-02
1.550585679276065554e-01
7.995934118178922578e-02
5.777167113613798644e-02
4.689738226742319605e-02
1.638381925648067783e-01
5.485483428089734520e-02
1.536281043332636265e-01
8.978552489117200275e-02
8.159358932147668664e-02
1.135672394391721990e-01
9.123622214795863716e-02
9.622468530834400735e-02
5.177438404791404047e-02
1.259067776651202619e-01
8.706614757167813190e-02
7.879393136858775515e-02
3.385122426877206631e-02
7.119775579882682559e-02
8.616223192356282923e-02
6.287311346115487254e-02
6.028446818007967417e-02
7.012397731697415926e-02
1.166724121568156608e-01
1.081951956117890162e-01
4.749917703186697093e-02
7.969788723117220142e-02
1.273346752418344219e-01
1.146372308645978583e-01
1.191561680408691759e-01
7.628984766369202586e-02
6.705578346017845859e-02
4.499371839966894576e-02
6.683906113674065175e-02
6.302248263300426478e-02
7.231941657581547611e-02
1.053950028326285371e-01
8.963897875693713213e-02
8.098454916097515277e-02
1.208718433620299820e-01
7.265061037098544117e-02
1.120634892412367550e-01
8.161533647050712992e-02
8.124602308085224212e-02
6.950240044025667030e-02
1.797001096704867462e-01
3.658549294716340050e-02
1.792768592562158370e-01
6.921346135252844090e-02
8.053484029683190271e-02
8.341602347179982724e-02
1.140385754026931181e-01
7.487118121111380198e-02
1.201466139083901541e-01
8.261476341788424882e-02
9.110415161026969022e-02
1.037067983981169034e-01
7.074823560131468514e-02
6.361956692564067761e-02
6.774096384959396588e-02
4.613491401417135762e-02
6.674215612290307353e-02
7.711431441965191369e-02
1.186231887769064464e-01
1.130354123450716952e-01
1.243289294111908777e-01
8.094675611502609447e-02
4.509951002955740751e-02
1.098213116827720243e-01
1.170099447528305664e-01
7.051089838147114874e-02
5.609495725731925703e-02
6.666164441903241200e-02
8.602592185960299120e-02
7.086815415125378992e-02
3.413785255661269669e-02
7.466885663760031155e-02
9.037510235543447235e-02
1.236558806979114328e-01
5.322024747998858191e-02
9.534180288732711783e-02
9.139980929333968440e-02
1.102251500831332304e-01
8.208275376205691198e-02
8.734569380894927071e-02
1.537403585662239780e-01
5.307683870082743893e-02
1.578123716883995664e-01
4.223871668838144466e-02
5.538704388393602546e-02
7.927528828420839224e-02
1.562079501126459880e-01
7.836554135902093488e-02
4.952761600607898801e-02
6.389887807482928783e-02
6.780273884683393759e-02
1.026890809089911483e-01
6.797096264647282948e-02
9.296565049186887586e-02
1.682397806056065703e-01
1.710558939476671814e-01
1.845146548518629762e-02
1.107121457613892829e-01
7.886745800516387073e-02
6.856105722956622184e-02
1.032350845044607973e-01
8.286739795135202036e-02
8.364360096902538622e-02
7.974984207513328982e-02
8.986727134390440352e-02
4.942506879130657838e-02
7.682313463710586932e-02
6.102287944129552999e-02
8.595858566559180791e-02
2.198995442910870735e-01
1.470859297594532822e-01
7.007630202466180735e-02
1.533855176128183229e-01
9.787327478814802917e-02
1.556697707178505141e-01
2.234073632325030423e-01
2.332598173335739544e-01
1.499628598690495862e-01
2.132115196182771399e-01
2.082557420050364927e-01
3.169541654493129301e-01
1.079562313272011270e-01
2.657105202831890889e-01
2.661706300849407958e-01
2.980229953232552687e-01
2.616818403732412146e-01
2.774252890096358670e-01
1.433512536162957207e-01
3.331873989532168068e-01
2.723931521848679815e-01
2.760904280775041131e-01
3.710980318566893810e-01
2.862362135673235941e-01
2.840695514289963697e-01
3.363198084069473071e-01
3.796421015740228389e-01
3.899018518310090053e-01
3.506454849877100322e-01
4.066838370162254579e-01
4.292526408182392172e-01
4.485921474110203255e-01
3.150671524943869928e-01
4.489326576151491666e-01
4.299922900978771501e-01
4.078111616013587737e-01
3.521655037058408766e-01
3.919605509098088025e-01
3.816830005171194529e-01
3.387610830211311153e-01
2.856134571277844092e-01
2.884527592044411337e-01
3.741215657059933641e-01
2.785156835000352493e-01
2.760176265933652062e-01
3.362346469490692380e-01
1.458056356912273421e-01
2.813881075445304192e-01
2.661296052881328422e-01
3.029099529339210339e-01
2.687353127098113803e-01
2.674817524277822711e-01
1.100009006880921514e-01
3.241853018359256433e-01
2.136788527047505659e-01
2.175229268957544482e-01
1.515447876263562865e-01
2.355943686332163389e-01
2.283716409561394600e-01
1.582128348013662478e-01
9.985414720558939694e-02
1.593400524867187862e-01
7.238004750809533261e-02
1.496272031321875529e-01
2.228794874818736393e-01
8.773704557020144124e-02
6.284802348864616806e-02
7.866733383141161218e-02
5.169708192725762375e-02
8.983037164118916340e-02
8.087997886364903244e-02
8.569785763128165423e-02
8.556664160818015785e-02
1.022118465890826389e-01
7.076979355737363087e-02
8.026420713990042866e-02
1.120022740325682942e-01
1.869558000672084247e-02
1.776451729536126234e-01
1.677566914957762390e-01
9.416521368170790995e-02
7.110125131521596864e-02
1.030229756357785159e-01
6.761347706476482367e-02
6.522946037463626945e-02
5.160502748142458546e-02
7.719697040531500742e-02
1.553515016107305247e-01
7.976881676190832049e-02
5.711378087655784308e-02
4.552511733415830208e-02
1.622298718743492851e-01
5.435360930798253248e-02
1.536313515666739016e-01
8.914947416076843267e-02
8.170489111177955954e-02
1.126825184052082096e-01
9.127583119570632786e-02
9.599642741955158320e-02
5.212137562983059497e-02
1.253028977549675294e-01
8.785025374038445134e-02
7.769742899148429638e-02
3.391837132693371198e-02
7.109649399402034886e-02
8.612611376773601779e-02
6.373187561284901492e-02
5.911228105310176173e-02
7.020720195990923229e-02
1.167486776894001987e-01
1.085595848052299667e-01
4.689772423835604498e-02
7.997456833797990383e-02
1.266765518817755121e-01
1.142846901278426752e-01
1.190367020065971337e-01
7.645978268420340618e-02
6.698754471249679376e-02
4.523308626354648199e-02
6.702276499225889861e-02
6.314489810606409292e-02
7.196330956948396307e-02
1.050286306644979961e-01
8.992104540872458696e-02
8.131340297373863824e-02
1.207197400980715152e-01
7.310041534052837131e-02
1.124450097843766178e-01
8.196701639527055605e-02
8.110223176169790993e-02
6.944414015467882673e-02
1.796154234898390545e-01
3.658549294714567163e-02
1.793614732509410392e-01
6.927077815545845674e-02
8.067553258415917361e-02
8.304736381264576917e-02
1.136300135672550782e-01
7.443270533414984846e-02
1.202848260807514447e-01
8.229153381585664617e-02
9.080042783751392232e-02
1.040174069026689602e-01
7.102418985520554673e-02
6.350313613253112666e-02
6.756395924578370571e-02
4.591741348226342778e-02
6.679970897786537132e-02
7.695444497576807430e-02
1.187178475607294503e-01
1.133258067558335497e-01
1.248768849992658025e-01
8.072187948918579936e-02
4.547656395871903234e-02
1.095320154527108514e-01
1.169504205113909151e-01
7.043914056882624730e-02
5.667153223687537017e-02
6.599582271326448479e-02
8.604582765017125545e-02
7.090618746172736020e-02
3.408923000037968054e-02
7.527512331408942048e-02
8.982075006466014311e-02
1.239821928520256494e-01
5.298142865166509397e-02
9.547576204839858249e-02
9.137304342832160142e-02
1.107188216868999486e-01
8.199771255235892287e-02
8.771283386939855709e-02
1.537053782837436433e-01
5.331990027681107053e-02
1.586948627891051899e-01
4.284370009534117785e-02
5.572269159575895386e-02
7.937014259042207698e-02
1.560303716020017828e-01
7.812409281665767813e-02
4.992286176964566558e-02
6.415834595184348454e-02
6.776155205171138785e-02
1.027551214042873584e-01
6.852752466062302095e-02
9.319350139430937485e-02
1.681422712971298861e-01
1.723069015942248483e-01
1.848479546800583379e-02
1.109635967931273393e-01
7.913278305979797034e-02
6.895489647681660172e-02
1.030344949252837289e-01
8.331875133732191685e-02
8.398845322533933511e-02
7.995355744382881547e-02
8.985980558808287499e-02
4.981445100323175779e-02
7.713919572078925535e-02
6.133018277145681901e-02
8.628197991618156981e-02
2.204137250855612851e-01
1.475324354194280929e-01
7.047335761565665102e-02
1.544107724434113926e-01
9.821273421615728250e-02
1.561137832207850074e-01
2.242557333102003225e-01
2.336524005332357989e-01
1.502285192770649869e-01
2.139582692186159096e-01
2.091703666677716955e-01
3.181876024780895262e-01
1.082993457981890895e-01
2.660065429231720513e-01
2.666109408401840519e-01
2.988368313060474346e-01
2.624278788139098317e-01
2.780955674752786932e-01
1.437627253043126108e-01
3.337036862421407513e-01
2.730046473920594297e-01
2.764972811332567226e-01
3.716087592096095626e-01
2.866052381610763589e-01
2.843272014181468244e-01
3.367281787456914977e-01
3.799828538429994018e-01
3.902467368474260567e-01
3.508995440386498688e-01
4.068720890573742088e-01
4.293761350291889767e-01
4.486489435352551958e-01
3.150671524931587530e-01
4.488759504219871910e-01
4.298692350934913420e-01
4.076236415034774074e-01
3.519128949550729413e-01
3.916192066710665332e-01
3.813434839682647848e-01
3.383557309600480623e-01
2.853565286029852710e-01
2.880830391882401864e-01
3.736244383265125979e-01
2.781142129762319004e-01
2.754209880279091527e-01
3.357352049604702682e-01
1.453991098084124189e-01
2.807375474293207773e-01
2.653934440008786644e-01
3.020955276331056538e-01
2.683205802526793526e-01
2.671878897359899474e-01
1.096628325318235037e-01
3.230083948837336183e-01
2.127863553344335190e-01
2.168319235081117013e-01
1.512837662324818255e-01
2.352097422431114748e-01
2.275655680504410083e-01
1.578087256036712349e-01
9.953360652410833675e-02
1.583803391641247782e-01
7.200922334242863820e-02
1.492260592896453020e-01
2.224009894725653136e-01
8.746583041937819325e-02
6.254796087499280011e-02
7.836937616346079105e-02
5.132954395752091503e-02
8.983538354882597554e-02
8.070625458947545960e-02
8.536005767129356547e-02
8.512076254015459031e-02
1.023560486171097295e-01
7.042664816272133088e-02
8.006070615177368621e-02
1.118193344761379410e-01
1.864927406539115123e-02
1.766845974378704054e-01
1.678226592544621032e-01
9.399056420003605583e-02
7.061402932674423760e-02
1.029763799499991833e-01
6.763713296011553133e-02
6.504095493090883418e-02
5.130301936308548361e-02
7.735255784974791327e-02
1.554650966292387693e-01
7.969800436249996345e-02
5.686841475237463389e-02
4.503098961265916689e-02
1.616199766293085205e-01
5.416853224841055442e-02
1.536372246891555271e-01
8.890543736294179156e-02
8.175043540319480717e-02
1.123455018418436924e-01
9.129155769398991649e-02
9.590844980797946784e-02
5.225970991958891337e-02
1.250740957358374150e-01
8.816455173580370341e-02
7.728055323841032109e-02
3.394541955033552466e-02
7.106012098051049664e-02
8.611230566168921741e-02
6.408263705211650341e-02
5.867733191712306423e-02
7.024193792772870371e-02
1.167798690687389535e-01
1.087091216705678570e-01
4.666245688923873619e-02
8.008863614562600208e-02
1.264039499634779795e-01
1.141389533162046055e-01
1.189876526815827618e-01
7.653183846455606509e-02
6.695920892380756440e-02
4.533389582750980279e-02
6.710099746678618859e-02
6.319690111834656843e-02
7.181780526484644878e-02
1.048763375810726206e-01
9.004366233564183031e-02
8.145391061004088329e-02
1.206556750199344746e-01
7.329230822283139268e-02
1.126105761955088908e-01
8.211901931374743224e-02
8.104084680371939631e-02
6.941924404473935606e-02
1.795791349389996294e-01
3.658549294688327042e-02
1.793977419123499173e-01
6.929541433222878577e-02
8.073606375039107941e-02
8.289068327798664038e-02
1.134569980229402780e-01
7.424393359252871860e-02
1.203450661706203101e-01
8.215257596083266889e-02
9.067184738569160352e-02
1.041543685692191412e-01
7.114770873377261606e-02
6.345278293143002957e-02
6.748757508888346413e-02
4.582262429309574142e-02
6.682510748977381343e-02
7.688516512174339845e-02
1.187600827233012968e-01
1.134544699877433616e-01
1.251192156801438637e-01
8.062203563183809041e-02
4.565095618290755664e-02
1.094030803114181827e-01
1.169238189975514014e-01
7.040756595050592925e-02
5.694784060453966096e-02
6.569794637355678979e-02
8.605524898254600374e-02
7.092562163934715280e-02
3.406724321550658879e-02
7.556044949060833349e-02
8.956914908997647140e-02
1.241364653610779051e-01
5.287257953847929182e-02
9.553829438339184188e-02
9.136081225616941859e-02
1.109508364995001467e-01
8.195945212428805415e-02
8.788450664094517306e-02
1.536913613395784750e-01
5.343645196933658609e-02
1.591103697497915914e-01
4.313698339917558522e-02
5.588232563245279505e-02
7.941547757702814569e-02
1.559479283740689837e-01
7.801184707964015086e-02
5.011225761654802130e-02
6.428159012983432341e-02
6.774275421370061501e-02
1.027863290058122908e-01
6.880057150875168448e-02
9.330275668033774505e-02
1.680965382944724362e-01
1.729066894561877010e-01
1.850290342356761264e-02
1.110830385558243261e-01
7.925996664767678834e-02
6.914784948908470064e-02
1.029394099487888070e-01
8.354469728022738406e-02
8.416092258360359513e-02
8.005298863351834049e-02
8.985630387881635150e-02
5.000762264707881571e-02
7.729606853404874522e-02
6.148356356298084746e-02
8.643930949179717826e-02
2.206683239510061900e-01
1.477521562253122922e-01
7.066993483118795549e-02
1.549184679654430630e-01
9.838112695786603579e-02
1.563326951975299306e-01
2.246768362914924877e-01
2.338483512572052669e-01
1.503611656901347182e-01
2.143273134679187508e-01
2.096261705236282524e-01
3.188000970941893830e-01
1.084706208441219705e-01
2.661545275010414047e-01
2.668291429378168989e-01
2.992439763087961224e-01
2.628002558331181127e-01
2.784292545091562876e-01
1.439681227913351957e-01
3.339605723753353850e-01
2.733092871017979708e-01
2.767003275451269673e-01
3.718631006722901700e-01
2.867898281295239715e-01
2.844559861895719632e-01
3.369321461443347543e-01
3.801531446468778275e-01
3.904189145550330253e-01
3.510264658753362021e-01
4.069661606991804015e-01
4.294378492217308385e-01
4.486773348448283572e-01
3.150671525127446415e-01
4.488475900996313772e-01
