6.605086356898991484e-01
6.560645688778766749e-01
6.712412761798477456e-01
6.199815598235286496e-01
6.369729847324687722e-01
6.644209337475792676e-01
6.058627696528414708e-01
4.366472450550393236e-01
5.420920148633203706e-01
5.211761766332625445e-01
4.290138266872394746e-01
4.606835040844045048e-01
4.502673556727697646e-01
3.012576603655143237e-01
4.361517295970823160e-01
4.931086752580846055e-01
6.006800854652155630e-01
3.274724289000290334e-01
3.250890917695504756e-01
1.868358565225330947e-01
5.219529475397770568e-01
4.141092723581805690e-01
2.984786381736318495e-01
1.910828617824236186e-01
2.904713314497103793e-01
3.415969813141310762e-01
1.956365471503222209e-01
1.371394589420813770e-01
2.790051693786532172e-01
1.150213356889385197e-01
1.822884320683939852e-01
2.668208056690499208e-01
1.034328459459424171e-01
1.023095954234548716e-01
1.076187406744706920e-01
9.493180068400465521e-02
8.972124226943284375e-02
9.095660038295322325e-02
1.203315154459664998e-01
1.387530870157288598e-01
9.754369714592935059e-02
9.249414058842009290e-02
8.829072398835399738e-02
1.181321807120586931e-01
2.500614368338628657e-02
2.156861112559605720e-01
1.659392078906579970e-01
1.008076839288243182e-01
1.011568502055216340e-01
1.044422872107959727e-01
6.724175410714995638e-02
7.143540583267399269e-02
6.312069077594770206e-02
7.332937838885694726e-02
1.525699103528943557e-01
8.210117828247667782e-02
6.524195950627206808e-02
6.906795167422835613e-02
1.798687601705601657e-01
6.085845859148614201e-02
1.542660660100032832e-01
9.558026280585645018e-02
8.096650567430704881e-02
1.220025734739718926e-01
9.094671761036031421e-02
9.821668912705985854e-02
4.930640540076973444e-02
1.317554748840482903e-01
8.164327721206242339e-02
8.939318550805877561e-02
3.339936648487288468e-02
7.237231256779261268e-02
8.647847982199201311e-02
5.750675036506268378e-02
7.359492764127185949e-02
6.966005011044867912e-02
1.161989356860664152e-01
1.059719118399732596e-01
5.226264466284544219e-02
7.804792206241031871e-02
1.311706023926600406e-01
1.167104866827628068e-01
1.198792555426494155e-01
7.540277256358059177e-02
6.744877915250002687e-02
4.370252873053983439e-02
6.589768211503260753e-02
6.238789024529572957e-02
7.453342926678752089e-02
1.074938649079959507e-01
8.831872684739607016e-02
7.931932173646516482e-02
1.216914382918540261e-01
7.035755784401857837e-02
1.102561611083071741e-01
7.991886117190465100e-02
8.197690857440995127e-02
6.979728182602137898e-02
1.801238115444492860e-01
3.658549294715722489e-02
1.788540597067200810e-01
6.893037437478267970e-02
7.984270417648256513e-02
8.532497373410954933e-02
1.161844105197516464e-01
7.702255325115310580e-02
1.195016937781305938e-01
8.420980997762424203e-02
9.269668658060170596e-02
1.023207124194248085e-01
6.958511477907279585e-02
6.417983032486929140e-02
6.859988316019141608e-02
4.715068041049091940e-02
6.648607400236536402e-02
7.787694844214090861e-02
1.182202949168047329e-01
1.117628993490934891e-01
1.219101974392222398e-01
8.192487112329928378e-02
4.368179200849359178e-02
1.110621016421752261e-01
1.172627296745259590e-01
7.083296633888248872e-02
5.416739761076737325e-02
6.947815862901690620e-02
8.595764302953522173e-02
7.077808192107269691e-02
3.433587095528919247e-02
7.250927673424721609e-02
9.260391054843282455e-02
1.225149015464594426e-01
5.416631440990821861e-02
9.485233946744732469e-02
9.150494825034717616e-02
1.084582194092187785e-01
8.243275169505757949e-02
8.600891406016486496e-02
1.539293437395256592e-01
5.226165392734066079e-02
1.546673523333782219e-01
4.026730811616735517e-02
5.422820732547041500e-02
7.895414162978817152e-02
1.568699353943471819e-01
7.926175175921899851e-02
4.819302064026877164e-02
6.299887205956791747e-02
6.796387365755961196e-02
1.024563468731878590e-01
6.622101013395068070e-02
9.219807699492543751e-02
1.685916296093771527e-01
1.668345515446737204e-01
1.838267917347856384e-02
1.098395231786533643e-01
7.797161430103731472e-02
6.731543196972326892e-02
1.039355967834496991e-01
8.152916503710297413e-02
8.261970280787166165e-02
7.909804360668473699e-02
8.989411537287309018e-02
4.823495635725680991e-02
7.586018711241429568e-02
6.010108407275476655e-02
8.491257860795554946e-02
2.183209716653865262e-01
1.456888977551244191e-01
6.885460346809174625e-02
1.502315025268129156e-01
9.683505027842922996e-02
1.542873794325118064e-01
2.208147013609349230e-01
2.320804799350862924e-01
1.491653948686501030e-01
2.109004321954055239e-01
2.054899433083388349e-01
3.131868973065877193e-01
1.069237236795915341e-01
2.648238917856558516e-01
2.648181536873191466e-01
2.955875147925849933e-01
2.594347738987223817e-01
2.753916429302614155e-01
1.421118565414270785e-01
3.316185539873590105e-01
2.705410601864758346e-01
2.748640994379439317e-01
3.695494964381006442e-01
2.851306988625121885e-01
2.832961316085678138e-01
3.350913265980145495e-01
3.786185734121698121e-01
3.888629756257769854e-01
3.498816025484360326e-01
4.061182210129904435e-01
4.288816347302616405e-01
4.484216527949074216e-01
3.150671524964561709e-01
4.491026717974202498e-01
4.303609247654294201e-01
4.083728259472212962e-01
3.529215571109911576e-01
3.929803126235221766e-01
3.826998725201172236e-01
3.399732937446107717e-01
2.863830225407261176e-01
2.895621034543521821e-01
3.755967234177225444e-01
2.797130660826371296e-01
2.777896061558842722e-01
3.377127090839672774e-01
1.470185059907322678e-01
2.833156141238729053e-01
2.683239590261835561e-01
3.053496131285577397e-01
2.699498939294050492e-01
2.683577414339208267e-01
1.110069257020873806e-01
3.276484524645706942e-01
2.163265865141186239e-01
2.195331639998616968e-01
1.523188541599901080e-01
2.367334351085764732e-01
2.307378426260542070e-01
1.593803524128986904e-01
1.007918119860823497e-01
1.621421718022582614e-01
7.346128880721827792e-02
1.507801869851112531e-01
2.242696951496427338e-01
8.849872190042969156e-02
6.373429124856398731e-02
7.953625243305996462e-02
5.277171951692792573e-02
8.981732712055058576e-02
8.136986793683329000e-02
8.669238392740512278e-02
8.688496486495098092e-02
1.018268125174948829e-01
7.174395784834775025e-02
8.081877972436006530e-02
1.124925684367130418e-01
1.884122397055706249e-02
1.802638066472850853e-01
1.675838053184468546e-01
9.464051143712781666e-02
7.248456096999160436e-02
1.031466255564238155e-01
6.755478001367644370e-02
6.573418268068434434e-02
5.242640616933628289e-02
7.679490532477860343e-02
1.550585679274754103e-01
7.995934118180966776e-02
5.777167113612458743e-02
4.689738226725885528e-02
1.638381925649218807e-01
5.485483428086296298e-02
1.536281043332461682e-01
8.978552489126882807e-02
8.159358932152985244e-02
1.135672394392047563e-01
9.123622214798855767e-02
9.622468530836002232e-02
5.177438404789726917e-02
1.259067776651477677e-01
8.706614757160856255e-02
7.879393136850953994e-02
3.385122426877747170e-02
7.119775579884884964e-02
8.616223192359023786e-02
6.287311346117609168e-02
6.028446818011206493e-02
7.012397731696892733e-02
1.166724121568005340e-01
1.081951956117529201e-01
4.749917703193021201e-02
7.969788723121754015e-02
1.273346752418055283e-01
1.146372308645701027e-01
1.191561680408488588e-01
7.628984766363827719e-02
6.705578346018425950e-02
4.499371839967659936e-02
6.683906113675118499e-02
6.302248263301199471e-02
7.231941657582613425e-02
1.053950028326298832e-01
8.963897875694241957e-02
8.098454916096323175e-02
1.208718433619940247e-01
7.265061037097816921e-02
1.120634892412347983e-01
8.161533647054282359e-02
8.124602308084592772e-02
6.950240044027333752e-02
1.797001096703729206e-01
3.658549294716448297e-02
1.792768592563678265e-01
6.921346135251624232e-02
8.053484029680155198e-02
8.341602347180027133e-02
1.140385754026939230e-01
7.487118121110977742e-02
1.201466139084258478e-01
8.261476341792563238e-02
9.110415161027632380e-02
1.037067983981176805e-01
7.074823560129887834e-02
6.361956692565026716e-02
6.774096384958880335e-02
4.613491401416033866e-02
6.674215612292760946e-02
7.711431441965141409e-02
1.186231887768749022e-01
1.130354123449889558e-01
1.243289294109750504e-01
8.094675611496142398e-02
4.509951002949457582e-02
1.098213116827585489e-01
1.170099447528353542e-01
7.051089838148048849e-02
5.609495725731507287e-02
6.666164441901777094e-02
8.602592185959084814e-02
7.086815415122925399e-02
3.413785255661697104e-02
7.466885663762592995e-02
9.037510235545288817e-02
1.236558806978961533e-01
5.322024747998441857e-02
9.534180288734386832e-02
9.139980929330851489e-02
1.102251500830876557e-01
8.208275376203627571e-02
8.734569380886433865e-02
1.537403585661980820e-01
5.307683870085685984e-02
1.578123716882172678e-01
4.223871668851757882e-02
5.538704388395069428e-02
7.927528828419247442e-02
1.562079501127424108e-01
7.836554135908338492e-02
4.952761600607466508e-02
6.389887807484798121e-02
6.780273884681510543e-02
1.026890809090057061e-01
6.797096264643856522e-02
9.296565049187811847e-02
1.682397806053232969e-01
1.710558939473994233e-01
1.845146548518647109e-02
1.107121457613837179e-01
7.886745800516302418e-02
6.856105722958028004e-02
1.032350845044606863e-01
8.286739795082745386e-02
8.364360096839694447e-02
7.974984207512490764e-02
8.986727134391113425e-02
4.942506879131215725e-02
7.682313463709941614e-02
6.102287944129770880e-02
8.595858566559508307e-02
2.198995442910937903e-01
1.470859297593659631e-01
7.007630202466422209e-02
1.533855176128694209e-01
9.787327478816242043e-02
1.556697707178848755e-01
2.234073632323283209e-01
2.332598173335560798e-01
1.499628598691422621e-01
2.132115196181978145e-01
2.082557420050593633e-01
3.169541654496479399e-01
1.079562313272890289e-01
2.657105202830882251e-01
2.661706300848516449e-01
2.980229953231859352e-01
2.616818403732842357e-01
2.774252890096438606e-01
1.433512536162302176e-01
3.331873989531484170e-01
2.723931521849435877e-01
2.760904280774758579e-01
3.710980318566810543e-01
2.862362135673666153e-01
2.840695514289960366e-01
3.363198084068910187e-01
3.796421015740799043e-01
3.899018518310097825e-01
3.506454849877672086e-01
4.066838370162623728e-01
4.292526408183684472e-01
4.485921474110375340e-01
3.150671524944081425e-01
4.489326576151620452e-01
4.299922900977707352e-01
4.078111616013027629e-01
3.521655037059061577e-01
3.919605509098843532e-01
3.816830005170862017e-01
3.387610830210321389e-01
2.856134571278137746e-01
2.884527592042948618e-01
3.741215657060450450e-01
2.785156835000296427e-01
2.760176265932491879e-01
3.362346469493221468e-01
1.458056356914021190e-01
2.813881075445113233e-01
2.661296052880121055e-01
3.029099529340530395e-01
2.687353127099241235e-01
2.674817524279891612e-01
1.100009006880318524e-01
3.241853018357089833e-01
2.136788527047781272e-01
2.175229268957118711e-01
1.515447876262966675e-01
2.355943686332523657e-01
2.283716409562088212e-01
1.582128348013215335e-01
9.985414720556895496e-02
1.593400524866685763e-01
7.238004750808808840e-02
1.496272031322127272e-01
2.228794874818653959e-01
8.773704557019625094e-02
6.284802348864836075e-02
7.866733383140168956e-02
5.169708192725686741e-02
8.983037164118796991e-02
8.087997886365742850e-02
8.569785763118287214e-02
8.556664160808533093e-02
1.022118465891078548e-01
7.076979355739146382e-02
8.026420713994639189e-02
1.120022740325725547e-01
1.869558000672416967e-02
1.776451729536270563e-01
1.677566914957401845e-01
9.416521368175238826e-02
7.110125131527823827e-02
1.030229756357700643e-01
6.761347706476358854e-02
6.522946037463586699e-02
5.160502748143447338e-02
7.719697040524506337e-02
1.553515016106152280e-01
7.976881676190684944e-02
5.711378087654830904e-02
4.552511733418544704e-02
1.622298718743010182e-01
5.435360930796478279e-02
1.536313515666526686e-01
8.914947416080862275e-02
8.170489111179780883e-02
1.126825184052208523e-01
9.127583119574515791e-02
9.599642741955126402e-02
5.212137562984067024e-02
1.253028977549769940e-01
8.785025374034004242e-02
7.769742899143480819e-02
3.391837132694423135e-02
7.109649399403887571e-02
8.612611376773726679e-02
6.373187561285423297e-02
5.911228105310054048e-02
7.020720195991718426e-02
1.167486776893905676e-01
1.085595848051964935e-01
4.689772423836868070e-02
7.997456833798939624e-02
1.266765518816138358e-01
1.142846901277603106e-01
1.190367020066285531e-01
7.645978268418200663e-02
6.698754471247475584e-02
4.523308626354621137e-02
6.702276499226131334e-02
6.314489810608119036e-02
7.196330956949448243e-02
1.050286306644959283e-01
8.992104540873128993e-02
8.131340297374559101e-02
1.207197400980604268e-01
7.310041534051556211e-02
1.124450097843835567e-01
8.196701639527469163e-02
8.110223176165066994e-02
6.944414015468257373e-02
1.796154234899173530e-01
3.658549294717053368e-02
1.793614732510019627e-01
6.927077815544692430e-02
8.067553258416911011e-02
8.304736381263758127e-02
1.136300135672651812e-01
7.443270533414519941e-02
1.202848260807462127e-01
8.229153381588354133e-02
9.080042783750240376e-02
1.040174069026535142e-01
7.102418985518556271e-02
6.350313613254696121e-02
6.756395924579038093e-02
4.591741348225177738e-02
6.679970897783667205e-02
7.695444497576958698e-02
1.187178475607351125e-01
1.133258067557751936e-01
1.248768849990909424e-01
8.072187948916723088e-02
4.547656395870393331e-02
1.095320154527250206e-01
1.169504205114014900e-01
7.043914056881910024e-02
5.667153223687463465e-02
6.599582271326702443e-02
8.604582765016156876e-02
7.090618746174170983e-02
3.408923000037231144e-02
7.527512331411678748e-02
8.982075006470027767e-02
1.239821928520212918e-01
5.298142865165781507e-02
9.547576204839115788e-02
9.137304342828472814e-02
1.107188216869001429e-01
8.199771255232356226e-02
8.771283386930533998e-02
1.537053782836796945e-01
5.331990027681233341e-02
1.586948627889646357e-01
4.284370009549000324e-02
5.572269159577842440e-02
7.937014259041767772e-02
1.560303716020482734e-01
7.812409281669029093e-02
4.992286176963943445e-02
6.415834595185512801e-02
6.776155205171792428e-02
1.027551214042916605e-01
6.852752466055790637e-02
9.319350139427050317e-02
1.681422712962840904e-01
1.723069015934407533e-01
1.848479546800769688e-02
1.109635967931293238e-01
7.913278305986028160e-02
6.895489647680264067e-02
1.030344949252418596e-01
8.331875133724570004e-02
8.398845322536591107e-02
7.995355744381348051e-02
8.985980558805470308e-02
4.981445100326445385e-02
7.713919572078087317e-02
6.133018277144201141e-02
8.628197991617182760e-02
2.204137250856061658e-01
1.475324354195651777e-01
7.047335761566127232e-02
1.544107724436445395e-01
9.821273421629377054e-02
1.561137832208615572e-01
2.242557333100841932e-01
2.336524005334943421e-01
1.502285192773351874e-01
2.139582692186162149e-01
2.091703666676568985e-01
3.181876024783127366e-01
1.082993457981999141e-01
2.660065429234672596e-01
2.666109408404155889e-01
2.988368313061376957e-01
2.624278788137409113e-01
2.780955674753448625e-01
1.437627253043200215e-01
3.337036862420268979e-01
2.730046473921372563e-01
2.764972811332072622e-01
3.716087592095103087e-01
2.866052381610673105e-01
2.843272014182368079e-01
3.367281787458404896e-01
3.799828538428584035e-01
3.902467368473314657e-01
3.508995440386613596e-01
4.068720890576676963e-01
4.293761350294053036e-01
4.486489435350863308e-01
3.150671524931555334e-01
4.488759504220938834e-01
4.298692350932191153e-01
4.076236415037488570e-01
3.519128949556025732e-01
3.916192066709593966e-01
3.813434839683318978e-01
3.383557309600980223e-01
2.853565286029824954e-01
2.880830391882416297e-01
3.736244383264035740e-01
2.781142129764532789e-01
2.754209880278321587e-01
3.357352049604713784e-01
1.453991098085265776e-01
2.807375474294172557e-01
2.653934440008745010e-01
3.020955276331153128e-01
2.683205802526479888e-01
2.671878897359987182e-01
1.096628325318138447e-01
3.230083948837550456e-01
2.127863553343536385e-01
2.168319235081032081e-01
1.512837662325589860e-01
2.352097422431373708e-01
2.275655680503896050e-01
1.578087256035936858e-01
9.953360652412680809e-02
1.583803391641005753e-01
7.200922334241184608e-02
1.492260592896196281e-01
2.224009894725598457e-01
8.746583041937565361e-02
6.254796087497868640e-02
7.836937616346945079e-02
5.132954395749059900e-02
8.983538354881748234e-02
8.070625458947923436e-02
8.536005767037391223e-02
8.512076253928597958e-02
1.023560486170824874e-01
7.042664816272298234e-02
8.006070615182715733e-02
1.118193344761496955e-01
1.864927406539249391e-02
1.766845974378086770e-01
1.678226592543709816e-01
9.399056420003282231e-02
7.061402932675495125e-02
1.029763799499933963e-01
6.763713296013175447e-02
6.504095493090417124e-02
5.130301936308685057e-02
7.735255784971557802e-02
1.554650966291648562e-01
7.969800436251996134e-02
5.686841475236962401e-02
4.503098961239768161e-02
1.616199766295828566e-01
5.416853224841969988e-02
1.536372246891147819e-01
8.890543736305739353e-02
8.175043540325124813e-02
1.123455018418829110e-01
9.129155769401826881e-02
9.590844980797155750e-02
5.225970991959258405e-02
1.250740957358426886e-01
8.816455173577822380e-02
7.728055323839090607e-02
3.394541955033918840e-02
7.106012098053017534e-02
8.611230566171577949e-02
6.408263705212526029e-02
5.867733191714750995e-02
7.024193792770792866e-02
1.167798690687481267e-01
1.087091216705752261e-01
4.666245688926846241e-02
8.008863614564301625e-02
1.264039499638183461e-01
1.141389533162701087e-01
1.189876526815554225e-01
7.653183846456390604e-02
6.695920892384941980e-02
4.533389582751790742e-02
6.710099746678495347e-02
6.319690111833263513e-02
7.181780526486097882e-02
1.048763375810865817e-01
9.004366233564575772e-02
8.145391061005879951e-02
1.206556750199143796e-01
7.329230822283862301e-02
1.126105761954997175e-01
8.211901931379628206e-02
8.104084680376551220e-02
6.941924404474418553e-02
1.795791349388966840e-01
3.658549294687700459e-02
1.793977419123679307e-01
6.929541433221778068e-02
8.073606375042473304e-02
8.289068327797359526e-02
1.134569980229664099e-01
7.424393359250594515e-02
1.203450661706389757e-01
8.215257596086184000e-02
9.067184738570679969e-02
1.041543685692202653e-01
7.114770873377211646e-02
6.345278293143997994e-02
6.748757508888127143e-02
4.582262429309644919e-02
6.682510748974776482e-02
7.688516512175475048e-02
1.187600827232866973e-01
1.134544699877266249e-01
1.251192156801114175e-01
8.062203563181012667e-02
4.565095618289006368e-02
1.094030803114433570e-01
1.169238189975734532e-01
7.040756595052286015e-02
5.694784060452975222e-02
6.569794637356046740e-02
8.605524898253717747e-02
7.092562163933596731e-02
3.406724321550167606e-02
7.556044949061449523e-02
8.956914908999143166e-02
1.241364653610666224e-01
5.287257953850652004e-02
9.553829438341727986e-02
9.136081225613390533e-02
1.109508364995229757e-01
8.195945212431599014e-02
8.788450664092052611e-02
1.536913613395622935e-01
5.343645196932444996e-02
1.591103697497342762e-01
4.313698339922424074e-02
5.588232563245512652e-02
7.941547757702213661e-02
1.559479283741379285e-01
7.801184707975172827e-02
5.011225761653338717e-02
6.428159012982881393e-02
6.774275421369400918e-02
1.027863290058220747e-01
6.880057150870491633e-02
9.330275668037173176e-02
1.680965382972661459e-01
1.729066894587256431e-01
1.850290342356748427e-02
1.110830385558111977e-01
7.925996664766438160e-02
6.914784948906681217e-02
1.029394099487884184e-01
8.354469728020043340e-02
8.416092258357331379e-02
8.005298863350826521e-02
8.985630387881564374e-02
5.000762264705908150e-02
7.729606853402476441e-02
6.148356356297968173e-02
8.643930949180080037e-02
2.206683239509840688e-01
1.477521562251247755e-01
7.066993483115023567e-02
1.549184679654712071e-01
9.838112695784957673e-02
1.563326951975213541e-01
2.246768362917458683e-01
2.338483512574699441e-01
1.503611656901816529e-01
2.143273134679690717e-01
2.096261705236427408e-01
3.188000970941892720e-01
1.084706208440855135e-01
2.661545275006313993e-01
2.668291429374025081e-01
2.992439763086876536e-01
2.628002558332308003e-01
2.784292545092690863e-01
1.439681227911692452e-01
3.339605723751402633e-01
2.733092871018201753e-01
2.767003275448744470e-01
3.718631006723045473e-01
2.867898281293929097e-01
2.844559861895366026e-01
3.369321461442638665e-01
3.801531446468152109e-01
3.904189145550571727e-01
3.510264658753765588e-01
4.069661606992317493e-01
4.294378492217986731e-01
4.486773348447384291e-01
3.150671525127549666e-01
4.488475900997482282e-01
