6.234777357956919897e-01
5.248228994055269547e-01
5.561712995859540154e-01
4.523491028081198517e-01
4.610778827527446389e-01
5.731928874839608001e-01
3.980463782386448601e-01
3.893140897569203340e-01
3.062963598514036878e-01
2.846908359553250722e-01
5.070645119854528815e-01
5.164422314015326698e-01
2.084174761731223124e-01
1.554998572070204199e-01
2.463244723774001277e-01
2.094971783530562570e-01
1.717625849636636448e-01
6.668536491980869840e-02
7.220511168381583966e-02
4.079145551247454621e-02
1.680761734645701833e-01
1.084188769582361822e-01
7.350499639845449462e-02
1.418427114292933888e-01
1.323636952735289529e-01
5.643966779656982985e-02
1.410247507509736209e-01
8.892744174025278558e-02
6.184287044798261745e-02
1.505975987449916786e-01
1.657047364582668048e-01
1.313414624081122029e-01
1.457504060544407010e-01
9.893453089894477248e-02
4.738787166466187917e-02
5.804890551678555666e-02
2.239989526658171456e-02
8.686780346342562464e-02
1.051160936943130314e-01
4.134777091077228989e-02
4.199856127466470440e-02
8.683229214632967596e-02
2.734001519662701898e-02
4.538900266669892297e-02
6.641392729483708290e-02
8.595338663505754789e-03
5.060170506096888648e-02
1.060618731037819423e-01
6.491808308133872885e-02
3.821313525260426613e-02
2.420758112239146387e-02
3.646095454269471930e-02
3.852659452487411373e-02
2.436811202725603157e-02
7.903030224714537033e-02
3.906803209607059152e-02
5.475665206375534416e-02
6.171985788701735837e-02
1.057750880710892766e-02
4.035728912649327871e-02
4.506500356173100824e-02
3.140495854981195656e-02
4.207514862730147437e-02
1.631466636962565150e-02
2.590749217023790435e-02
4.540903759025682190e-02
2.394377790146353865e-02
1.002188773002401535e-02
4.363109529413707749e-02
1.879606576206494309e-02
2.397078474808311474e-02
1.767597425557175875e-02
5.515128502101541291e-02
3.437227254034507656e-02
3.030606538571052264e-02
7.139952604572408212e-02
1.725208750289629681e-02
7.805401493058485018e-02
6.265083231815199438e-02
1.688418126749427137e-02
3.124973981788610813e-02
3.351123211074415881e-02
4.749265034943244562e-02
7.516058910725893077e-03
9.356264348738598316e-03
2.926343878130642159e-02
1.093323738966987466e-02
1.229313915240373874e-02
4.461019065435319064e-02
3.862419092507081431e-02
3.102623534335568686e-02
3.946864008072695912e-02
3.282532903556201892e-02
1.247877433423528158e-02
1.359712210359677667e-02
3.175176261445242232e-02
3.081353721442573260e-02
2.973265714205655316e-02
1.391388049186527594e-02
3.972661519429937504e-02
1.998584289257226629e-02
1.378371744877249054e-02
3.956012798386772389e-02
2.544432209745928902e-02
1.138663816673412058e-02
7.701184198733880722e-03
1.717107425876016405e-02
1.936235503146811407e-02
3.356626314474338291e-02
8.169266588051411065e-03
1.823571639430093816e-02
2.293502920181592422e-02
8.636445570910630809e-03
7.943544414173282775e-03
4.032419803007620401e-02
2.393919637047256868e-02
1.840747017893644769e-02
2.651860843189660782e-02
2.290191278638876657e-02
3.558593016639021583e-02
1.519131718578173654e-02
1.398887121227015452e-02
1.782989877104648041e-02
2.336683845574153567e-02
1.990131470706104841e-02
2.593504876568566986e-02
2.434421758617557122e-02
1.363477905363431018e-02
9.307454123857502107e-03
1.177617889423746879e-02
2.939370685024321472e-02
9.178974777457372253e-03
2.389976233640834016e-02
1.584628938411868429e-02
1.193939957900287153e-02
1.134622484666068971e-02
1.722909469218704415e-02
1.593230476519768429e-02
1.237294561769577972e-02
2.083724000428714349e-02
2.100651171693677932e-02
1.824272662174128423e-02
2.797196793348640659e-02
2.063886252361402801e-02
2.479382079175113454e-02
8.682294308818954906e-03
1.167054218809435162e-02
2.295135061130622670e-02
2.674946837047189815e-02
2.948085419964997442e-02
1.463079432012302089e-02
1.065827138680747362e-02
1.408045876332161828e-02
9.221514943280237006e-03
2.249521534082500260e-02
1.133276753809744040e-02
3.730456342466339364e-02
2.178199685281346706e-02
1.129492421853677681e-02
1.642943426047819774e-02
1.761282789769115509e-02
1.823220952505896775e-02
1.838664002110666426e-02
1.640889025103192331e-02
8.104129602893339265e-03
1.500474719927423310e-02
1.591558567290697959e-02
9.322960441458073150e-03
1.047418632387265257e-02
1.929312338015848685e-02
1.998299884808997853e-02
1.552896132810491388e-02
2.425268438670295096e-02
1.035392837945738921e-02
2.001357677159411666e-02
6.394037541516231146e-03
2.107544819469773026e-02
1.934648250098892561e-02
1.044380347914619124e-02
1.432230147411157027e-02
3.717734954049334295e-02
1.530695180471379480e-02
1.151461328262717680e-02
4.732170523543084706e-03
1.533014054646328513e-02
1.060930398952574308e-02
3.256835342035422493e-02
2.226523280508316618e-02
9.297632448594831539e-03
3.556728413495813257e-02
2.103959341417171308e-02
1.694607328958893863e-02
2.817720757774117013e-02
1.033592907211239656e-02
5.918026557560816803e-03
1.727714549941784805e-02
3.395875502833069215e-02
3.606112095411789092e-02
1.786688293148955969e-02
1.245686844762306997e-02
1.786679334907191954e-02
3.601900592593738903e-02
3.362875176229814661e-02
1.701361823679328061e-02
5.630790064422759762e-03
9.779283018608331615e-03
2.665613899048913452e-02
2.041795108416856810e-02
2.038083199209672625e-02
3.608083569693833204e-02
9.837164349755940160e-03
2.092111353118493444e-02
3.418946574887291034e-02
1.056724498076889313e-02
1.357596058320205933e-02
4.099557782926372372e-03
1.215917495696266018e-02
1.525001387288342503e-02
3.590844960142901970e-02
1.499513978141987433e-02
9.515514155319501274e-03
2.207389972229096414e-02
2.102189089232537819e-02
6.530374551220591121e-03
1.985364560279648249e-02
1.097623532330352543e-02
2.504019017778865916e-02
1.515628287712597437e-02
2.011129980670770673e-02
1.953969261569741406e-02
1.075090446193601064e-02
9.508703543275589740e-03
1.150481303865313019e-02
1.505528938814280210e-02
7.855279701411286425e-03
1.575450153273498521e-02
1.678346779810546349e-02
1.702732071908859279e-02
1.541381946375632722e-02
1.655250198037120507e-02
1.392698403651208318e-02
2.394332990296389047e-02
3.715314926300903459e-02
1.295127266960434918e-02
2.144515517620792025e-02
1.040988851017626664e-02
1.313107202475203433e-02
1.064150878248410793e-02
1.487042321934372441e-02
2.940203324760864642e-02
1.268640024265952487e-02
2.444674224193773768e-02
1.132297287439220160e-02
7.853250561605603156e-03
2.219531441173374156e-02
1.978265513534020054e-02
2.806753323802632996e-02
1.618869490438402947e-02
2.213144264019927324e-02
1.982977043637884976e-02
1.265390615532683075e-02
1.374828907615033985e-02
1.594124299805866479e-02
1.158177046517699926e-02
1.051356321268441009e-02
1.354592581323981956e-02
2.253793255437869930e-02
9.764143461017033010e-03
1.945259573920326765e-02
9.415502884564068767e-03
9.830356576786438219e-03
1.445332709777110043e-02
2.111005796782646632e-02
2.235774914961647514e-02
1.365483339581207052e-02
2.568479328550879459e-02
1.487129415443870332e-02
1.093286743210225564e-02
1.414927562555675158e-02
2.436103342033915306e-02
1.373024970807650881e-02
1.826473484802846117e-02
1.042593951490619793e-02
2.094115040874004741e-02
4.025188670026011439e-02
7.912387952547983092e-03
9.522986633263655701e-03
1.598770155610318433e-02
1.420862508077845414e-02
6.686666341025816925e-03
2.728482127530870369e-02
1.609020898331981614e-02
9.897769099537467516e-03
6.363258415543335961e-03
1.099954375742696021e-02
2.146320080334131880e-02
2.154166932706918364e-02
1.222354122068420278e-02
1.751069619525258414e-02
1.657756092853705440e-02
1.063642281789633874e-02
3.357073310503989882e-02
2.449266616057199294e-02
2.639785840134703174e-02
1.063134618197982342e-02
1.048771674782985296e-02
2.194979845950813940e-02
2.209316660387891998e-02
2.781754529649596921e-02
3.156698060086645524e-02
1.788110480548558631e-02
8.885339159532098380e-03
8.736769855187488665e-03
2.115497892712355291e-02
4.437024375351586100e-03
5.245218842701823529e-03
2.838913366353634088e-02
2.336001939869748745e-02
1.915106437900803912e-02
1.195843878253628756e-02
1.446014957187846325e-02
2.857620729580707605e-02
1.031860391302488397e-02
3.607543564779717299e-02
1.284642200519612622e-02
1.865146140603964747e-02
2.420919190752386305e-02
9.754318472549469710e-03
8.258870573089409015e-03
9.995148855485197145e-03
2.275050151111975699e-02
6.461546335740502543e-03
8.675584887087969127e-03
2.589201722135104494e-02
1.503104788224373864e-02
7.371189508077625324e-03
2.495856365292122014e-02
1.719602982026809113e-02
2.501789488220164739e-02
1.948672300581374278e-02
5.757404511303423032e-03
3.000602540601293028e-02
2.499453915559645203e-02
1.360790961870037181e-02
2.630885132131996137e-02
8.222296101919756087e-03
1.480192131664120198e-02
1.324802831948852615e-02
7.611784668206866486e-03
2.437632925739788639e-02
9.062860225803945693e-03
1.952485916004388644e-02
1.951807713463402094e-02
3.926723311570652977e-03
1.542254659971890700e-02
1.814197348486074404e-02
3.956219058252886424e-03
3.926419549430557737e-02
1.117282530700908737e-02
1.088136355491769493e-02
1.370978247209284420e-02
3.291373679047308182e-02
1.054464776588735775e-02
1.313801382752180849e-02
5.468347000109549660e-03
1.410112518132265735e-02
2.174712115354620473e-02
1.796680131290101512e-02
1.575362061955988893e-02
1.617208864406500038e-02
6.422993747284663942e-03
1.186131537224766226e-02
1.443475181926001487e-02
6.150293095737027933e-03
1.208123996129040027e-02
2.812279413660320401e-02
1.199400687028054531e-02
1.020867315937824815e-02
9.884600055925559653e-03
3.671326177976535782e-03
8.477827926125124786e-03
4.992891037424100446e-03
5.696979617414998920e-03
1.267972523319040035e-02
1.105544423576515153e-02
3.362843949362083213e-03
4.643570102813106629e-03
1.787957114782709467e-02
1.037226360146478558e-02
6.924234465852513280e-03
8.905930130094831879e-03
6.691858046873707354e-03
5.842405395559485508e-03
1.338090704249249308e-02
7.219546646407877175e-03
1.206442330396739759e-02
7.976655046448373823e-03
6.409546508723749231e-03
9.196057272198179464e-03
9.715404353071936672e-03
9.173102685594554037e-03
6.375797998539981491e-03
7.915003679461740660e-03
1.195269821655007593e-02
7.130293085388809092e-03
1.319471015613159562e-02
5.731935477844158841e-03
6.559109504649436422e-03
8.718379710427465179e-03
6.766857860782795990e-03
1.012125466329479376e-02
1.743053069647971728e-02
4.494923244766910360e-03
3.251427598735145540e-03
1.072829982633476467e-02
1.224875813287643923e-02
5.499123009031858453e-03
4.764452481068845967e-03
8.164668673801486753e-03
3.488404502776632030e-03
9.495012065760815786e-03
9.805091010488986569e-03
1.151177790119230736e-02
2.783581454523188434e-02
1.164072154757560089e-02
5.785477920345318860e-03
1.385743742417939496e-02
1.137699968745083633e-02
6.082802100365338437e-03
1.564265267752136881e-02
1.493898017361827875e-02
1.739421465823720245e-02
2.089191670173043414e-02
1.327337582197933748e-02
5.230486015060810574e-03
1.248691554984651154e-02
9.916525607811685350e-03
3.351475308196171649e-02
1.350194230569850586e-02
1.071856759163680034e-02
1.064411334556464826e-02
3.943990534402006670e-02
3.552386517231560792e-03
1.753048099646539737e-02
1.523969639346270041e-02
3.425631749533603315e-03
1.933075746767008371e-02
1.930077146835535579e-02
8.678715997054397419e-03
2.352972780386517263e-02
7.234749014409454053e-03
1.354045824628098693e-02
1.441168451620598520e-02
7.847396110735852318e-03
2.642144089603884471e-02
1.329990743912837572e-02
2.474576525518283610e-02
3.008554731404773294e-02
5.092650063404734369e-03
1.930900713297491536e-02
2.521836229727143774e-02
1.632967623092873577e-02
2.450147370316364814e-02
6.727033661235165031e-03
1.474325547711799640e-02
2.686858334142291221e-02
8.195098624323418970e-03
6.045855333783429868e-03
2.307983903636442319e-02
9.470490951711934766e-03
7.874700164523211129e-03
9.793681152132732021e-03
2.583833754652160170e-02
1.991525138932135133e-02
1.375238819222545338e-02
3.691994342903461707e-02
9.749712592208829506e-03
2.837968662115718244e-02
1.419150250446944012e-02
1.175005431034950240e-02
2.011014543331951163e-02
2.457659911444396925e-02
2.943575187162770362e-02
4.895672570831997340e-03
4.153927516913403541e-03
2.145180092613890518e-02
8.034792958775278590e-03
8.812211728145372472e-03
1.873014581796730860e-02
3.355996724102182360e-02
2.848280630308916775e-02
2.276574319549713385e-02
2.261209903414118996e-02
1.029776969730359509e-02
1.025051920401210889e-02
2.749119475076213306e-02
2.421478430102233861e-02
3.213456485497823145e-02
1.092941035689215003e-02
1.857403443963273268e-02
1.739282298384175682e-02
1.241673981932944586e-02
2.280012323812063285e-02
2.240008841792880817e-02
1.097434426925758197e-02
6.269696562902145852e-03
1.021191365063934577e-02
1.644413552333957515e-02
2.840609356722650913e-02
6.537755639693291522e-03
1.398936420592052088e-02
1.646629133259342945e-02
9.150375953955265998e-03
7.915042497109388980e-03
4.021472180501937249e-02
2.201231074725489359e-02
1.089580901524561142e-02
1.903209426021904363e-02
1.507819692363435334e-02
2.679746020437302756e-02
1.443042210514725900e-02
1.130650062559970456e-02
1.545809963631750682e-02
2.462519237216491408e-02
1.466214959634524681e-02
2.363020418406663534e-02
2.207798141881723783e-02
1.407305551526289757e-02
9.559953508305152683e-03
1.006337167240286233e-02
2.101427607194527106e-02
9.486027109877115393e-03
2.275751493199021716e-02
1.403367008963335265e-02
1.096738845024588897e-02
1.146362180851014101e-02
1.641919412825829094e-02
1.392303357163991555e-02
1.242690986778689083e-02
2.031626871283742988e-02
2.156525422349835769e-02
1.671440491322725291e-02
2.787146292867192371e-02
2.014385677768588262e-02
2.323578115235261018e-02
8.264143933606788936e-03
1.149664185047854364e-02
2.347150741249674419e-02
1.531334516557820644e-02
2.916008718909532046e-02
1.467445401870577995e-02
1.063807741992143889e-02
1.315883115580906114e-02
9.191289252264176618e-03
2.202147261114526661e-02
1.199351651140842696e-02
3.721639158106410106e-02
2.273487903182515660e-02
1.232001318147872213e-02
1.637511953045958646e-02
1.644339869763148179e-02
1.732371070980041894e-02
1.762439696520367097e-02
1.612818837208792808e-02
7.987884869211508976e-03
1.497373449838701638e-02
1.299681101595024334e-02
9.397524583427099149e-03
1.054409468539268049e-02
1.936627430219491769e-02
2.003411027601962810e-02
1.537350620725686998e-02
2.456165806204760327e-02
1.058581118670464706e-02
1.992800105319038340e-02
6.436428769312212139e-03
2.103892238028524930e-02
1.997300022641449249e-02
1.009785284015749310e-02
1.455218274666415963e-02
3.670890363491203373e-02
1.517997448601362924e-02
1.167988063709532627e-02
4.490557993710523645e-03
1.470281105492604774e-02
1.055426157568604625e-02
3.287286632077712767e-02
2.179460488754245140e-02
9.356358962176654706e-03
3.563500527034800525e-02
2.075933394186955938e-02
1.752597415742715437e-02
2.766434225716413176e-02
1.014815366257196955e-02
5.821152136886890288e-03
1.718882861641769441e-02
3.384862600690335260e-02
3.604708014594605603e-02
1.786685306287296923e-02
1.245686844643918365e-02
1.786682321738500973e-02
3.603304178971177690e-02
3.373862487156724377e-02
1.710098747001534414e-02
5.725410177278748326e-03
9.962612591263653519e-03
2.715734549993412475e-02
1.856254600318930567e-02
2.053649019767325029e-02
3.580240368293657882e-02
9.521956593054516776e-03
2.134711301749910028e-02
3.339600734136919519e-02
1.053929899309213707e-02
1.411950830380364653e-02
4.279032827836276413e-03
1.189314334984888435e-02
1.515601671003748846e-02
3.628825523947258602e-02
1.477648502899779268e-02
9.790434434508981515e-03
2.086142481661511575e-02
2.102245969185302654e-02
6.482337241518952749e-03
1.987753877166515901e-02
1.079190584618339686e-02
2.482044270922142276e-02
1.525238316669956171e-02
2.007613557930406842e-02
1.945037332782235950e-02
1.063905509375756737e-02
9.458278519210857119e-03
1.196905769405470603e-02
1.499635695800195963e-02
7.910173406857189810e-03
1.591789498508945286e-02
1.712954947997535546e-02
1.707266008045928499e-02
1.580720881432656419e-02
1.644824033982642333e-02
1.318589518299944155e-02
2.342309479014369547e-02
3.717437094900968853e-02
1.252080031261456824e-02
2.169002670372625896e-02
9.583965803828947694e-03
1.306286349547749678e-02
1.063700285819046618e-02
1.477394758566701397e-02
2.924680023788402833e-02
1.339350627838899015e-02
2.398222269188836353e-02
1.139221552689372897e-02
8.016743704775746229e-03
2.256164893390165405e-02
1.991285777076427094e-02
2.794251228368692386e-02
1.632352393482072728e-02
2.190408647866151290e-02
2.002045336818977436e-02
1.254874138239438219e-02
1.372061438669722015e-02
1.610308406359753364e-02
1.153450941218954647e-02
1.065641389467613352e-02
1.366326468595364593e-02
2.256431890664243115e-02
9.656278855113152940e-03
1.982154084077804648e-02
9.610862163955929960e-03
9.722299769615994416e-03
1.430742891454074746e-02
2.141116806878865658e-02
2.278872733178011548e-02
1.389763928041395750e-02
2.528174297998598413e-02
1.501717920610829912e-02
1.099472145880576318e-02
1.423025609548988352e-02
2.505603800799946837e-02
1.406755652182533831e-02
1.838837535354864716e-02
1.048094303273090430e-02
2.130643245999249910e-02
4.022848483910049927e-02
7.911842285144698311e-03
9.387617749113202903e-03
1.604307754342490858e-02
1.405047358863572259e-02
6.599982903575309090e-03
2.758158783224138461e-02
1.615535715845416859e-02
9.929592903473864404e-03
6.304763487692135494e-03
1.097674212257165709e-02
2.174227325516900691e-02
2.180294393947273396e-02
1.226344188363408076e-02
1.741806862531814631e-02
1.707916349568623995e-02
1.069359034242124175e-02
3.307645805829056290e-02
2.430867822208653689e-02
2.671300708103141811e-02
1.046491759361413074e-02
1.039104363319252357e-02
2.206600588535155213e-02
2.218654814175228390e-02
2.800897669109582780e-02
3.219911022941437939e-02
1.803267565052437196e-02
8.831742262337509419e-03
8.488315256901780848e-03
2.118362502420895535e-02
4.331391647531441201e-03
5.118969496837547789e-03
2.860576162893321145e-02
2.368011400962055646e-02
1.938601655732139981e-02
1.186342054152213915e-02
1.431913792585231410e-02
2.840585125848389680e-02
1.012014500272306709e-02
3.621248319246574143e-02
1.306877071193362702e-02
1.897695978757903482e-02
2.460888859654921865e-02
9.739735138922850019e-03
8.122702400168378342e-03
9.816625570132016948e-03
2.278934465086289440e-02
6.325544086048157967e-03
8.516675870074465193e-03
2.612626670896090256e-02
1.491906444076436869e-02
7.172888030757451801e-03
2.478342023259424987e-02
1.691772312444508181e-02
2.503230599619866992e-02
1.939992803999051121e-02
5.558157014751365262e-03
2.997896459911406422e-02
2.488273147631275134e-02
1.349762715884759642e-02
2.629217894822720100e-02
8.105517998841167346e-03
1.467102680420081552e-02
1.330812232430517508e-02
7.497152208231385243e-03
2.411627303809119396e-02
8.944898241014631601e-03
1.943713186336368248e-02
1.944404562163728339e-02
3.784284177904159892e-03
1.535520206032893638e-02
1.795736053149007624e-02
3.841949497754753532e-03
3.927905776066474564e-02
1.102034715344306186e-02
1.082815429864943460e-02
1.364239080721179470e-02
3.305233102322013145e-02
1.036935617821510211e-02
1.295679253747122547e-02
5.401771192366463560e-03
1.387419595751202168e-02
2.150996241624313077e-02
1.780637197379329045e-02
1.553087359066136763e-02
1.602597006495982621e-02
6.330870111762661352e-03
1.172925098025003228e-02
1.427766421922404758e-02
6.052421063728755449e-03
1.196296387597703403e-02
2.804115702945796443e-02
1.186635919938626438e-02
1.010190741461082335e-02
9.781613823900586410e-03
3.623245769350131977e-03
8.395917319498576170e-03
4.933284944285990133e-03
5.645490986975473108e-03
1.256771184632322728e-02
1.097064079433320190e-02
3.334047860618342789e-03
4.605362436255124037e-03
1.776441506412725774e-02
1.030790405084803900e-02
6.883971867883205420e-03
8.858007269134255887e-03
6.658075660425690975e-03
5.814320426668046805e-03
1.333365771688673970e-02
7.196975533093724967e-03
1.203623525882245582e-02
7.961131128922108863e-03
6.401068831250814918e-03
9.190305977350186201e-03
9.715404353078382904e-03
9.178828702438282874e-03
6.384194704301122784e-03
7.930305970992441306e-03
1.198037425438704985e-02
7.152350702657706352e-03
1.324056604312838156e-02
5.759090653516607712e-03
6.591708376209491453e-03
8.764246759445508059e-03
6.805297378816333419e-03
1.018242597543111798e-02
1.753994290785798257e-02
4.531058192969888467e-03
3.278360108143695082e-03
1.080713780340126010e-02
1.235233460989679406e-02
5.546614572975643552e-03
4.819135712289089254e-03
8.239441308295760574e-03
3.531861527328348377e-03
9.587011576009938849e-03
9.900320100062948159e-03
1.162549400895352032e-02
2.789805485651350447e-02
1.174303563987080801e-02
5.870311869649978351e-03
1.398960918802655273e-02
1.148762477463003903e-02
6.161116797674244701e-03
1.576193469781884612e-02
1.512455586019939222e-02
1.752101692336785824e-02
2.108363019508026001e-02
1.346142784653741632e-02
5.283262534149091652e-03
1.263234501397811523e-02
1.005646861101544207e-02
3.335385690314509460e-02
1.353953521328800889e-02
1.074766967666714902e-02
1.075746386602796124e-02
3.936944814203719584e-02
3.641069282099882766e-03
1.765418134637115194e-02
1.526556395823171382e-02
3.535158021255476162e-03
1.935284726406109879e-02
1.932786641644367726e-02
8.754760764208901341e-03
2.369743472876817761e-02
7.310508826435295482e-03
1.345588306628785896e-02
1.447923525577461332e-02
7.920315718098563940e-03
2.635348793666005690e-02
1.334716452292953465e-02
2.476393234868277254e-02
3.002438700501355168e-02
5.229376829215298846e-03
1.931619846902251150e-02
2.513743286479820649e-02
1.649161812161218862e-02
2.456243810506112193e-02
6.855043929451372538e-03
1.478030124673166898e-02
2.661762969546890498e-02
8.281186551714104366e-03
6.121898376119099157e-03
2.296104253284942873e-02
9.560631463143341377e-03
7.935999064476792833e-03
9.763335834195203955e-03
2.542754263929654368e-02
1.961027332925432271e-02
1.352399426476393399e-02
3.664836906128442207e-02
9.843898415979311992e-03
2.832671657464707476e-02
1.419599552442894590e-02
1.176647733247073238e-02
1.986953322466495503e-02
2.429033712633217948e-02
2.914141335501243060e-02
4.950758979229699479e-03
4.195681208093635789e-03
2.134286244456532269e-02
8.149918261769351774e-03
8.802358325293720490e-03
1.847120652397132509e-02
3.317526426410259688e-02
2.834026747281835276e-02
2.254158412121026744e-02
2.241176425293945132e-02
1.030704863195095779e-02
1.028932583635810104e-02
2.725711991167692819e-02
2.419619701209136178e-02
3.238510879414353144e-02
1.084617134861475679e-02
1.808448722942769885e-02
1.737538911537019753e-02
1.236426351755641646e-02
2.245080000258800612e-02
2.220656831742415932e-02
1.096905584558176446e-02
6.266754546186173794e-03
1.009987138286612580e-02
1.634235807416709735e-02
2.814822581262880347e-02
6.538423023354036391e-03
1.396827642063653944e-02
1.630438490460444506e-02
9.211038606899653314e-03
7.913696049021624879e-03
4.021479578352555456e-02
2.182305448836676168e-02
1.073671991836826559e-02
1.879965039608471125e-02
1.475371762679803661e-02
2.627436356126992834e-02
1.437169015885223985e-02
1.119668910413949142e-02
1.531932807000882524e-02
2.478757578260658984e-02
1.441575525883526110e-02
2.340386783810463611e-02
2.188918723691779533e-02
1.413064939204447187e-02
9.598406840164061885e-03
9.932714528013713087e-03
2.062759806058105452e-02
9.527502414890757360e-03
2.268999291385560835e-02
1.391730820101021344e-02
1.088039248877808313e-02
1.148048782099474717e-02
1.633471605316357336e-02
1.383866866368492314e-02
1.245127895211277889e-02
2.024473992116408022e-02
2.164568715224180623e-02
1.659624346576282772e-02
2.787760622281177866e-02
2.008473725070121160e-02
2.306020823812065038e-02
8.205003021118935369e-03
1.147174985121600550e-02
2.357638610363052556e-02
1.472146647370522338e-02
2.916376450525268171e-02
1.469321890781182145e-02
1.063701572052424757e-02
1.311163798436684735e-02
9.237260475826026759e-03
2.194613013191618056e-02
1.210824720764388726e-02
3.720546056653980388e-02
2.288973527256136717e-02
1.250466082581186411e-02
1.638440219664434594e-02
1.628719793457855669e-02
1.724431845240807434e-02
1.750919460413238177e-02
1.608143744197960273e-02
7.969918864346788034e-03
1.497463327684042320e-02
1.271236564364799405e-02
9.410649249544761688e-03
1.056139230936060762e-02
1.938244357889136113e-02
2.004315876163961785e-02
1.534688740460994974e-02
2.461701986916879983e-02
1.062895148812157721e-02
1.991541280460432453e-02
6.445380762166478053e-03
2.103417391752958679e-02
2.012814092275856323e-02
1.003349951427801728e-02
1.459749289975128227e-02
3.662119397723399145e-02
1.516656023306316679e-02
1.171856091918654745e-02
4.445808478914525970e-03
1.458277332973761595e-02
1.054798896698769077e-02
3.295861619202929138e-02
2.170331055154850822e-02
9.379867936175421972e-03
3.566018835453943492e-02
2.070990136930168229e-02
1.768895595698966733e-02
2.756247595532633488e-02
1.011086743865625970e-02
5.801913489576628925e-03
1.717122245253785776e-02
3.382661554420583749e-02
3.604427228673082878e-02
1.786684689270558180e-02
1.245686843386441429e-02
1.786682938173074151e-02
