6.525506378169280142e-01
6.588069940971571503e-01
6.430917548586190247e-01
6.665401445122361990e-01
6.099631428654204157e-01
6.180353453107308992e-01
6.299465096628994454e-01
5.503881837125172982e-01
5.755524107346293716e-01
5.877210782732600336e-01
3.602285217598865108e-01
4.672536987114888629e-01
3.778317983684961745e-01
5.753508742970043777e-01
3.766397637891465422e-01
2.675219692587250120e-01
2.760870665690063341e-01
2.668876316458692610e-01
3.924915195911497512e-01
3.173657373777412638e-01
2.152376047753500610e-01
2.244181528817430493e-01
2.094202828888094559e-01
2.570376296304351382e-01
1.410405248369256681e-01
2.683999467144421724e-01
2.128180408538734025e-01
1.389244626396776428e-01
2.087833942742008952e-01
1.715848049686238830e-01
1.658925961196589249e-01
2.833313673851698966e-01
2.088833159708334275e-01
8.322395793698757205e-02
1.358954240886324771e-01
1.557417286134594181e-01
2.702091046017055520e-01
1.434878654707973933e-01
1.667612350050760583e-01
5.307938222747232010e-02
8.958445993324155865e-02
1.665591439951013830e-01
1.485009659089967515e-01
9.547262082659849214e-02
9.744151293281420878e-02
1.195358724440219594e-01
4.873786507800466350e-02
2.242171462445369801e-01
7.816834259494459536e-02
1.983322124423824440e-01
9.783423000228629041e-02
9.841713147313138621e-02
1.207998301162350879e-01
9.702969054532800675e-02
1.633244704201800568e-01
1.043832677103653378e-01
9.307405395624572531e-02
2.182911163095313800e-01
7.137359296964129740e-02
1.305666977419878694e-01
3.613766753280668598e-02
4.880154364808726719e-02
3.712091895613162107e-02
4.258528858426949976e-02
1.327993483899428118e-01
7.672808184582509405e-02
4.314017806094394558e-02
9.038253857100078670e-02
2.615652675516107542e-02
9.823960870202883000e-02
4.582790133356993284e-02
2.800689637947193639e-02
9.260183681156511359e-02
3.336597993721644728e-02
2.924291691647879984e-02
3.952351720943553248e-02
4.382459310843284800e-02
8.212993238394905582e-02
3.016723942372304818e-02
4.715357553125370388e-02
1.204240018852642188e-02
7.549113212588838551e-02
9.474600975304569433e-03
4.077215648788629770e-02
4.185167361038160533e-02
2.723767664512318984e-02
5.803188371167748716e-02
8.189272122114819863e-02
4.265524473898248126e-02
6.473631854965113119e-02
5.416972885389967352e-02
6.966576512212560579e-02
6.145890752192677275e-02
4.263004184833150967e-02
5.763681097447248547e-02
2.888934714707618728e-02
4.766238213061502194e-02
7.895906225652490895e-02
4.101197124489626422e-02
4.384772043421971549e-02
8.418987895665513976e-02
5.948737993870067270e-02
4.854990594538077797e-02
1.754359262446485851e-02
2.067353638596002713e-02
2.618620668755884326e-02
6.935095238486502223e-02
4.985909514088304739e-02
1.931374116100841726e-02
1.563477011039592426e-02
3.060863562530850845e-02
5.210391487595202736e-02
1.262658196091906784e-02
2.100561437660376091e-02
2.796969075635865817e-02
1.281525789266620488e-02
2.214457538237880885e-02
7.405322860827626141e-02
3.633366455064722389e-02
2.712504071057483812e-02
4.921344704625962158e-02
5.520763977079315432e-02
2.573320622464582430e-02
2.928384081075675882e-02
2.510332263945698819e-02
3.166353590488636682e-02
2.530030757479638515e-02
2.305420986906556169e-02
3.199204023196947078e-02
1.435154889467502200e-02
1.257584551795313220e-02
3.962703537644900187e-02
1.909316069543812860e-02
1.721650653478163165e-02
2.349593858082932654e-02
2.445533655612901203e-02
2.837041710473447650e-02
2.984787549870953835e-02
2.467449084849839339e-02
2.079634007677379909e-02
3.340121622854091282e-02
2.625555969818715168e-02
1.876556976568100749e-02
1.176058233048179330e-02
4.977184354301585067e-02
4.448619454161049230e-02
3.605669776654300135e-02
4.464594266722085592e-02
1.248908580239809982e-02
1.248836303518487470e-02
3.938761569831816800e-02
3.297417451808760946e-02
1.989243863431789175e-02
2.886287078114848845e-02
2.089850642023516336e-02
5.387050830425369613e-02
1.568968608979955104e-02
4.671298188750720032e-02
1.513422794764855868e-02
2.834583711448513538e-02
2.117159413344518737e-02
5.236931552976115817e-02
5.557041224093730442e-02
2.067635255008193687e-02
1.649345549677937173e-02
1.819781085285298444e-02
1.406587651987896773e-02
2.505894435706055440e-02
2.236390206301435910e-02
3.744290322086464562e-02
2.545057225476378762e-02
1.825327509686853339e-02
3.245205358158575332e-02
3.284340179124879688e-02
2.755404554611081205e-02
6.918634394805901408e-03
1.180741907758762164e-02
3.581722726889201985e-02
4.030504224031900701e-02
2.157733570697186257e-02
1.677487471952473011e-02
2.522715004748898870e-02
5.295768747013866046e-02
2.312058159146477762e-02
2.426093238410938907e-02
3.172441178637668002e-02
2.281941014179494215e-02
1.810162229047421883e-02
2.518330643116755904e-02
4.475207090599319509e-02
2.356665294786647671e-02
2.870630022727947012e-02
3.721884735246106662e-02
2.261629207005208531e-02
1.490152116123445898e-02
2.578082721981435343e-02
4.820416930440545034e-02
4.317088178756871980e-02
3.401852924600894806e-02
1.655120512913369965e-02
3.401057332417298240e-02
4.285849533264005085e-02
4.743575436404067619e-02
2.536849361386477042e-02
1.468990341309020856e-02
2.153562429538700626e-02
3.554465869578442294e-02
2.995903219443040583e-02
2.784325290451114196e-02
4.734664088645865188e-02
2.475876708904101858e-02
1.738898909256040085e-02
2.547958978327433122e-02
3.413977365862893437e-02
2.625704639775794380e-02
2.373747471937813491e-02
5.126484263085347159e-02
2.681082624273318712e-02
1.746775495464676642e-02
1.992235598712721253e-02
3.835160725972116408e-02
4.124591091527946007e-02
1.246750961722492904e-02
6.885598995443893700e-03
2.900014254083184764e-02
2.665396216698289605e-02
3.125379773722914561e-02
1.981868893084800035e-02
2.555036305774936040e-02
3.883777452638122879e-02
2.337310081249911395e-02
2.366167348518756833e-02
1.577405238071612550e-02
1.623322256083001985e-02
1.668819894998785358e-02
1.945594303668871095e-02
4.901115639945680114e-02
4.801653340792270963e-02
2.137237440744265901e-02
2.897084725224909757e-02
1.773304232480261283e-02
4.971767950054372526e-02
1.418246327128751608e-02
5.455728202607423860e-02
2.324516081461074427e-02
2.866825899327048524e-02
1.918512575868647554e-02
1.946472217884983452e-02
3.272259531217697887e-02
1.272097170190014150e-02
1.611865309221364312e-02
4.438555575127794278e-02
3.709140701130847484e-02
3.777301824265163338e-02
5.512231853736079129e-02
1.154011893473771977e-02
2.035772817795079848e-02
1.911443770423846417e-02
3.435600041321038717e-02
2.171554010374724189e-02
3.204466681127360328e-02
1.889394959816358827e-02
3.087183431926588187e-02
2.339919013501239389e-02
2.245227183764771442e-02
1.437163985605985524e-02
1.670007512122261700e-02
3.001466996128994424e-02
1.441986633217769154e-02
1.531337757618805168e-02
2.700254545634755282e-02
1.792574826633852939e-02
1.873116356225888041e-02
2.748375627694718548e-02
2.756365137465151965e-02
2.759541384508388401e-02
2.169658563927178915e-02
5.048045723862158024e-02
4.958804487087022789e-02
2.678155475174715666e-02
2.306599047309037046e-02
6.065161376402904841e-02
1.582765296073208872e-02
1.137755592859961140e-02
2.654590041469385639e-02
2.177741140340768572e-02
8.439609703934291760e-03
5.274980914049356984e-02
2.277964915397120288e-02
1.790797869250971772e-02
1.273743296593715831e-02
4.259213700458341911e-02
5.739579964215885122e-02
2.251154250860920927e-02
1.723026533303708557e-02
1.753435224984564028e-02
3.060790715414902358e-02
2.405097777900512546e-02
4.479167424135759717e-02
4.400031994691447346e-02
3.644442680273542179e-02
