6.560284296949445704e-01
5.960565490477487405e-01
6.706644536425214742e-01
6.001723161996952438e-01
3.627704017397584413e-01
3.337466757513373738e-01
2.016164412798164274e-01
1.613954975336311659e-01
2.575758268763406744e-01
1.035546281191562917e-01
1.410033540283547049e-01
1.613862546525128561e-01
1.660951955096060251e-01
2.037140539888488699e-01
8.280143094995652542e-02
1.233698141479916827e-01
1.175666842244253718e-01
1.116633285759827537e-01
6.956045012817119177e-02
6.887192406250167154e-02
4.115547759414081574e-02
5.551171875453363158e-02
5.430798524950101319e-02
9.118058901967208973e-02
6.347021577526475167e-02
5.253594748710474494e-02
3.661719806327955878e-02
5.337366075026192536e-02
2.816728207668385553e-02
3.110954145820708436e-02
2.994720963294824137e-02
3.370732284728484435e-02
1.806549824675982019e-02
3.777120588150180425e-02
5.172713827895753652e-02
2.888199726611505661e-02
2.090385654293165640e-02
4.064752343267831469e-02
4.278911141461062828e-02
1.954586947050210299e-02
3.654005407630715047e-02
2.375251259405323709e-02
4.840358870907648242e-02
1.478123264923766715e-02
3.262794295257347849e-02
1.456491097317606613e-02
5.670720122722550799e-02
2.903379967596382560e-02
3.030578063209289630e-02
3.106076656264851812e-02
1.506423693748684504e-02
3.568715656045593626e-02
1.359839116615384549e-02
4.398322098083466691e-02
2.741452382009856512e-02
1.155668013028801101e-02
2.057693549002720390e-02
2.760512194630172084e-02
1.600541219001596835e-02
2.218896454588933573e-02
2.187387047688868491e-02
1.686901983807176722e-02
4.108132472159520959e-02
2.013635257575819432e-02
3.015672241628096842e-02
2.672129430359390309e-02
1.719515749223917214e-02
1.757940523026949725e-02
1.974189617184875581e-02
3.180975563400308126e-02
3.302431576870135110e-02
9.875805089067319145e-03
2.083840470158432670e-02
1.794554285395199081e-02
2.975924388593527772e-02
1.516570075910808092e-02
1.404423419108374350e-02
1.751588683038124081e-02
3.143789774527438324e-02
1.995845445274212551e-02
1.222711929615626601e-02
2.346008450217050567e-02
1.546723840574625031e-02
3.559770606662129161e-02
1.331127118699060828e-02
1.160825425951162414e-02
4.053110032526260204e-02
3.112909004687390568e-02
1.131964806253956367e-02
9.941988162092553483e-03
3.689295609732012871e-02
1.059324315445895476e-02
3.964990790499919870e-02
5.009173661412468642e-02
3.392457865151933538e-02
1.047277855933366822e-02
3.101503125333263458e-02
8.765980232021085977e-03
3.294926020911478903e-02
1.334117958310758294e-02
2.026981066137270929e-02
1.182118252848090093e-02
1.075469194665978380e-02
4.995537458896940480e-02
3.501998814218511974e-02
1.145735157228114885e-02
3.282261900599666576e-02
5.048824646785942533e-02
2.145943289328637940e-02
3.252218088541908303e-02
1.482336921761072228e-02
2.209961029271317531e-02
1.096736967181366137e-02
1.184865030157110539e-02
1.314495091746308193e-02
2.041266292060904194e-02
5.746990294514533852e-03
3.134135352063006918e-02
9.073885694082640604e-03
1.662056034212849864e-02
3.630925247783989979e-02
7.451674872861019719e-03
8.574474472201498720e-03
1.451065864084134099e-02
2.824286424144225455e-02
1.510234205296444657e-02
3.785051513310694338e-02
2.687161422321518445e-02
1.163719714713059607e-02
3.061821838189926481e-02
3.222997303860993673e-02
1.925320389229903673e-02
1.798261104797552884e-02
4.484101040698068585e-02
1.600962031598366503e-02
3.653637915800581060e-02
1.326572129150628034e-02
3.069116175587863551e-02
2.549505644181247060e-02
1.158520842869247870e-02
2.206502043080347392e-02
3.202867554364957625e-02
3.576448053173110486e-02
3.914802478722671786e-02
5.064136455189167940e-02
4.286013280937250869e-02
3.577875132214770187e-02
3.943779774598630411e-02
6.141422984386652600e-02
1.291380595707907614e-02
2.057851119333166737e-02
2.728384751124828672e-02
1.359133263927529006e-02
2.107342706359007639e-02
6.259317337751214849e-02
2.593316631467215694e-02
2.435239437032208493e-02
3.665238399976659261e-02
1.346530589123578515e-02
4.715119944565760585e-02
3.350958543277642032e-02
3.478313573264307096e-02
3.005614033789995657e-02
2.901407556329207299e-02
2.289310053667406586e-02
2.184979274451693404e-02
1.838309347456006798e-02
5.697418033100929563e-02
1.664669858009313122e-02
3.484029320956402026e-02
8.054561315882483030e-02
1.672945606808214081e-02
3.136131268274466866e-02
1.218861204876474716e-02
4.896415731651077019e-02
1.790441673510724183e-02
4.551039377651117102e-02
3.211122560532257697e-02
5.627837073442343296e-02
6.615796315330793598e-02
3.681741980599269326e-02
4.166061309074891444e-02
3.340769219473567475e-02
3.914348365639926802e-02
2.273758749621384440e-02
3.041886429343730602e-02
6.961492058348212053e-02
3.080407798285774573e-02
7.135284581286023553e-02
3.404290613164603907e-02
5.711399666236094408e-02
3.557394723852885104e-02
1.589598230453683272e-02
3.424773072119716849e-02
4.540397350527524550e-02
2.407112165149048397e-02
9.138308531662897582e-02
4.861849992073569854e-02
6.129647869255044901e-02
5.799123416745136789e-02
4.374079980458631806e-02
1.759465913751737456e-02
1.230698267589872413e-01
5.683852413249647351e-02
3.043393004116662012e-02
4.634500694593889081e-02
1.058376859619052091e-01
1.427173944242132210e-02
5.348640990600098816e-02
6.914986411517602682e-02
9.574439475614489325e-02
1.079701825902405765e-01
6.150799851249932892e-02
5.249631485431021510e-02
5.528123725542134076e-02
4.093636995741460616e-02
2.687432318295663106e-02
3.911995318870239990e-02
3.611593788009309636e-02
2.789046386985324227e-02
4.221171149420996360e-02
4.995072755209200438e-02
2.960848079238524028e-02
3.041578266086571516e-02
6.081192913181897308e-02
2.199528631968742862e-02
4.263738221363250896e-02
8.414346834049271640e-02
3.923175379874026952e-02
7.392008664930869999e-02
2.204676641592035954e-02
3.760157033648298119e-02
1.020466234027431196e-01
5.552043336907964283e-02
5.084941570618775608e-02
6.791913826362257212e-02
6.332268766066563581e-02
6.551158417763075503e-02
2.207756238538704022e-02
3.804402216369461714e-02
2.970611654309352270e-02
7.026721461771981425e-02
2.385196510483241286e-02
2.274733051772498058e-02
4.131348656768728950e-02
8.639281587198219259e-02
6.678711314165157453e-02
3.380400561146915117e-02
1.479495291441700056e-02
3.932854320254925568e-02
4.042264418217594163e-02
2.304678836821886720e-02
4.118449633927023790e-02
5.238666082625337284e-02
4.832674842068822307e-02
5.009697401489650315e-02
2.569113657916917079e-02
6.290187929524855559e-02
5.710853193744183653e-02
5.987233912264217084e-02
1.187263211300582655e-01
2.913298863737389527e-02
3.348119377661361307e-02
2.592552304112974437e-02
2.668450527433118696e-02
9.351290964640320003e-02
4.107135580548983839e-02
9.034746708883338584e-02
3.936682949760762773e-02
4.560954386019041434e-02
9.890692936565659635e-03
3.216032631467705821e-02
4.514722427054442683e-02
5.424944287073936444e-02
2.447456504925462142e-02
5.251109376340432067e-02
8.897517969676534133e-03
5.733727459382709224e-02
5.184808894482511449e-02
7.701482379072213669e-02
2.122104850406644760e-02
3.360752474262033995e-02
4.554497454328297612e-02
1.856347872530099419e-02
2.591958094992239878e-02
5.325157700389089588e-02
7.136190532976161016e-02
2.900727567260541484e-02
3.186757781475286350e-02
6.106889990114575811e-02
1.762790278524733328e-02
3.774777858112364493e-02
7.153038445115783572e-02
4.285519213025220514e-02
9.611286905352535437e-02
5.260996696444842496e-02
4.546610570290793296e-02
4.970456742234016095e-02
2.142722720859157812e-02
6.230776383841026694e-02
4.060900393181610807e-02
7.421073850642692649e-02
5.169994367980485644e-02
2.290790503113977056e-02
4.650625488970409893e-02
2.655653895840560941e-02
4.831375405182234545e-02
9.100997704312596692e-02
4.044427790265408412e-02
5.104998364371260422e-02
5.809759523293153705e-02
5.409103649886296689e-02
2.240442062309778298e-02
3.488434073266451912e-02
3.486714584185698212e-02
6.308712947239326907e-02
4.087495720420022266e-02
4.422097618619932197e-02
5.739197621302597613e-02
1.719713615017428796e-02
3.010822199273713307e-02
1.852955742575876016e-02
1.750316655177872743e-02
5.645548846559232670e-02
8.497039135861601811e-02
3.557909512861970325e-02
3.908989418809633715e-02
3.648781579832311578e-02
9.920285828000538486e-02
2.133713941003205147e-02
8.532649013871909660e-02
2.483200918886442274e-02
4.234195475216266658e-02
6.164791051401427580e-02
4.014382050655091599e-02
6.807018444785459255e-02
9.474714574089967978e-02
4.540898945281147958e-02
4.454421860312552522e-02
1.888159174932487264e-02
1.094080394557163938e-01
1.061273590201456951e-01
8.015951065977078294e-02
7.785625283288942489e-02
7.784783409292082845e-02
3.210023212123915698e-02
8.747254771658381778e-02
6.962368774542565530e-02
6.354831849330853932e-02
1.076370172176098067e-01
2.081975456911945924e-02
8.132825080443852050e-02
6.386496561159092644e-02
3.502832687543372403e-02
9.587851704923634755e-02
6.823207691585178591e-02
4.571722053114776751e-02
4.557996525727674164e-02
8.389537146223589870e-02
3.529640335932309608e-02
8.504922028541056500e-02
4.410738780686354610e-02
1.058117782045038396e-01
1.248871304312838548e-01
1.317208976300194845e-01
3.982786586501070591e-02
1.310843754023896524e-01
1.396156594665035611e-01
3.881823621979040018e-02
8.451467745543557453e-02
6.781382775656365214e-02
1.239881838550388055e-01
1.665774764930919583e-01
5.403228602008173370e-02
1.279777257089779741e-01
7.213601932449517640e-02
1.485495860994733575e-01
2.061061431974016700e-01
1.668112787500336536e-01
1.250762589417122039e-01
1.413689357870825114e-01
2.247695381815077442e-01
2.217567166047483274e-01
1.378227492666877219e-01
2.124241243471798879e-01
1.892205813953651561e-01
1.160964288857792848e-01
1.463600462939766700e-01
2.118249659515124839e-01
1.881551923958677264e-01
2.088341652830193185e-01
2.214769588991948035e-01
2.087224030172578904e-01
2.645813085482235927e-01
2.321106049177490416e-01
2.868219750254398237e-01
2.478880365746136683e-01
2.398731628792580284e-01
2.616091202198178034e-01
1.893321722231599002e-01
2.667524843032819670e-01
1.762305007713788063e-01
1.222324861322853506e-01
1.080693775673370743e-01
9.072715294918697049e-02
9.602805152181841108e-02
1.894357428406500121e-01
2.231070004751709024e-01
9.582752412530817776e-02
1.057157941291709813e-01
8.213131537916852631e-02
1.526759668833940764e-01
1.849511674237610259e-01
9.183786876426748569e-02
1.220652785115095146e-01
2.860805963024443677e-01
2.021287271645164085e-01
2.800988076274602001e-01
2.160487427984885966e-01
2.360146998684722608e-01
2.163335140351550223e-01
1.229689910884443210e-01
1.383818080389109806e-01
1.952885350263451614e-01
9.572087695130031271e-02
9.333845538136724407e-02
1.295719870608277036e-01
1.668960834824378403e-01
7.657177413749022277e-02
1.665898177492191878e-01
1.744554257093318683e-01
1.622995493924636601e-01
1.248565088171638554e-01
1.049331222762046323e-01
9.590035801325166864e-02
8.585198006341505927e-02
1.105178599231065317e-01
1.229327927525980108e-01
1.793474208930378455e-01
2.279786190658222023e-01
8.432239889109145736e-02
1.143577661024490766e-01
8.086201839789308732e-02
1.150465664188432963e-01
4.515629593129814878e-02
1.278032786311286140e-01
1.322374628081786907e-01
1.083533567752713034e-01
6.546795170760771887e-02
8.281051740781340820e-02
9.699824562472195155e-02
1.012372534331466983e-01
4.811029113674638452e-02
1.365390921519461231e-01
1.266066569943040954e-01
9.052387808753795118e-02
1.836485981523753863e-01
5.317361929558296618e-02
2.133069582798472752e-01
1.841474189215986657e-01
1.982196026045414117e-01
1.069446491664361731e-01
1.355284474430774322e-01
1.462765048165306225e-01
1.082392010834283269e-01
1.973954246035037885e-01
1.350231005159512332e-01
1.326843099752095800e-01
1.336858882470007281e-01
1.840990324636732900e-01
1.106126550034978034e-01
1.132187470674854424e-01
8.050400208469189745e-02
8.525935130812813123e-02
7.247003089216849658e-02
9.050541653431574962e-02
7.709732733262845972e-02
7.133662368032619994e-02
6.873602585449362090e-02
8.401456880093688406e-02
1.324831887635706251e-01
8.546984756431233454e-02
9.948328776729889467e-02
1.149958984463080591e-01
1.310442261368175154e-01
1.009724062356706642e-01
6.389437622360304159e-02
9.628191540752660538e-02
1.372058461429588039e-01
1.336742653429493499e-01
1.420778549921350997e-01
1.726569031338174021e-01
1.634433306158169785e-01
5.582453211498278334e-02
1.959475817764458616e-01
2.166837822939893521e-01
1.534595499283456232e-01
7.869979001893286086e-02
1.226642055808696563e-01
6.553413981022143675e-02
9.359720677571144176e-02
6.992560838417084812e-02
1.014181197295411646e-01
6.966271497359192988e-02
1.097496200048580089e-01
1.421762025289767528e-01
2.095611749199256524e-01
1.633443158361009562e-01
1.510867114064747274e-01
1.415423044519140139e-01
2.326760551795357679e-01
1.612342504160065026e-01
1.975754164264821033e-01
1.855951690273194843e-01
7.968181191905747418e-02
2.001807548354445354e-01
1.667313263914278199e-01
9.128276873022989069e-02
1.267065025193424010e-01
1.730287669556652697e-01
1.312812196029780609e-01
4.840469248453185824e-02
7.446235384775330701e-02
9.453922552739747742e-02
7.219495426921065939e-02
2.117012948707367725e-01
9.836647976529690196e-02
8.758808539518060654e-02
1.065911259409067086e-01
6.810171706818010651e-02
1.097640353239825867e-01
1.066750912228192488e-01
5.712039372849524177e-02
1.476429130847105031e-01
1.425323680658343584e-01
1.760776249133324256e-01
2.606567398057397233e-01
2.552575430824658431e-01
1.564750335687290494e-01
1.865597850664773849e-01
1.654512327493823931e-01
1.313009542988506362e-01
1.346066534782155710e-01
1.831507918296532422e-01
1.522253922572403273e-01
1.994459415952949954e-01
1.379130081695037480e-01
2.176101773160812325e-01
2.840461207742076000e-01
6.106220080838933167e-02
1.707635629955232548e-01
1.880732663759098200e-01
1.390539341349344149e-01
1.666149389599524411e-01
1.234912859947560337e-01
1.309901363519087869e-01
1.085474200198489197e-01
1.625830210081830596e-01
1.650425548051164537e-01
2.134845330986092637e-01
1.697186148896504820e-01
1.598954406204728396e-01
1.766867694248426823e-01
1.114338151272030175e-01
1.829178364985230010e-01
1.528196082946610412e-01
2.835347073787130578e-01
2.132039995938463661e-01
2.602217374402430172e-01
3.397004531913882519e-01
1.409206862088609735e-01
2.497024733111554151e-01
2.185217443017293815e-01
2.974601842720354106e-01
2.887177343417530739e-01
3.424975350846172217e-01
3.592859133446096309e-01
2.017548436691264935e-01
2.845201771964975812e-01
2.490120160078739264e-01
2.630761757652013699e-01
2.935673530098206752e-01
3.257727635961310542e-01
3.315911250983303860e-01
3.504640432597745936e-01
3.720800558372444056e-01
3.623777864857671838e-01
3.476716555911537054e-01
3.666588464400452607e-01
3.503575996401081527e-01
3.674642113607510807e-01
3.766248289500407354e-01
3.398622260700637221e-01
3.623521375806196265e-01
3.681040980793836570e-01
3.545989756579900343e-01
3.623410222184021978e-01
3.656542124139522953e-01
3.659411312450444043e-01
2.853634912583813410e-01
2.613833522759135830e-01
2.845268425269510959e-01
2.014338984482645367e-01
1.357136939240190243e-01
1.794741575701550851e-01
1.668594699543871629e-01
2.831938696292541913e-01
2.754034140064224867e-01
2.691187993270158230e-01
2.638670273778940811e-01
3.282806700283891210e-01
2.819069427640769065e-01
1.971690330904479760e-01
3.209332827999083482e-01
2.854650695249232872e-01
2.617888186446930554e-01
3.540287400674381746e-01
3.606313037030616786e-01
2.863495494774895289e-01
3.282714192323578084e-01
3.452771822922753309e-01
3.132773957215487792e-01
3.008075723800064383e-01
2.902652362659624008e-01
2.405778578661091072e-01
2.211261144259986378e-01
2.492359465524975060e-01
2.200510859092420501e-01
3.151863776568967768e-01
2.952827686060814916e-01
3.056856048039254814e-01
2.578039488378499056e-01
2.293783219554010044e-01
1.409047393067423826e-01
1.504324991808313472e-01
1.640214060774615457e-01
1.917906246178038288e-01
2.762648366311390991e-01
2.868063160569577219e-01
2.759905966185172699e-01
1.994942618881745122e-01
2.086850415073506770e-01
1.985913266589037496e-01
2.945606983107436072e-01
2.519351645180634147e-01
1.069187643668141618e-01
2.635407142495148070e-01
2.070398273690695901e-01
2.478761059445145354e-01
2.678565750898747599e-01
3.059477985625471685e-01
2.709489889587904377e-01
2.315218240909365788e-01
2.428880553596183822e-01
3.343737852499129581e-01
3.098286695000621038e-01
3.399557509906087072e-01
2.665991240519786087e-01
2.609485651501174397e-01
3.564892477230513501e-01
2.376376394269726910e-01
2.659964297548685352e-01
3.280869582920653005e-01
2.984097964427919747e-01
2.228694548518389551e-01
2.451051450044573476e-01
2.425617181501486808e-01
2.675882502210700231e-01
2.849841017189422288e-01
1.581748462332674132e-01
1.815151465404944986e-01
2.323376608754847417e-01
1.942051930083026900e-01
2.243338377858023480e-01
2.222898781402325996e-01
1.141782101209752875e-01
1.497278439278210416e-01
1.098396519271276628e-01
2.074179848124180214e-01
2.737593920194827390e-01
2.748355654411479554e-01
1.446273998214957779e-01
2.263371672228665088e-01
2.209683894810151039e-01
1.797071935360882167e-01
1.952116319163907932e-01
1.750969126433753464e-01
2.595814109093139144e-01
1.602372849143356426e-01
2.128152629899309478e-01
2.511795288717870167e-01
2.485561890718975819e-01
1.975245910735887456e-01
2.127407566508204284e-01
2.787719715044090218e-01
2.778642963694864521e-01
1.994752606664686179e-01
1.925945493147703524e-01
2.690869011795546939e-01
3.074995549094879377e-01
2.160228727915549096e-01
1.507027340916149982e-01
1.766993653842144074e-01
1.482553692989197758e-01
2.423819614862522676e-01
2.596847443327832683e-01
2.898754478284665259e-01
3.107370662929450633e-01
2.836874029011017817e-01
3.277581193871665355e-01
2.161433048059622497e-01
2.497677800571385387e-01
1.666329623172445595e-01
2.635735229818482184e-01
2.549799472232101016e-01
2.258171071520095885e-01
2.628342946038340067e-01
1.692236966620117855e-01
2.787317089950795412e-01
2.655509756124632137e-01
3.098217261625113572e-01
1.850646794393303596e-01
2.221850047368340020e-01
1.255645836598205667e-01
2.090710472030929967e-01
1.957380001750634868e-01
1.371481499583206420e-01
1.447034588599272475e-01
1.677291904941426159e-01
1.502595974520200550e-01
2.154974144752533904e-01
1.514295134157172262e-01
1.788455361587542314e-01
2.958574622307326707e-01
3.005983731232804157e-01
2.526586353338988178e-01
2.308789026081747020e-01
2.846385588157176461e-01
2.736056203399271358e-01
2.678442914909136552e-01
2.567595670359957283e-01
3.455030402921847044e-01
3.137353386498944463e-01
2.300742715304586183e-01
2.591972449603142103e-01
1.808050862764234712e-01
2.628127100885209733e-01
2.657130070211022321e-01
2.988325795487892789e-01
1.284898095463199164e-01
2.955464673107912610e-01
3.390914974636544676e-01
2.751052409663860554e-01
2.620625760050633302e-01
3.269240672483887389e-01
2.100380591330414659e-01
3.477879192871169423e-01
3.315513101655758188e-01
3.003971255922520123e-01
2.691261935326789700e-01
2.656987016836388493e-01
2.710362000773616775e-01
2.493038912634510385e-01
2.027621837821580175e-01
2.963514944802908557e-01
2.790726150897144264e-01
3.275657835981818367e-01
3.071848607330875947e-01
3.514810947905000482e-01
2.877634474369416551e-01
3.501435261582546143e-01
3.165636755607201258e-01
3.561784421469875728e-01
3.627443431245431782e-01
3.274309603659013579e-01
3.372682294927161761e-01
3.590343374770398333e-01
3.188553439038638304e-01
3.767686773598591943e-01
3.497103012790678256e-01
3.343764992676894754e-01
3.622329463677659844e-01
3.670892794113773672e-01
3.669802338664464036e-01
3.749232918661137282e-01
3.749343410074198468e-01
3.807680680705867182e-01
3.725575087155891807e-01
3.700358875115506985e-01
3.656156306018984448e-01
3.772410500775383868e-01
3.820903389758139590e-01
3.748746584321309139e-01
3.781193881934290513e-01
3.805268883426358162e-01
3.730824548631234139e-01
3.679839878335302017e-01
3.710687957896229849e-01
3.675227540000205462e-01
3.756257140069744205e-01
2.348878738015467149e-01
