6.428865136720481877e-01
5.797731894149039666e-01
6.502878161445997396e-01
5.555349640415183643e-01
3.752160236168690099e-01
3.359041646631779066e-01
1.993359920626738280e-01
4.549725079673375694e-01
4.208172115464294816e-01
1.516433164385284083e-01
1.273087951526181982e-01
1.372052558335219719e-01
1.553266506604187303e-01
1.879995870257359369e-01
7.543187235643088184e-02
1.174754610894250123e-01
9.562008849854192194e-02
1.103786023894330059e-01
6.194769328923237228e-02
4.066356350203691183e-02
5.307342080698436437e-02
6.420242037845289018e-02
4.541896824110641662e-02
1.095603138369185131e-01
2.692327629691024932e-02
5.220091881709086612e-02
3.603206479463304940e-02
2.540542608048654977e-02
2.534485948445872050e-02
2.994163629806855312e-02
3.312513182010577706e-02
1.792118867382910125e-02
4.058510197389983420e-02
5.445944395271836574e-02
2.810205703101927022e-02
2.062932611335031516e-02
4.033345793940969898e-02
4.332573837426217239e-02
1.944534506872580906e-02
3.511856550525699339e-02
6.045508259363709808e-02
4.931423575113224461e-02
3.163633239738889574e-02
1.454103997546288968e-02
1.441102844267956075e-02
1.921651141063326559e-02
5.663846445708221183e-02
3.013931510994652743e-02
3.091144048553072857e-02
2.216497306102105033e-02
1.273297814894893201e-02
3.338468037764309726e-02
4.118707255428417924e-02
2.729213107665742766e-02
1.143880759665202862e-02
1.933069783754539153e-02
2.742518393171228600e-02
1.549594071769675764e-02
2.205338418850542187e-02
2.143266967160487035e-02
1.633529962526038271e-02
3.968557466939259815e-02
8.107137278580636361e-03
1.938667468607139024e-02
2.993137511554534030e-02
2.599205355147625462e-02
1.769662731420831511e-02
1.742417973881851823e-02
3.165831220734326157e-02
3.326043860651119871e-02
1.914319234351416488e-02
9.732133097715481990e-03
2.034471949139152538e-02
1.739403437135352351e-02
2.968308000156707691e-02
1.576567849382300851e-02
1.372766154711428828e-02
1.702347558126124372e-02
3.127770863112504934e-02
1.989153986783517847e-02
1.213882363224897190e-02
2.332894479701238047e-02
1.524542770900849838e-02
3.407136250445370190e-02
1.316439135639217717e-02
1.145956021409876013e-02
3.933566147437220911e-02
3.036656697978228070e-02
1.112876157643750800e-02
3.662062153107209506e-02
8.182399319699436985e-03
3.004417950436172671e-02
7.445731248611372512e-03
4.358367579396944108e-02
2.665346732972007429e-02
8.832898079241938150e-03
2.622645436940991906e-02
8.709801406429028975e-03
3.800606292569945477e-02
1.406233633480725824e-02
1.108931252903197322e-02
1.234546237155626121e-02
4.932738106892751995e-02
1.992416703256386437e-02
3.133278237016364626e-02
1.087992101275093645e-02
3.508358531937504771e-02
4.181908813862519197e-02
2.153576656427100625e-02
3.823515240533710557e-02
1.475489997493736015e-02
2.177949186634348458e-02
1.170279933108129070e-02
1.086747185479952464e-02
1.290386087914334977e-02
3.114755861163897438e-02
1.964749175088682798e-02
5.688579204878806660e-03
1.624430135384669419e-02
3.610585327792141530e-02
8.884584210310282268e-03
7.373606695490209258e-03
8.446820734026831354e-03
1.498682515479338347e-02
2.738326944999673954e-02
1.447334248997414821e-02
3.805885066863810839e-02
2.679017554695002634e-02
1.154540308875949724e-02
2.887400284759406716e-02
3.212179410459740925e-02
1.895150638150270087e-02
1.236905563055304066e-02
4.209741652821152869e-02
3.877958179872625227e-02
2.140671918009983896e-02
1.374856720189895735e-02
3.019116069000246996e-02
3.729452543641425394e-02
2.210941581440032527e-02
2.422964513692223848e-02
1.722916702809997036e-02
1.092090051555011897e-02
3.689523148387208878e-02
4.815143350064092498e-02
4.247224437289611604e-02
3.736117436440016676e-02
3.955035859597268166e-02
6.015956362219575942e-02
1.286892863586051004e-02
1.931363126407930134e-02
2.668548366616171202e-02
1.310612138906133706e-02
6.076473021681687292e-02
1.902794286851408959e-02
1.917522617931244344e-02
1.676607136428041184e-02
3.608343699500218826e-02
1.393817224427851276e-02
4.686707547872793339e-02
3.233643263957471786e-02
3.027591550670296477e-02
2.944665095154609322e-02
2.641411328709489595e-02
2.075726016442087929e-02
1.665227496819492517e-02
2.110688476759333895e-02
5.670365456561572010e-02
1.544901818006313987e-02
7.861163998857795265e-02
1.887499832508282571e-02
3.332396596171518371e-02
1.508972753200942332e-02
3.211727091402284684e-02
4.530744365477312047e-02
1.157153889862413097e-02
4.288246397936160137e-02
2.612620774707920604e-02
6.937697532212197538e-02
5.829473858549081428e-02
3.024858235722635916e-02
3.892599350138034597e-02
3.496709738003610929e-02
4.250494400937349787e-02
2.438819287113919154e-02
6.506646685400845065e-02
2.754209473859886917e-02
1.482554155298349691e-02
6.238885851228063301e-02
3.336711404655691438e-02
6.413942063284262807e-02
4.149141459506968527e-02
1.745175525519059717e-02
1.600185115363377680e-02
1.564735938591693687e-02
2.160286443681691537e-02
4.355445865193525307e-02
2.994520771025719827e-02
3.675174578178521528e-02
8.567045340851794921e-02
2.591933072496795457e-02
3.402334867183688660e-02
4.811633195707100408e-02
7.523103217732629577e-02
5.133282872807849728e-02
1.717801836204892879e-02
5.551348891916688816e-02
1.061495091327276097e-01
8.673183727336686299e-02
4.304981425902645181e-02
6.107930606025743780e-02
5.734337310053268244e-02
4.337533338656811288e-02
4.928258858720384328e-02
3.497347104641522486e-02
4.925000480984901424e-02
3.493202405929659443e-02
4.060984645214651967e-02
4.089622856323421596e-02
3.354225190293008002e-02
2.928357137555815531e-02
2.271412021682631815e-02
2.528133824828366141e-02
3.496334079710383680e-02
2.719569399663594386e-02
7.088115837486624882e-02
2.927635774838547450e-02
5.886253168752429710e-02
6.975722008433427046e-02
2.019722004826611517e-02
8.266067865586090857e-02
1.765039721156798705e-02
5.992517487760094796e-02
6.369807834641984245e-02
6.131667825662100862e-02
1.039693849451452656e-01
1.159363577621728703e-01
2.199530636057435082e-02
3.275273626564987467e-02
2.833147532996092496e-02
4.688619750793009827e-02
4.349858232539389330e-02
8.500982995665032349e-02
1.107245594550473194e-01
3.866061517106817585e-02
1.873051820516111535e-02
7.609430104295666908e-02
3.214498161490925848e-02
4.197762551248608587e-02
1.170804732281482442e-02
3.217391286924475152e-02
2.192133271245635256e-02
3.498448936160972189e-02
4.136049883089675666e-02
4.581878525758358023e-02
1.785762072977590403e-02
4.052877112505946094e-02
1.496483601523324915e-02
6.936727689604924030e-02
2.128095930791502194e-02
5.507491376632758090e-02
5.126242178863083671e-02
2.030749861356798136e-02
3.882966434077606693e-02
1.608257562589743977e-02
3.612179549499185127e-02
2.942100965837454382e-02
8.681443022667682807e-02
1.280136981131411653e-02
5.220245440392649178e-02
3.800915813328796522e-02
3.287307662845197209e-02
3.592867254412851485e-02
1.979547768408632460e-02
3.823059091254189107e-02
3.360610847691339331e-02
4.617803289017768931e-02
4.233232064170214248e-02
4.762001862540841263e-02
2.198977740485380875e-02
2.466525953906613389e-02
1.640342760216447968e-02
7.314127611168300125e-02
2.800463642158766350e-02
5.439635634582881685e-02
1.652116839310150895e-02
1.991431757691083937e-02
3.976783818634972018e-02
7.540994376663270882e-02
1.705510308388405449e-02
1.828323545003329373e-02
6.190679603281432075e-02
5.757886173931885121e-02
3.420043547045409360e-02
3.521253122312328898e-02
9.329742614562032410e-02
4.122746294342995166e-02
5.599499814799840935e-02
3.426668451492884127e-02
2.077305441099951480e-02
1.950074040874839182e-02
5.008869940973584289e-02
2.783222478542142844e-02
4.487717359626836738e-02
5.445027167221498654e-02
1.561094375906085102e-02
2.669893611018583218e-02
7.327927074908981153e-02
3.478295902819499019e-02
6.125716328466612043e-02
5.695013165234342339e-02
1.777761759975548389e-02
4.973338726028218859e-02
2.104244466707072200e-02
3.649985451664721631e-02
1.697411929911306350e-02
1.676881893156740091e-02
1.817946594331576460e-02
6.089115723472527525e-02
2.105826965021586825e-02
1.530908209871858876e-02
3.973496336599544737e-02
3.097772800274588637e-02
4.930349906589668457e-02
1.187788920443679300e-02
7.712649244818721439e-02
4.207091459605181299e-02
3.057496524732802520e-02
2.789765741649178482e-02
6.001647572966514743e-02
7.485644970059836256e-02
2.182893463307011145e-02
3.798860513633492419e-02
2.965642558359781605e-02
2.676220420540769210e-02
4.353398605660863813e-02
8.754877802034094492e-02
3.470855805069484462e-02
1.323878316811767479e-02
4.262167774906345380e-02
1.459242050268766584e-02
3.218282547342170286e-02
6.390634992931497338e-02
5.254093237289836349e-02
4.464249628610547638e-02
3.968450841975568189e-02
8.522828130311030370e-02
6.779770079279115458e-02
4.606326802045697388e-02
6.829150088771672455e-02
9.420325452066319327e-02
6.739672968862664426e-02
1.947933553579389923e-02
1.452733405521401504e-02
6.014646995005368951e-02
5.500377273181202703e-02
3.645534475049789364e-02
4.322588465252104328e-02
8.263522063656951466e-02
2.963589185734360337e-02
6.033795824589659879e-02
5.401103655404470433e-02
3.940813485055995324e-02
6.749341644147455188e-02
3.272390413885750693e-02
3.311490975954620164e-02
8.947170785070554522e-02
6.036141095491819736e-02
3.691463796150474402e-02
1.069281241836650548e-01
3.500622974463067638e-02
3.363357934463567095e-02
3.723128674942031285e-02
6.052947478031631828e-02
5.561099001315251977e-02
5.455396972342747147e-02
8.981935229132947951e-02
7.974995306179651078e-02
6.173066083295775802e-02
8.006060660335387325e-02
4.583358707430455758e-02
2.876555048122956398e-02
6.138471607834512789e-02
7.937043283668342164e-02
5.259844974380004784e-02
6.237556743922200581e-02
9.339458044056844765e-02
7.778479539074750759e-02
8.965194153628532059e-02
9.297046896028193785e-02
8.838374601633512684e-02
9.677302717363034379e-02
7.278715429518101132e-02
1.257587634713242530e-01
1.491302930126330861e-01
5.112940446973160413e-02
5.977420104683987823e-02
2.852454786884775842e-02
7.676614759565220103e-02
5.463569972383446050e-02
3.361056641955938173e-02
6.966005483996040581e-02
4.997010285568309618e-02
7.989479343912384013e-02
8.598104757649964458e-02
2.642262876968658192e-02
8.973946503577644174e-02
3.384802335018657904e-02
2.301785549874801537e-02
7.510163848690083743e-02
2.734003036876691758e-02
5.497445273245953057e-02
5.343234576141303593e-02
1.085736515596482932e-01
3.188550009777435523e-02
1.503192750292497819e-02
5.220102886612321136e-02
2.276436876221734490e-02
3.800281222728549291e-02
3.191687331844536568e-02
1.329397966334759096e-01
2.373116041350895392e-02
1.255568336363999948e-01
6.221477531066495203e-02
1.218758780825978522e-01
2.706021608363360850e-02
2.840512839724720906e-02
9.491598406075513195e-02
1.035250317647389701e-01
8.900564953802206358e-02
4.944912484614482490e-02
1.242851184987760378e-02
4.607066653636730097e-02
8.068920488458818097e-02
6.255802875681536201e-02
5.423452819324122570e-02
5.037117053603546585e-02
7.343880907700212068e-02
3.920040875079564002e-02
5.845991116628643236e-02
1.687264696917561632e-02
6.386489137928880178e-02
9.781350424111057151e-02
6.000072162114391400e-02
4.675459106700943085e-02
4.202547643970384189e-02
6.132934044673629681e-02
7.874474279056756232e-02
5.450552616602314521e-02
4.603789696659606190e-02
6.702282602589380855e-02
4.924404561356997972e-02
9.498153592983744897e-02
5.148460889447859651e-02
3.839780008463614808e-02
3.615962075676562582e-02
1.144344722891275923e-01
1.122561692195595123e-01
4.873645170896704487e-02
1.170404778062565238e-01
6.807507440082323502e-02
4.747197336134524603e-02
8.044112258364889689e-02
4.707809427801842167e-02
2.300760157288160926e-02
7.632312613243771859e-02
4.020432802878357026e-02
6.500814062279910988e-02
3.850347929308036571e-02
1.294464377513485920e-01
4.841182746872277343e-02
5.104790127391162224e-02
1.063693643696623642e-01
5.492787460575575958e-02
7.417126369532810182e-02
1.168183321665280522e-01
9.836218174742453191e-02
7.713692865491547646e-02
5.721424514228388991e-02
2.049333437531476385e-02
1.031446368043983652e-01
1.094794733037268569e-01
1.175394145665501766e-01
9.570233526932338253e-02
1.113742530981128437e-01
5.285627471727675358e-02
9.721974275156905487e-02
9.761772038582716693e-02
7.432439788087173704e-02
3.699506284175986537e-02
1.059315898606317391e-01
9.679543135098389595e-02
1.179172005273793206e-01
2.296656787591191962e-02
6.973225068429546314e-02
1.160420638830421541e-01
1.224213297485985119e-01
8.220037535650341620e-02
4.717369961034841019e-02
1.308863728732198584e-01
6.216740573009887916e-02
1.508000559971507670e-01
7.598452990875233237e-02
1.095421882504982181e-01
2.159487922016224415e-01
1.125571156683227159e-01
2.140752715807366924e-01
1.672430324564833648e-01
5.588650005210762245e-02
9.579227374436932729e-02
1.275752719369663002e-01
9.937332434004270132e-02
1.203752978082190811e-01
1.452816049562510869e-01
7.906370472881797673e-02
8.448006243036411400e-02
1.983930830532020240e-01
1.473999206351175317e-01
1.495381513706397492e-01
7.538279971459645179e-02
1.336829699691388929e-01
4.323194946195983018e-02
1.749411950134651950e-01
1.259779453236609115e-01
7.260105769956783084e-02
7.888580647003018420e-02
8.306621278771365857e-02
7.100576835214797433e-02
1.089274427023582265e-01
8.319126002975013590e-02
5.630712984807632188e-02
1.788518385943249633e-01
1.008576939469739697e-01
9.701742559399660626e-02
3.519974560016175813e-02
1.180916232033759200e-01
6.745479560291346710e-02
1.279486938619715797e-01
1.381223209139907093e-01
1.500644348526711247e-01
4.351022922867744946e-02
6.851216789690665887e-02
1.690800032850792445e-01
1.609465382054089677e-01
1.856082738047813985e-01
7.601343684445262261e-02
3.873515100772684933e-02
1.779583358154768480e-01
1.554525998549019794e-01
1.281277229672053986e-01
1.743397106376160799e-01
1.871005375487139188e-01
3.669122340476191346e-02
1.159473506468558096e-01
7.230521737177934838e-02
7.936292356487474609e-02
7.466253230315901546e-02
8.573058102244759948e-02
7.448803875880909142e-02
7.870957326608478410e-02
1.708801061166817792e-01
1.848331409144047810e-01
4.444252377228020273e-02
1.664919761533397990e-01
2.137572632527557359e-01
1.727867608362443352e-01
1.706775194180358002e-01
1.253058036541708498e-01
4.281875885887576061e-02
1.388075273386883413e-01
1.196035548315199232e-01
9.279405440716990972e-02
1.722367703911366066e-01
6.990500445000671914e-02
1.015128398797636444e-01
1.656513540033724419e-01
1.349096004008157879e-01
7.468672477897973783e-02
9.949580578931882524e-02
5.179698173745492240e-02
8.871523026919043986e-02
4.453078852177954489e-02
7.146330834918178387e-02
6.572067437395059941e-02
3.001695653697158961e-02
8.619008756414238415e-02
3.029194032083359217e-02
3.905290231620996144e-02
2.729186445435903205e-02
4.544713455882776892e-02
7.295710714744524372e-02
2.417759395503218597e-02
6.018769586286805418e-02
2.347060544146075539e-02
2.495142940240501969e-02
2.443389657924895098e-02
2.058320707046660397e-02
2.550611376209402717e-02
1.413663093699644817e-02
6.152611291178414904e-02
5.234135169804838422e-02
4.702034017424063655e-02
5.842603898215778524e-02
3.323778364434346738e-02
3.512802717630568450e-02
7.437702626850169196e-02
2.216186205063893841e-02
4.996182123602450204e-02
4.894437415538636232e-02
4.425334934337477044e-02
8.338322497233957575e-02
3.339329472482947814e-02
1.029405297851172102e-01
1.449272459411650726e-01
8.345082458725888719e-02
1.418153440861975034e-01
2.521002048844860066e-02
1.477461075695144233e-01
7.814827198942579656e-02
1.385612802270947408e-01
1.065995349522211727e-01
1.548429223306312663e-01
2.122857457192570685e-01
1.063211491655321611e-01
1.034011056625516456e-01
1.188104135317997606e-01
4.904539283787270887e-02
1.657334489717736115e-01
1.454849052197953740e-01
7.336321174910710730e-02
1.012689147855626859e-01
1.268770768911171298e-01
1.096181778605852253e-01
8.632943470249640483e-02
8.835282193152728392e-02
8.602776160696716523e-02
8.717886653344510128e-02
8.802497605483680654e-02
7.660569366990604978e-02
1.021110626404281574e-01
6.589373131969301911e-02
7.775864891184733341e-02
4.927960396125436598e-02
1.225998171203580012e-01
1.164478256779055559e-01
5.109892164994170316e-02
7.495294423170234532e-02
7.542534358283731200e-02
1.134392452603740498e-01
9.226183670268978121e-02
9.566381816903019031e-02
5.273873529067755334e-02
1.091206391483111326e-01
3.527272119582775672e-02
9.937218986692732126e-02
4.094083327362021962e-02
1.736232618738959288e-01
2.057866179679171681e-01
1.137579501351462935e-01
1.578668278604268282e-01
1.484202506091059637e-01
1.785886763895920548e-01
9.037883825463360887e-02
2.039127541854435510e-01
1.923670221364099375e-01
1.023784786943305325e-01
1.044788254406309180e-01
1.789154875225039965e-01
1.384460758396839353e-01
9.452054475215737606e-02
8.887373537132432777e-02
7.164351028064197546e-02
1.003970736604193614e-01
1.071867642956101374e-01
1.137857137577426708e-01
1.163875617821851088e-01
9.697929232500286656e-02
1.378462455490779559e-01
8.364560966620994409e-02
1.125133278154102495e-01
6.623826089878227796e-02
1.340027906457792184e-01
1.701872718331222945e-01
1.438617104460863383e-01
8.713748254005984628e-02
9.894418067245577819e-02
1.299353771199850405e-01
6.076335092944389060e-02
7.966106645410589437e-02
1.122528757957199363e-01
1.412887634950131532e-01
2.001993440802813107e-01
1.357037523404972801e-01
1.778240542328226592e-01
1.353126645120425742e-01
2.060094724904645846e-01
9.296361807117729803e-02
1.660659600306606254e-01
1.282230466937670232e-01
1.681930637041209875e-01
1.894514157076618854e-01
1.389160749838021514e-01
8.217025773721524373e-02
1.673917324914845073e-01
7.911380497170908410e-02
2.601633820960296828e-01
1.830462477642242902e-01
1.807046280222441015e-01
1.990403189747530777e-01
5.862496950085839542e-02
1.181870454303847462e-01
1.823550209728921623e-01
2.076123575377035180e-01
1.071273628412244272e-01
1.584680062806036738e-01
5.304449540224635828e-02
1.722428441244068242e-01
2.061632142954837876e-01
1.527236274544829242e-01
1.650783511387445279e-01
4.779203799691934818e-02
1.519293829828203823e-01
1.993872886329766947e-01
1.557922358452301370e-01
1.020233367679029696e-01
2.013512885328790636e-01
1.650348748308968216e-01
1.104081264677965885e-01
7.940900176497070473e-02
1.290884204017157810e-01
1.236820395861647770e-01
8.696619709945796473e-02
1.033370698590290043e-01
9.717354207804934640e-02
1.575454845488448996e-01
1.560300114637820368e-01
1.041854617263793248e-01
7.810868002806833910e-02
5.875743567018214958e-02
7.330113105689735342e-02
6.862912563463123561e-02
3.550058092995279913e-02
9.793709696149688337e-02
1.018821912809947522e-01
3.638455465423374308e-02
4.196624732172619249e-02
4.854666166043466319e-02
6.113895555911709467e-02
7.011499598637759012e-02
5.850112745159398442e-02
5.240798876144964896e-02
5.930496258066968174e-02
5.952583151545765699e-02
3.993358206873925953e-02
6.657559238929591783e-02
5.918589990016144553e-02
5.747661171806048297e-02
2.624910895393207586e-02
5.553449047156326646e-02
3.604616292302378899e-02
2.034290697788694244e-02
5.001650667711234760e-02
6.426311181324274868e-02
8.334335288454954027e-02
2.391212121483330191e-02
3.714270975712492123e-02
8.894134801941785962e-02
3.248010184098510528e-02
7.184275115994900873e-02
2.936417559220909357e-02
4.730153405340109529e-02
4.940095049676009042e-02
3.866403517547700036e-02
3.791466795729494382e-02
5.182873664532794411e-02
3.407239211179283189e-02
2.608313502365143879e-02
4.337113011725240996e-02
5.171817046189719491e-02
1.540960248236821102e-02
2.821737121547274879e-02
1.233611130403321730e-02
2.669865424583903885e-02
2.527045997554595858e-02
1.892798769988537910e-02
2.503277257222119925e-02
3.084001745903783981e-02
1.893078993626306356e-02
1.620432732654453201e-02
1.240167464315112059e-02
1.245056550832628756e-02
1.317601637342055709e-02
2.504268041078559770e-02
1.469607639292183458e-02
1.502836881279099451e-02
1.174290112069185932e-02
1.244008283084362294e-02
7.046256100793380460e-03
1.613441101520331558e-02
6.238399933196664415e-03
1.636563774730128915e-02
