6.456238170271304255e-02
1.030466297364611428e-01
1.047847154013574755e-01
9.202164606801783997e-02
1.103466053604531399e-01
7.828770664534166757e-02
8.946139106180547862e-02
1.074855646597033532e-01
8.687426812124157682e-02
9.275588017239735916e-02
1.009427483443301188e-01
7.090166881849627178e-02
9.524008451710647138e-02
9.428031396063821234e-02
1.103441769281466173e-01
1.137206626052273961e-01
7.177142098766649270e-02
8.590748044281545925e-02
1.057505686515733401e-01
8.148476429036334567e-02
