1.200308964553618574e-01
1.194873560952829927e-01
1.139154814741209221e-01
1.457680763465213081e-01
1.389308254923372898e-01
1.352833692512518671e-01
1.258976307604396383e-01
1.129600052961449580e-01
1.147844721100293730e-01
1.316030330318977704e-01
1.181605105393223332e-01
1.318478213281372158e-01
1.249337623205814540e-01
1.429530260834885325e-01
1.253674932059404001e-01
1.128006071465394999e-01
1.270876257898737594e-01
8.323084631406550693e-02
1.185852279616464167e-01
1.209651341646898054e-01
