2.498268989032363108e-01
2.308164420855721988e-01
2.307349798087327819e-01
2.483108338413425875e-01
2.510176069578582414e-01
2.441785527990305016e-01
2.432680646059367235e-01
2.399950915035628796e-01
2.601738433513568483e-01
2.305501410727283096e-01
2.385601853746282253e-01
2.375519096179832534e-01
2.570619502239233634e-01
2.631443273662694149e-01
2.528229820084979540e-01
2.565483153112163572e-01
2.517860745655470800e-01
2.393185984640283648e-01
2.518801857538361944e-01
2.415920057365189832e-01
