1.509811701149694207e-01
8.813367230428589827e-02
1.508198925956517611e-01
1.582216398996221518e-01
1.566820421841243760e-01
1.276783898655820537e-01
1.194508549836277855e-01
1.090038437332875171e-01
1.530046114689248282e-01
1.603117752207608715e-01
9.068377400954368006e-02
1.557060343979590755e-01
1.254035734286530201e-01
1.482619114683081107e-01
1.550529465537816842e-01
1.424917872889844561e-01
1.592398171835652521e-01
1.485493532669270589e-01
1.561932826547005881e-01
1.268527759701521263e-01
