2.209863150566496459e-01
1.874305617221436737e-01
2.325699969256892485e-01
2.090546873960715812e-01
2.231337000082840583e-01
2.080457995921055625e-01
2.231024385211779204e-01
2.311921800089060675e-01
2.121733169252642270e-01
2.169017755945496784e-01
2.333934337955386462e-01
2.121418190595394104e-01
2.048334710377013590e-01
2.080370402752961534e-01
2.059661865830759442e-01
2.093653367939733168e-01
2.217454470191411731e-01
1.864798608800658508e-01
2.241332406700067004e-01
1.894628148575406013e-01
