8.017012796976571987e-02
8.078227029883010279e-02
7.833754738323107925e-02
9.095209523725271417e-02
7.577447481658663997e-02
8.286247666797114109e-02
8.139987871266032848e-02
5.962928344127487595e-02
8.241213280700332433e-02
8.381899481773075200e-02
7.597578391776622919e-02
7.738144938025949549e-02
8.320360637229327894e-02
7.617332059040531067e-02
8.857653229030211517e-02
7.166098900106269987e-02
7.801973867118777717e-02
7.918327716653227044e-02
8.646248980434184661e-02
8.060172803011905751e-02
