1.217414323283930316e-01
1.252570191550336776e-01
1.156869498534055796e-01
1.175668974440113451e-01
9.434120414588262338e-02
1.082930836179551992e-01
1.290188964119160508e-01
1.214647315635684344e-01
9.959447718210082123e-02
1.266604127552260484e-01
1.250877815513473379e-01
1.320146942945577828e-01
9.697164577283812203e-02
9.415411171852959560e-02
1.225577209450978422e-01
1.168198408737689126e-01
1.328876221396195767e-01
1.115145912229096314e-01
1.326331508980997109e-01
1.110281805225596385e-01
