2.526479006046499984e-02
2.487637017770123748e-02
4.811333150764859901e-03
1.679242900396222399e-02
2.460478263576825267e-02
2.230743626239148347e-02
3.551162979907363654e-02
1.496916896877272148e-02
3.223499832666464754e-02
3.240680372688203859e-02
1.528588463956522848e-02
2.287415837419265463e-02
2.712038633601121865e-02
3.057826490985473405e-02
1.497826305458449178e-02
3.710627887094446881e-02
2.271354196331538955e-02
2.550809916546198375e-02
1.379843213039535707e-02
1.460303732454393787e-02
