2.212886515680680122e-01
2.001241771322238572e-01
1.661573000402052358e-01
1.844807322555838680e-01
2.115111664463595886e-01
2.118531886657486207e-01
2.099068082163445814e-01
1.817805866888845545e-01
1.974533297964274348e-01
2.099097595396035854e-01
2.268276296955407945e-01
1.896826514598570212e-01
1.993166865566569634e-01
1.779651517844240138e-01
2.088018955145615196e-01
1.535343471002652282e-01
1.769867474519902506e-01
2.137705372417170735e-01
1.934236315283981433e-01
2.019139800174934718e-01
