6.555769596249730324e-02
7.087701511463456727e-02
8.936374726063572860e-02
1.011783927240722664e-01
9.915287563169822294e-02
1.090288842552994825e-01
9.550905993658999338e-02
1.047526907810206187e-01
1.063370485106153729e-01
1.158813293080500212e-01
1.074899220066335565e-01
1.146237236076347310e-01
8.092524491002238418e-02
9.852961651896315065e-02
1.128423842795690663e-01
7.103044339545808161e-02
1.145736908316462854e-01
1.016091705960594505e-01
1.028128395783882848e-01
5.861159257862582489e-02
