1.792517729448077357e-01
1.735989202573234857e-01
1.853822239330885080e-01
1.703668236889813448e-01
1.462359409798148213e-01
1.494115805243249884e-01
1.806116929152812578e-01
1.593287633568680750e-01
1.767306726125244531e-01
1.516762346619258406e-01
1.594283087264217746e-01
1.739860124257894547e-01
1.762931533412965823e-01
1.934157351899002120e-01
1.145346643880863075e-01
1.779753746094553390e-01
1.605690247922947622e-01
1.745141721460403694e-01
1.581076138103403583e-01
1.578270324118453416e-01
