5.400917650782698781e-02
3.468619248512462561e-02
7.719815998820368091e-03
1.937018155839339423e-02
3.337591245951963131e-02
2.992946768374488142e-02
6.262387893314108611e-02
6.865441911474909342e-02
2.631834400925100667e-02
3.837064612348650011e-02
3.012998831844267492e-02
3.079719157300725429e-02
4.015920765534172071e-02
3.025927902971311048e-02
3.236755050929746025e-02
5.765233954805958766e-02
3.983515850826346849e-02
5.695346703153359585e-02
4.203126170751047413e-02
5.753728668603307755e-02
