5.868107729871095690e-02
6.756440045275065309e-02
6.930974494093256055e-02
5.298160750689209081e-02
5.425299055584684865e-02
6.398755898419475341e-02
5.775176235381873635e-02
8.838876106516065090e-02
6.827689807458810212e-02
9.618855932155864763e-02
5.566856664532809917e-02
6.869958826654132267e-02
6.712467679861071346e-02
8.240625207351354176e-02
7.620600241051875279e-02
6.639993717057668388e-02
4.893084092961180048e-02
5.839157877689117593e-02
5.767883320381858581e-02
6.983634253835981076e-02
