1.420371409662392892e-01
1.299733763123994690e-01
1.635644991791499747e-01
1.411626017719833370e-01
1.271926303305266903e-01
1.473206075825397587e-01
1.195162988683370620e-01
1.246525589243952237e-01
1.451394892035179907e-01
1.482261829594358760e-01
1.296868167297987873e-01
1.424056893843904381e-01
1.171892274844331810e-01
1.458289913539959626e-01
1.005246411988628963e-01
1.109570428433348244e-01
1.219892550679307630e-01
1.303056506428832695e-01
1.066382569082244269e-01
1.228859944965105672e-01
