1.106248395899726567e-01
2.283092017203797452e-01
2.059963014701997608e-01
2.118048584773616905e-01
1.945522983883782586e-01
2.189802194193596341e-01
2.176859236898522343e-01
1.747727884707173107e-01
2.131385622010194270e-01
2.212725015661940187e-01
1.837787580919464647e-01
1.917874846278992684e-01
2.020514999441345438e-01
2.286649676375518969e-01
2.164702775920188671e-01
1.803998333000970400e-01
2.041736946362941729e-01
1.529881617168032393e-01
2.002563834812686461e-01
1.896817774048039362e-01
