5.403767009823634559e-02
4.759388053143892572e-02
5.386806692211466158e-02
3.418588701547983083e-02
4.576356721953344503e-02
4.112836572464746709e-02
4.952246037291266334e-02
4.924158924722148167e-02
4.701037091674398205e-02
4.822496878338849297e-02
4.728204353855336439e-02
5.445543997684190035e-02
5.522716499904663928e-02
5.124404722982372345e-02
4.392690157146427604e-02
5.512845548164061610e-02
5.069380314351882438e-02
5.130088473322468035e-02
5.063793609559334719e-02
5.604612417416459519e-02
