1.190251079405339474e-01
9.174235131214800165e-02
8.012469780251878226e-02
8.287141396488342804e-02
7.208212381683462566e-02
9.678875239565212785e-02
1.017510494843813784e-01
9.405002091637530703e-02
7.843482375662592931e-02
9.412198454232903466e-02
9.958657202756412974e-02
8.949250638552487536e-02
9.436153870168818847e-02
1.101182795703519735e-01
1.072733930179470552e-01
1.047427680181739207e-01
1.029659269422822793e-01
1.065992413501887642e-01
1.150722901451072394e-01
7.131732196314058414e-02
