3.143793983528327396e-01
3.247163785774906941e-01
3.262762873923622520e-01
3.247442562332605309e-01
3.285171357357579702e-01
3.298356398269614576e-01
3.271810049850944480e-01
3.231848572699029254e-01
3.228102569089758567e-01
3.247524025461373531e-01
3.289516691290257366e-01
3.250984921450976728e-01
3.234054315853622241e-01
3.142268290091022598e-01
3.213150199213637426e-01
3.246147839783378175e-01
3.202905955732597287e-01
3.307580511320442618e-01
3.259793813075012037e-01
3.142040117090715290e-01
