6.827123283468319870e-02
3.518981562079807196e-02
4.238227442211838641e-02
6.651648269344213882e-02
4.703902405791517138e-02
5.950880806997350253e-02
6.194289765756159916e-02
4.460515288204943557e-02
6.209884571767823602e-02
4.303326290010065641e-02
6.792046134114666789e-02
5.620208424517888351e-02
7.195905214718467668e-02
6.859930636185603003e-02
7.135885854833350084e-02
4.450331579144681249e-02
4.683058059950064023e-02
6.795673547733591113e-02
4.654017436454632728e-02
4.443806574485384409e-02
