1.369224606920367293e-01
1.008341032755622479e-01
1.520436691302149423e-01
1.386910201399366716e-01
1.378954439476473837e-01
1.468911089516688195e-01
1.398432124896159534e-01
1.316834632253589266e-01
1.523164263480763225e-01
1.358568418728018090e-01
1.544091278085682473e-01
1.509167508228856924e-01
1.169319781006933900e-01
1.154445344500306253e-01
1.401246320927023170e-01
1.572260044703670534e-01
1.628023164043100879e-01
1.264852812860176312e-01
1.318561490224776644e-01
1.265114201824518170e-01
