1.948701430978326266e-01
1.921429545588979326e-01
1.950417741454380238e-01
2.226279353933263705e-01
1.956116874762343083e-01
1.831244369136181271e-01
2.071576463842435822e-01
1.751146788647111041e-01
2.044896052140269815e-01
1.953891218185829226e-01
2.160777487400255270e-01
2.064534767241482660e-01
1.665560977590448688e-01
2.244893135305725818e-01
1.981780581116203976e-01
1.919720854258330223e-01
2.110320174416508154e-01
1.679838648099926113e-01
1.895510962912259900e-01
2.264012261339282406e-01
