2.369643085581498998e-01
2.377378545772745322e-01
2.090473198258895882e-01
2.390922258764655028e-01
2.357155368966870890e-01
2.484312043356114164e-01
2.380212456966658841e-01
1.925890011198406471e-01
2.039490784045798477e-01
2.234964501593464659e-01
2.560922469846245164e-01
2.186148612462662233e-01
2.045368337890442478e-01
2.488810890277348697e-01
2.318276773844336613e-01
2.378336045757110107e-01
2.452452269837326615e-01
2.469904520264417092e-01
2.417181678569221559e-01
2.111086135386270879e-01
