2.101309040788915394e-01
2.275362107229477460e-01
2.228068094290225898e-01
2.251339373903205598e-01
2.241490208507299076e-01
2.209962657109034168e-01
2.243775540157139925e-01
2.225612177199142172e-01
2.253190943375592004e-01
2.153666239706110430e-01
2.303707757575567117e-01
2.342189527274746719e-01
2.303655711095753400e-01
2.194231514958724094e-01
2.108092672689134972e-01
2.168405882676684993e-01
2.207672727819181002e-01
2.027444443989677159e-01
2.035286885688706304e-01
2.368773454590357708e-01
