2.257153006580884247e-01
2.448857759307554727e-01
2.167617931891895888e-01
2.308592225534283615e-01
2.334841917821928181e-01
2.042065993522897138e-01
2.395001026673035938e-01
2.132872494826033583e-01
2.183287468543549936e-01
2.221149564083558792e-01
2.351358458720524680e-01
1.859191388670611844e-01
2.480543206346841889e-01
2.366620162624936130e-01
2.340369191107787294e-01
1.904427531436894139e-01
2.316894474485144406e-01
2.325681375172472809e-01
1.914177648786337949e-01
2.290822635596461987e-01
