8.891334278054716100e-02
3.145452145163148139e-02
8.493211075903334129e-02
8.310173719743457754e-02
5.279882729762385568e-02
8.226425383104847555e-02
5.129286394036275398e-02
5.551501930996555895e-02
1.097502118054736880e-01
7.845129890266111516e-02
4.306837967926101934e-02
7.582349271524668755e-02
7.598817366184228150e-02
9.211436818195339882e-02
8.891881299172967046e-02
9.485284226589239809e-02
9.054647728468336043e-02
1.059101442276384059e-01
8.883652583625739618e-02
7.886985290978017205e-02
