4.359007732072478492e-01
3.882004494855076926e-01
3.879197639387134688e-01
4.366850764665597406e-01
4.168626081508159942e-01
4.175561214473969551e-01
3.979144931506534699e-01
3.986244848970770804e-01
4.359382626285353002e-01
4.357000349032398856e-01
4.366680436769651008e-01
4.106624185495298396e-01
4.095016797766435901e-01
3.721447787393472040e-01
3.745630915754091239e-01
3.808391736136099714e-01
3.796045735424572465e-01
4.196518169434168000e-01
4.193501059857398516e-01
4.351383439463687441e-01
3.900364153702555736e-01
3.891377799191546027e-01
4.366300632550456085e-01
4.369639263452772537e-01
4.020616216475566551e-01
3.993794726348021684e-01
4.341419514416178793e-01
4.312574301055524528e-01
4.281273478516937070e-01
4.288100188296450344e-01
4.298066455994671298e-01
4.043061916409022016e-01
4.086857985745111499e-01
3.776810510625009942e-01
3.777133233652596456e-01
4.247312471815470891e-01
4.243214580567982730e-01
3.826882634374112468e-01
3.839821819020025617e-01
4.093786300075396567e-01
4.047244694993205605e-01
3.935987992333116470e-01
3.962075196205865901e-01
3.668641945414768402e-01
3.902113078027731885e-01
3.734713690587354584e-01
3.693722613743363192e-01
4.253375983354662493e-01
4.179087780614840208e-01
4.077434039362553553e-01
3.704610564797304884e-01
3.751333228029331002e-01
3.826953858854180712e-01
3.800277147815344092e-01
4.175329038381897506e-01
4.182841089448502414e-01
3.484979774216597215e-01
3.660537005028144386e-01
3.676484627318956644e-01
3.725812509482893664e-01
3.965190056027784737e-01
3.816463945942393243e-01
4.115406975046954630e-01
4.291392696491422853e-01
3.884305726793121361e-01
3.834017009866926839e-01
4.221591570096240309e-01
4.098398373989714516e-01
3.694476559171275265e-01
3.658024298376272854e-01
3.566477499697793818e-01
4.533439753146370488e-01
4.542323297529524684e-01
4.204690466877947785e-01
4.187111321512201889e-01
4.327379212437409417e-01
4.346690432255593817e-01
4.076761763961562757e-01
3.915462186299963898e-01
3.888211528574817000e-01
3.904281704877187176e-01
3.949633889164846923e-01
3.978136871310412048e-01
4.556667713674455444e-01
4.410067550787913349e-01
3.909879773841957173e-01
3.769656133708394474e-01
4.255685457469425836e-01
4.057572546940645397e-01
4.122793161509475390e-01
3.694443748409261818e-01
3.692560652026706802e-01
3.621002987389889127e-01
3.723267188593585852e-01
4.238651964590266497e-01
3.986963863178802914e-01
3.816425915306979610e-01
3.650427087256782333e-01
3.919196901607430727e-01
4.193460778340066253e-01
3.313007358281679360e-01
3.594877820938468527e-01
3.564387778219650360e-01
3.386815042046074087e-01
3.727023939466831415e-01
4.014469353742652347e-01
4.056554834729227954e-01
4.020290186860411286e-01
4.049567381715968306e-01
4.071998870938440263e-01
3.988917230909928002e-01
4.052518305697910272e-01
4.132377910316319958e-01
4.238389932895085810e-01
4.154989901021526877e-01
3.877384888239137073e-01
3.924234695356244029e-01
4.169312465908686094e-01
3.514298086071609983e-01
3.558252924710468834e-01
3.625661679560963080e-01
3.677609078147291988e-01
4.020497932157400256e-01
3.415109167289357428e-01
4.041738780783157847e-01
3.668290239710474410e-01
3.867515685685801730e-01
3.893609875612928373e-01
3.902682720246793413e-01
3.997226770152719766e-01
4.216581302208475268e-01
3.844468471546286237e-01
3.599833357792818211e-01
3.485636032488853564e-01
3.577342984581565744e-01
3.426191314906091856e-01
3.620652159453713881e-01
3.717196081779116645e-01
3.934070582018586726e-01
3.662465691066780216e-01
3.659284051042407948e-01
3.872861599027416224e-01
4.138714185393310707e-01
4.148315870276957917e-01
3.755253529452494687e-01
4.007420434923963937e-01
3.643920629565918778e-01
3.527349890028974588e-01
3.599253673516580876e-01
3.779680022844923992e-01
4.009539054965052807e-01
4.033903443130363864e-01
4.017032540973268229e-01
4.120169682276206835e-01
3.946479608323045229e-01
3.766477043894831955e-01
3.724608016961595269e-01
3.448730007912355622e-01
3.571281131306562884e-01
3.971104327892672203e-01
3.550321324437842874e-01
3.645889596797847187e-01
3.608114348074965561e-01
3.278410634511945143e-01
3.220497926470807237e-01
3.538872727283302044e-01
3.607449853372621251e-01
3.462486734028956681e-01
3.520290499071974666e-01
3.405620716729286235e-01
3.731684611581976285e-01
3.535876176322582665e-01
4.049185227553311894e-01
3.879061014696838505e-01
3.956603086883240250e-01
3.563547898267622749e-01
3.421939504759882178e-01
3.658442146326956190e-01
3.820164681695547571e-01
3.892736518378847599e-01
3.610739782947041121e-01
3.538572068020122141e-01
3.451346921458072203e-01
3.243835427737226107e-01
3.826752303322209503e-01
3.561762936285829961e-01
3.589345079541704231e-01
3.634969600653195632e-01
3.424141432578514666e-01
3.447312867787164503e-01
3.606461450659096402e-01
3.619766852297281456e-01
3.511431047771964575e-01
3.731716667746826643e-01
3.694241602276342462e-01
3.590709357619921160e-01
3.632662383895962632e-01
3.464230672358448726e-01
3.741758104902397908e-01
3.566029888270204062e-01
3.593795211234808162e-01
3.796838363789812321e-01
3.678239636501800525e-01
3.383622703881476457e-01
3.458485504073876560e-01
3.897515242792314871e-01
3.322318014130187236e-01
3.446715889201965033e-01
3.595809790833131570e-01
3.161564723925515685e-01
3.098671184014637481e-01
3.082412259449796021e-01
3.361540723812762033e-01
3.440778082033463248e-01
3.416802196764971433e-01
3.304452352571224383e-01
3.413600678928765397e-01
3.394356788195207475e-01
3.363953392527546660e-01
3.298569969351387576e-01
3.309798393000464301e-01
3.540142208953740433e-01
3.466550981424246225e-01
3.563735449360608820e-01
3.330867290018949545e-01
3.862519148331363117e-01
3.592123149639379620e-01
3.557453986962553771e-01
3.480091161752111306e-01
3.572423904165762942e-01
3.187071542540029223e-01
3.157004237501014887e-01
3.311376905939841797e-01
3.261405283691727330e-01
3.422694887236031880e-01
3.088725757686230922e-01
3.502559010904798820e-01
3.261851356177689620e-01
3.299201467060686177e-01
3.426938894907112787e-01
3.317623952337118154e-01
3.696981916465517104e-01
3.301740380144655429e-01
3.417013166446747352e-01
3.459087623383166887e-01
3.254193970277678427e-01
3.001893584118240366e-01
3.117714730044290339e-01
3.502271473153621417e-01
3.350193685518081943e-01
3.220732314847538080e-01
3.320409187579195232e-01
3.139279892303624697e-01
3.476452932503106830e-01
3.254826012009401359e-01
3.325178110365900053e-01
3.036123802428867813e-01
2.945985315793851478e-01
2.823214688880864576e-01
3.129534243701961871e-01
2.990090819210519113e-01
3.134592034159919827e-01
2.669593164797775531e-01
3.321860555504032031e-01
3.326828859707939290e-01
3.453182489026759283e-01
3.357537109250317564e-01
2.947645469464579837e-01
2.746294122097646673e-01
3.289877663149965992e-01
3.563907995971466458e-01
3.488773644995175616e-01
2.786473508643204089e-01
3.271903763918597718e-01
3.493571447061742385e-01
2.511447555710270563e-01
3.031318730341337475e-01
3.071302755449244470e-01
3.144279378916409184e-01
3.076413154155294705e-01
3.250283589415655650e-01
3.516575043691093638e-01
2.121717187053406284e-01
3.268233442941367861e-01
3.235032172247900295e-01
2.925301696540454910e-01
2.934341717302689223e-01
3.271112510441613330e-01
2.737951850615747973e-01
3.387442813886888948e-01
3.086184559556285345e-01
3.285023440748578993e-01
3.009035347850238518e-01
2.923604579083531330e-01
3.376299178911251753e-01
3.289859589962568220e-01
3.084785230745936135e-01
3.118054394386492456e-01
3.265289361547596969e-01
2.584894403719082967e-01
3.036267368483976936e-01
3.196364480796951568e-01
3.548791027277669596e-01
2.650394994968213180e-01
2.602116072088346832e-01
2.660372136093344664e-01
3.096518272240662562e-01
3.118306232413400880e-01
3.276580429453490040e-01
2.927185312714282728e-01
3.320024944968317238e-01
3.252270603465704513e-01
3.432905174772450940e-01
3.331138884226040320e-01
3.350449226399885849e-01
2.849440805214390471e-01
3.093326296899810424e-01
3.157201976381447950e-01
2.636767126068486622e-01
3.215960297445246696e-01
3.185797950859695638e-01
3.138173012299088072e-01
3.963706725416824561e-01
3.224057189415350244e-01
3.208822300102491254e-01
3.166687520130816447e-01
3.229217099484283926e-01
3.343087364820512275e-01
2.940954720243227349e-01
3.199857153999373649e-01
2.329742424003851398e-01
3.035899896955388533e-01
3.264118740567568122e-01
2.849902394881508316e-01
3.320979917506354795e-01
2.694027667989635777e-01
3.098295439167251808e-01
2.872328339716784806e-01
2.454681974504692721e-01
1.877360720441909048e-01
2.397327796578648806e-01
2.149002097927133759e-01
1.912904569921320130e-01
2.580593859613855012e-01
2.261513048228049882e-01
2.194857320897475317e-01
2.019217010649141109e-01
2.889764280544648289e-01
2.602185081118410515e-01
2.091108964442946472e-01
2.704464314925970614e-01
2.143481485030387101e-01
2.126110876600144639e-01
2.636664651756380207e-01
2.392870084963857891e-01
2.488727817096758055e-01
2.687258058799544824e-01
2.631915238165412063e-01
2.688366316609738793e-01
2.492477607369994741e-01
2.075338650216646541e-01
1.909502533050965178e-01
2.623191194820460037e-01
1.628980622889441565e-01
1.793580418488499029e-01
1.620553362839384781e-01
2.945189939503404242e-01
2.156041617049148651e-01
2.006382100039300620e-01
1.897913319953444256e-01
2.141245887770979739e-01
1.906702718165934063e-01
1.601973727546099902e-01
1.735627689042928412e-01
2.250698565514274718e-01
2.167688500337713597e-01
2.076124216426592783e-01
1.822721639250502457e-01
2.099089258026201610e-01
1.714132631238073634e-01
1.813109164009024665e-01
2.045048616918376527e-01
2.036546399908202576e-01
1.754311708583055629e-01
2.575183516077284018e-01
2.226299014433618106e-01
2.299193773491904347e-01
2.454857370679613404e-01
1.692244289595733475e-01
2.007941453902542528e-01
2.546056979029209244e-01
2.039110082201896490e-01
2.017449233668584807e-01
1.945719479825725184e-01
1.889180512362201858e-01
2.103724176858811079e-01
1.771307572341820347e-01
1.975917072027443822e-01
1.987919793849745043e-01
1.521342235964834866e-01
1.961874704647164624e-01
1.885921588748385724e-01
1.924037315857215491e-01
1.834843824587823469e-01
1.701692316450574838e-01
1.778052010882149592e-01
1.805815555320203769e-01
1.558665713847903478e-01
2.027534718430248906e-01
2.183181560023396139e-01
1.995257787506640179e-01
1.889438131793418074e-01
2.077459867248133418e-01
1.848637730996874895e-01
1.818273397112828704e-01
1.824455878917426443e-01
1.831754701703592336e-01
2.397137416561976320e-01
1.726783486836192816e-01
1.690717793068519104e-01
1.503294007024357226e-01
1.771790999431178681e-01
1.653296590520030862e-01
1.689890999783605907e-01
1.902705296799130363e-01
1.667036719835594261e-01
1.478483835658833401e-01
1.755705712904452598e-01
1.609413005854321010e-01
1.700295014753678280e-01
1.523313640499829869e-01
1.577401768402275362e-01
1.746492689169640566e-01
1.704928000929919196e-01
1.543439809525760653e-01
1.632319196151686413e-01
1.716390472602131456e-01
1.455250589913388293e-01
1.580880795891559387e-01
1.652247249310301591e-01
1.388788227857114810e-01
1.662103144893697093e-01
1.756603300283069991e-01
1.446556281186098525e-01
1.550162317362970554e-01
1.592386395342552385e-01
1.392634906444364662e-01
1.679392226992391657e-01
1.592996752051081821e-01
1.589664178645909809e-01
1.632931903711955790e-01
1.557761487271749623e-01
1.428320710173632824e-01
1.516629002318612973e-01
1.686390858115270619e-01
1.572513659330011526e-01
1.398451391277384936e-01
1.451086507351375399e-01
1.599548638713473581e-01
1.393949877560447248e-01
1.440261077862412531e-01
2.034246151096556765e-01
1.500863682960608403e-01
1.272836566518650014e-01
1.472870674218183795e-01
1.289451426225638742e-01
1.372478154762727387e-01
1.555435442753197728e-01
1.346199711746622341e-01
1.384599917020465087e-01
1.421646908605932735e-01
1.242454005479605161e-01
1.315840046413598030e-01
1.392631227017571138e-01
1.103251856427270999e-01
1.483143714820263637e-01
1.363750749912920612e-01
1.559615711988832643e-01
1.204428994264606506e-01
1.153124185407175678e-01
1.328017177953484396e-01
1.335661283633395313e-01
1.065099365414828303e-01
9.962357127916871002e-02
1.193923257593738491e-01
1.254362850018340692e-01
1.108429026835489467e-01
9.812062586336486869e-02
1.350214976576282200e-01
1.195707846151454479e-01
1.278368351262047509e-01
1.405481344677977917e-01
1.038058059956622481e-01
1.165289140306479676e-01
1.444185850575008812e-01
1.572786917809925467e-01
1.535580192376594377e-01
1.161185507118124433e-01
1.518656249723839835e-01
1.101238189584724803e-01
1.151877923179209645e-01
