2.172155210605624664e-01
1.821372048562165114e-01
2.266763673209253871e-01
1.682254338294397467e-01
2.017639046862005348e-01
1.840326560305237669e-01
2.001039437569988588e-01
1.885580242103160886e-01
2.005437279359436054e-01
2.102313777864618372e-01
1.786639002213304961e-01
1.632969561749956777e-01
1.407577865184894417e-01
1.797706917067655730e-01
2.142626598541038652e-01
1.534157459046058269e-01
2.122717333417264707e-01
2.056133285587095072e-01
2.005427728528126341e-01
1.635325950872716927e-01
