1.994834616027290897e-01
2.105261268174419831e-01
2.255733812970452390e-01
2.242733051056483851e-01
2.322746244440447305e-01
2.072974978382091937e-01
2.225866683921549904e-01
2.113721434145272582e-01
1.947046017954179031e-01
1.912033977313404576e-01
2.289480789569110775e-01
1.884425559183465215e-01
1.755521433343738003e-01
2.043207108154389828e-01
1.886238605554232672e-01
1.950521461616548380e-01
1.807291731341421348e-01
1.921711732500677450e-01
1.901903703963155334e-01
1.945672948571247340e-01
