4.428101687681753051e-01
3.802378226516986981e-01
3.800879627380806536e-01
4.428228715162277895e-01
4.424667899276206184e-01
4.424933583495156419e-01
3.795122586436734946e-01
3.798728322411217273e-01
3.827723373047728916e-01
3.826919749854201802e-01
4.427780923680226799e-01
3.990401451465087623e-01
3.989866574551249601e-01
3.791615385811898387e-01
3.800405895652331223e-01
4.077825175087325671e-01
4.078318889322929408e-01
3.835225080315645130e-01
3.835514963380775022e-01
4.428089020385665431e-01
