6.744118069969335938e-01
6.743150914355432457e-01
6.741575091213152238e-01
6.739441896912872210e-01
6.736817807059225505e-01
6.733779963005617208e-01
6.730411362627997107e-01
6.726796241953540978e-01
6.723016036093640846e-01
6.719146172246940329e-01
6.715253805644515461e-01
6.711396485256666544e-01
6.707621644862562515e-01
6.703966761346559222e-01
6.700460002286863226e-01
6.697121191153627695e-01
6.693962941293569724e-01
6.690991840706610461e-01
6.688209601984781427e-01
6.685614121254482844e-01
6.683200414369286912e-01
6.680961417268218572e-01
6.678888650559625662e-01
6.676972756863337466e-01
6.675203924264495603e-01
6.673572211347598149e-01
6.672067789570189644e-01
6.670681117886304579e-01
6.669403063033244594e-01
6.668224977120799091e-01
6.667138742344166369e-01
6.666136790912802201e-01
6.665212106740548981e-01
6.664358214093664134e-01
6.663569157256041819e-01
6.662839474338296819e-01
6.662164167591761998e-01
6.661538671983826543e-01
6.660958823314863109e-01
6.660420826782094128e-01
6.659921226612898204e-01
6.659456877176400669e-01
6.659024915815234813e-01
6.658622737527585267e-01
6.658247971539623666e-01
6.657898459749085340e-01
6.657572236981124103e-01
6.657267512968365608e-01
6.656982655953604944e-01
6.656716177802390888e-01
6.656466720511370339e-01
6.656233044000046117e-01
6.656014015073956624e-01
6.655808597457262277e-01
6.655615842794061487e-01
6.655434882528337148e-01
6.655264920578928267e-01
6.655105226730375634e-01
6.654955130669989449e-01
6.654814016607499827e-01
6.654681318418548264e-01
6.654556515259040239e-01
6.654439127603993809e-01
6.654328713667763129e-01
6.654224866167129937e-01
6.654127209392741715e-01
6.654035396559178084e-01
6.653949107403618335e-01
6.653868046010824600e-01
6.653791938840193376e-01
6.653720532936083787e-01
6.653653594302754160e-01
6.653590906428498153e-01
6.653532268944427619e-01
6.653477496404188729e-01
6.653426417174883589e-01
6.653378872426493063e-01
6.653334715212658734e-01
6.653293809633081812e-01
6.653256030070248128e-01
6.653221260494532885e-01
6.653189393830547527e-01
6.653160331379860404e-01
6.653133982295051929e-01
6.653110263101191801e-01
6.653089097259582418e-01
6.653070414772001007e-01
6.653054151819639550e-01
6.653040250436925707e-01
6.653028658215581759e-01
6.653019328036495761e-01
6.653012217828987440e-01
6.653007290353496472e-01
6.653004513007930720e-01
6.653003857654610220e-01
6.653005300467240701e-01
6.653008821797032901e-01
6.653014406055489660e-01
6.653022041614716775e-01
6.653031720723252551e-01
6.653043439436593376e-01
6.653057197562259883e-01
6.653072998619042888e-01
6.653090849809051299e-01
6.653110762002418799e-01
6.653132749735287677e-01
6.653156831218901557e-01
6.653183028361200346e-01
6.653211366799566262e-01
6.653241875945209438e-01
6.653274589038454812e-01
6.653309543214827038e-01
6.653346779582151038e-01
6.653386343307944317e-01
6.653428283717081060e-01
6.653472654399212871e-01
6.653519513326050516e-01
6.653568922977395328e-01
6.653620950476061280e-01
6.653675667730217791e-01
6.653733151582447158e-01
6.653793483964882682e-01
6.653856752058010526e-01
6.653923048451430011e-01
6.653992471304807088e-01
6.654065124505096351e-01
6.654141117816886331e-01
6.654220567020782129e-01
6.654303594034393088e-01
6.654390327008066208e-01
6.654480900387360620e-01
6.654575454930985456e-01
6.654674137669429612e-01
6.654777101790398941e-01
6.654884506427279911e-01
6.654996516328127720e-01
6.655113301371651247e-01
6.655235035894354612e-01
6.655361897778997449e-01
6.655494067248159951e-01
6.655631725289044009e-01
6.655775051620985705e-01
6.655924222095775944e-01
6.656079405391602810e-01
6.656240758831717397e-01
6.656408423113717721e-01
6.656582515683980850e-01
6.656763122425285450e-01
6.656950287238264652e-01
6.657143998992611778e-01
6.657344175183192991e-01
6.657550641451949192e-01
6.657763105907029688e-01
6.657981126879255473e-01
6.658204072375221161e-01
6.658431068989816293e-01
6.658660937397546942e-01
6.658892110687029131e-01
6.659122530684457031e-01
6.659349515920738316e-01
6.659569592911807057e-01
6.659778279757389008e-01
6.659969807476158188e-01
6.660136759621126945e-01
6.660269604080375494e-01
6.660356081847612630e-01
6.660380404950004829e-01
6.660322198212529354e-01
6.660155095034480111e-01
6.659844862844451763e-01
6.659346884979098213e-01
6.658602755940785656e-01
6.657535646820469388e-01
6.656043953121435486e-01
6.653992527648959765e-01
6.651200496313213195e-01
6.647424210831585079e-01
6.642333247364025084e-01
6.635476429828501832e-01
6.626233535963561572e-01
6.613746526633070832e-01
6.596821784805474431e-01
6.573792177724393504e-01
6.542325710458344323e-01
6.499168868862201798e-01
6.439824215591515300e-01
6.358198082035373400e-01
6.246342633948618328e-01
6.094595424689086549e-01
5.892703923164516189e-01
5.632785561637897453e-01
5.314731424825052120e-01
4.953084433227527006e-01
4.581472904235584509e-01
4.249212647598539228e-01
4.008920259121393492e-01
3.901501150146436392e-01
3.946112937109033103e-01
4.136409131755499624e-01
4.441152230595165618e-01
4.810593893079319061e-01
5.190256189291632127e-01
5.536732058632558573e-01
5.826351235566195053e-01
6.053744303678021410e-01
6.224911411828253360e-01
6.350399035021540017e-01
6.441024332623651594e-01
6.505992882517213083e-01
6.552452512184328004e-01
6.585686687260030592e-01
6.609499129167690779e-01
6.626592822245154224e-01
6.638879123867846843e-01
6.647709684512420614e-01
6.654043303839632939e-01
6.658563437210913705e-01
6.661760131973383237e-01
6.663986983136452880e-01
6.665500765967731223e-01
6.666489114526397142e-01
6.667089952741653835e-01
6.667405219731379340e-01
6.667510629656626664e-01
6.667462659821706827e-01
6.667303588989895724e-01
6.667065154851629094e-01
6.666771226807588491e-01
6.666439771716952123e-01
6.666084308507967959e-01
6.665714990814067820e-01
6.665339417164620750e-01
6.664963240392811628e-01
6.664590628193366451e-01
6.664224612706846074e-01
6.663867356923737217e-01
6.663520358423863366e-01
6.663184605678069694e-01
6.662860698281621863e-01
6.662548939641217416e-01
6.662249408548052143e-01
6.661962014502611495e-01
6.661686540497609998e-01
6.661422676086768968e-01
6.661170042909952960e-01
6.660928214345951393e-01
6.660696730581341374e-01
6.660475110095256390e-01
6.660262858337041569e-01
6.660059474200011875e-01
6.659864454764142794e-01
6.659677298676139889e-01
6.659497508455067827e-01
6.659324591950965821e-01
6.659158063131873639e-01
6.658997442338717709e-01
6.658842256116493941e-01
6.658692036705556871e-01
6.658546321257637901e-01
6.658404650828010363e-01
6.658266569180641969e-01
6.658131621433301950e-01
6.657999352566352780e-01
6.657869305804740012e-01
6.657741020884526684e-01
6.657614032206525811e-01
6.657487866878103455e-01
6.657362042639860533e-01
6.657236065671177094e-01
6.657109428266609896e-01
6.656981606372517346e-01
6.656852056970289366e-01
6.656720215291919152e-01
6.656585491850001146e-01
6.656447269262416588e-01
6.656304898850421425e-01
6.656157696984769112e-01
6.656004941153943477e-01
6.655845865723626353e-01
6.655679657354326428e-01
6.655505450042311644e-01
6.655322319740700765e-01
6.655129278520030001e-01
6.654925268216368428e-01
6.654709153515060427e-01
6.654479714410135305e-01
6.654235637974555972e-01
6.653975509368369456e-01
6.653697802006509621e-01
6.653400866797405389e-01
6.653082920357373808e-01
6.652742032093414970e-01
6.652376110037936385e-01
6.651982885305989246e-01
6.651559895033639647e-01
6.651104463646551057e-01
6.650613682263826210e-01
6.650084386220757038e-01
6.649513129682267376e-01
6.648896159308964604e-01
6.648229383121658786e-01
6.647508338576543219e-01
6.646728155435330798e-01
6.645883516424951898e-01
6.644968613396927681e-01
6.643977099418186816e-01
6.642902036134025190e-01
6.641735836195391540e-01
6.640470200227887032e-01
6.639096047984999194e-01
6.637603443241675283e-01
6.635981512038843233e-01
6.634218353848659877e-01
6.632300945950553306e-01
6.630215038833972008e-01
6.627945044524213847e-01
6.625473920535157601e-01
6.622783038718664805e-01
6.619852053217002430e-01
6.616658764089820011e-01
6.613178964837416185e-01
6.609386313606990804e-01
6.605252151141870476e-01
6.600745393453245624e-01
6.595832380192380162e-01
6.590476752930634063e-01
6.584639366140834227e-01
6.578278205894223518e-01
6.571348390636839731e-01
6.563802202852682122e-01
6.555589205639970052e-01
6.546656485364447109e-01
6.536948965951264734e-01
6.526409952626142097e-01
6.514981800471540963e-01
6.502606838119873167e-01
6.489228571714251714e-01
6.474793159873479809e-01
6.459251211749081900e-01
6.442560040490852291e-01
6.424686201138247732e-01
6.405608490879149963e-01
6.385321317674484964e-01
6.363838380442610188e-01
6.341196575331330409e-01
6.317460075470153757e-01
6.292724259238744455e-01
6.267119348896513786e-01
6.240813463270702410e-01
6.214014709731296993e-01
6.186971981768768503e-01
6.159974129315224367e-01
6.133347176683979773e-01
6.107449341063974080e-01
6.082663770845989637e-01
6.059389013591908180e-01
6.038027502012727199e-01
6.018972407805083247e-01
6.002593549977425225e-01
5.989223116065155450e-01
5.979142018151433202e-01
5.972567815478370123e-01
5.969645042220693698e-01
5.970438593465032806e-01
5.974930703054026626e-01
5.983021734437575789e-01
5.994534683762257066e-01
6.009223118413217213e-01
6.026781956799084350e-01
6.046860328624585890e-01
6.069075617355790264e-01
6.093027862946522877e-01
6.118313579623411158e-01
6.144538361995433018e-01
6.171327702148499128e-01
6.198335601591088428e-01
6.225250941899471702e-01
6.251801501058816823e-01
6.277755894956684735e-01
6.302923658226035064e-01
6.327153805552573340e-01
6.350332251377420745e-01
6.372378426897015169e-01
6.393241420524514718e-01
6.412895909752044377e-01
6.431338112031976806e-01
6.448581892711517938e-01
6.464655188932680874e-01
6.479596780198088046e-01
6.493453452445144825e-01
6.506277577531985878e-01
6.518125061706309120e-01
6.529053678968704810e-01
6.539121717044892312e-01
6.548386911717412051e-01
6.556905644060985194e-01
6.564732329045539494e-01
6.571918999800882011e-01
6.578515016602446419e-01
6.584566907216987675e-01
6.590118285839360324e-01
6.595209851060880313e-01
6.599879431020574394e-01
6.604162071936556799e-01
6.608090151906651499e-01
6.611693512682970120e-01
6.614999605623168577e-01
6.618033639222978826e-01
6.620818732401574369e-01
6.623376060975896262e-01
6.625725004694724696e-01
6.627883285366156230e-01
6.629867098258349634e-01
6.631691238871446625e-01
6.633369217635869397e-01
6.634913369675773387e-01
6.636334955169782557e-01
6.637644252935365197e-01
6.638850646608647210e-01
6.639962702560124885e-01
6.640988242574573652e-01
6.641934410761357599e-01
6.642807732930365860e-01
6.643614172412372065e-01
6.644359180130513520e-01
6.645047740254725888e-01
6.645684411921485291e-01
6.646273367513887420e-01
6.646818426458718232e-01
6.647323086939452841e-01
6.647790554290901044e-01
6.648223766781052868e-01
6.648625419241563916e-01
6.648997984118278914e-01
6.649343731197115970e-01
6.649664744857203269e-01
6.649962940420975910e-01
6.650240078662661425e-01
6.650497778672705973e-01
6.650737530346906290e-01
6.650960705159454367e-01
6.651168566123195625e-01
6.651362276782968319e-01
6.651542909637959688e-01
6.651711453605773094e-01
6.651868820774285984e-01
6.652015852835129195e-01
6.652153326679746126e-01
6.652281959554998680e-01
6.652402413890222688e-01
6.652515301608027398e-01
6.652621188026207610e-01
6.652720595540055903e-01
6.652814006787544088e-01
6.652901867796521262e-01
6.652984590630095507e-01
6.653062555920365995e-01
6.653136115131845774e-01
6.653205592686965986e-01
6.653271287775535114e-01
6.653333476164945415e-01
6.653392411720162603e-01
6.653448327828748177e-01
6.653501438700173409e-01
6.653551940522249852e-01
6.653600012503684269e-01
6.653645817816009611e-01
6.653689504423522250e-01
6.653731205823184558e-01
6.653771041700161648e-01
6.653809118465126016e-01
6.653845529763894318e-01
6.653880356832536647e-01
6.653913668860000907e-01
6.653945523177996479e-01
6.653975965478130528e-01
6.654005029846530306e-01
6.654032738840292005e-01
6.654059103348153315e-01
6.654084122512441413e-01
6.654107783452544167e-01
6.654130060994941642e-01
6.654150917278989219e-01
6.654170301210236005e-01
6.654188147922274199e-01
6.654204378085892824e-01
6.654218897082674333e-01
6.654231594024583307e-01
6.654242340803917521e-01
6.654250990787845543e-01
6.654257377453878242e-01
6.654261312932302497e-01
6.654262586181362016e-01
6.654260961106045480e-01
6.654256174310344552e-01
6.654247932766896856e-01
6.654235911025002670e-01
6.654219748118528344e-01
6.654199044365646243e-01
6.654173357325344762e-01
6.654142197744596920e-01
