4.312123019658842260e-01
3.694342383492414394e-01
3.694341191836095772e-01
4.308985839738509460e-01
3.690492259314547829e-01
3.691606789925541143e-01
3.689232225887741357e-01
3.689234285777808209e-01
3.683419262630069357e-01
3.683418944226657943e-01
4.301986020047612880e-01
3.681416103012609131e-01
3.681048003369201127e-01
3.676988942765264667e-01
3.676995772058547773e-01
3.785223876948407007e-01
3.784845087305219735e-01
3.775536685633900658e-01
3.775536380188630470e-01
4.283567390709013267e-01
3.758250502498624024e-01
3.653337166856470142e-01
3.764661464503995525e-01
3.696032826916317848e-01
3.658616432734578816e-01
4.267090874651912058e-01
3.675185399461706193e-01
4.448498216368314551e-01
3.151281366101309489e-01
1.175367309012659289e-01
1.630461393301000927e-01
2.293792343591208593e-01
2.718572192646118157e-01
