6.666633482321940862e-01
6.666951603014725780e-01
6.666856159412454241e-01
6.665365412849061366e-01
6.667788248396958606e-01
6.665969057620900751e-01
6.667931294479431115e-01
6.667616542635048660e-01
6.665215987185293400e-01
6.665259910044127878e-01
6.663939774377226621e-01
6.667423154848944877e-01
6.665829771145639349e-01
6.664687579401616935e-01
6.665121205968412843e-01
6.667127565618329310e-01
6.663614836497536720e-01
6.666782672935621656e-01
6.661038370794263308e-01
6.646374544206877788e-01
6.665483422710343220e-01
6.669847592617047516e-01
6.661585256890591999e-01
6.662836281126964799e-01
6.662733841178727356e-01
6.650341945035095348e-01
6.664308122889099906e-01
6.645733578940201669e-01
6.621346205407624419e-01
6.644365328737852350e-01
6.659405441508571277e-01
6.635992739470649715e-01
6.455237746213150496e-01
6.576673326632767047e-01
6.631380074685855330e-01
6.632127750922133247e-01
6.633010554129870062e-01
6.601976757117606898e-01
6.601814675039225921e-01
6.642906797410657038e-01
6.601977457314557318e-01
6.587866023820696526e-01
6.613868203996065009e-01
6.508197104963302504e-01
6.521710730163369218e-01
6.601334592301296711e-01
6.612518936805701353e-01
6.468449418937399775e-01
6.606827713191997242e-01
6.531374830879892457e-01
6.594991282781067499e-01
6.581081712695332486e-01
6.522088278507293113e-01
6.258512756130703014e-01
5.595130316079716115e-01
6.189318703769344232e-01
6.175865326685012757e-01
6.154162364791582185e-01
6.617741375020438355e-01
6.465061495899663280e-01
6.564457901897524650e-01
6.602430372477600118e-01
6.583980870134171770e-01
6.362123878311720659e-01
6.407753076834219463e-01
6.002722897020557058e-01
5.893680285905407157e-01
6.340334845836972377e-01
6.518550271501623028e-01
6.067245542030816896e-01
5.791106253634735745e-01
5.343274165332727588e-01
4.515514303623276438e-01
6.287025882113808084e-01
5.867039885226363882e-01
3.771276786555470273e-01
3.888399398210487523e-01
5.952496186107851806e-01
6.183984492685060674e-01
6.321100661956191580e-01
5.949215134125959148e-01
6.220746718022158728e-01
5.679001565083081626e-01
6.001318648045959048e-01
6.061123627261653102e-01
5.753802192195496268e-01
5.875869352695411996e-01
3.705494583701427480e-01
5.062962109012227874e-01
5.857227635380910513e-01
6.403356000022628614e-01
4.459490194808595209e-01
5.361809500212731949e-01
3.715108092465790324e-01
6.089262871482143957e-01
5.944180308194106921e-01
5.710933115188855380e-01
6.110729787608863983e-01
6.053543748674669045e-01
4.879953097375636095e-01
3.591796086531210408e-01
3.585462562453607394e-01
5.193402851192311376e-01
4.270626561077536798e-01
5.468327020869436783e-01
5.440502299378493500e-01
5.118144311952340653e-01
5.177873551731625446e-01
5.205358572037059872e-01
5.479949596322294392e-01
4.384095671845979481e-01
5.047062299326734447e-01
3.140606391322723345e-01
4.162409158597329406e-01
4.875467793383839732e-01
5.009950697966600863e-01
6.091800023325339986e-01
2.966694016251842925e-01
4.942451918942324940e-01
4.818522423262446286e-01
4.359890176743815848e-01
4.927662602898963407e-01
2.676853616241638978e-01
2.473617504285457736e-01
2.516998218406870658e-01
2.261021353115643950e-01
2.046150580322998735e-01
3.556330648763855184e-01
3.004820660084717154e-01
3.976283091838221928e-01
2.426690931277453445e-01
2.984188548174811495e-01
2.426577308459700322e-01
2.567326484215526339e-01
4.386284358442757436e-01
3.658953797915732720e-01
5.352493463089448289e-01
5.157008467967835186e-01
4.254968133810843045e-01
3.066709690219955875e-01
2.220104626970577644e-01
3.053560000200138402e-01
1.563248085041673008e-01
2.516165828575557262e-01
1.386842312483434481e-01
2.539145138091341014e-01
2.703309601021215980e-01
3.288107138135957785e-01
1.924175518829357168e-01
2.432657702542271316e-01
1.922217780014829902e-01
1.892911733321662460e-01
2.059222626248783383e-01
1.455919142285881374e-01
1.336141175673270509e-01
1.216705174279558987e-01
1.172818843936141581e-01
1.228877574504800840e-01
1.991220873571566963e-01
1.468305347660927018e-01
2.020388110828782169e-01
8.903381650643303613e-02
1.373214387359674160e-01
1.333273845238897581e-01
1.344651976368391733e-01
1.075922699926473575e-01
7.657460132267103481e-02
6.377930716819006640e-02
8.589414526876014422e-02
6.823243485641940220e-02
8.534134004932847350e-02
7.021659228275499431e-02
8.898300182279535175e-02
4.289576782136633737e-02
1.364706354631700924e-01
1.100246291666856918e-01
1.534241644858380937e-01
7.122510284684070714e-02
5.367039225630099858e-02
7.816895657822199583e-02
7.042755713862679234e-02
4.247367992868913977e-02
7.678345199614386440e-02
7.182332964722318303e-02
5.754040510282400905e-02
8.010485981216444729e-02
7.093919173702868675e-02
7.193361724374698618e-02
8.513275685042115404e-02
8.749534734411694437e-02
4.915454878116346654e-02
3.091340707941635235e-02
4.814781310406592713e-02
4.459776516152427761e-02
3.101293794155408901e-02
6.037464417910517328e-02
4.988197608933676863e-02
6.060226468548414458e-02
2.603354287861843128e-02
1.377167894170695621e-02
1.183166766112087390e-02
1.268964705727989098e-02
2.866715778851360377e-02
2.189346060445130498e-02
3.898032106080374232e-02
2.666874240003262383e-02
1.950825377022980325e-02
3.522273212539234893e-02
2.896781339353159818e-02
3.837300324411019314e-02
4.281536979479670657e-02
2.244069550729152485e-02
1.919791337327692721e-02
3.776172589651387301e-02
2.441653878605572897e-02
2.799480102148925800e-02
4.884835490998710311e-02
2.584336110522283264e-02
5.002150131394500487e-02
3.966203316252154415e-02
3.122947735921977747e-02
5.570690116961955068e-02
5.274402497065829726e-02
3.092651593922107062e-02
2.441108948897853861e-02
2.351046409386936542e-02
1.804016492942846564e-02
2.144839953269840963e-02
2.090304500079092492e-02
2.461879340077825773e-02
3.850984441320189772e-02
2.894615776790565934e-02
4.313745728173149635e-02
2.552239894271232656e-02
2.887602799538465867e-02
4.152790805929200413e-02
4.239515430326940698e-02
2.219578388480150308e-02
3.379412264465286170e-02
3.436532690058641260e-02
6.582348001231175250e-02
2.985032889284644497e-02
2.007771262061782205e-02
1.916590310377670053e-02
5.393392309071017715e-02
1.648850255609196971e-02
3.010780249507756176e-02
3.165811800825581862e-02
3.419596771204342495e-02
1.161050166064562725e-02
5.843460648826852288e-02
2.932838803644953127e-02
5.794314434505055955e-02
1.689111595195764287e-02
3.124480013444457666e-02
2.482581605758693924e-02
5.435560788004976246e-02
3.815928466773019223e-02
6.590530676376210595e-02
2.148724778905912111e-02
3.021473407225087199e-02
2.316390030085544588e-02
3.699131744059981630e-02
3.511164715563123984e-02
3.094829025157501759e-02
3.021865585401593488e-02
3.112075521260512789e-02
1.878114527696897462e-02
3.431730056396311429e-02
1.998400858736863045e-02
4.301901619833950474e-02
2.653629099205334976e-02
5.153256374033166054e-02
5.884874979099516401e-02
3.344884290384164682e-02
4.322638990070893500e-02
6.774327866949157555e-03
1.298829148714156397e-02
3.891251690158600146e-02
2.448602059041567192e-02
3.316733882594390809e-02
2.140663133333767926e-02
2.477523964483685157e-02
4.842681439330653870e-02
1.989497890699521918e-02
5.541042938598892548e-02
1.848738494398663099e-02
1.542857926816583111e-02
1.830906098550776767e-02
3.752483529737939139e-02
3.050983657940561922e-02
3.891161004890048014e-02
2.535357283442171705e-02
2.084044296617833247e-02
4.507835867816094300e-02
2.517777872694861030e-02
4.107906423994958645e-02
1.563738213645655961e-02
2.438854034904634760e-02
1.326516887931367301e-02
2.809762141354939236e-02
3.067365179723865673e-02
3.316820689463585020e-02
1.752698671342527853e-02
3.108902577956017266e-02
1.392429881004878314e-02
1.723691802497115400e-02
1.373008742034823038e-02
3.827355006626400463e-02
1.965295665342835230e-02
3.784770604546869310e-02
1.353949691218816163e-02
3.174168406636844464e-02
1.177370314398183335e-02
2.063350872078960341e-02
1.252295001334061651e-02
3.126004238967127619e-02
1.970691331157760004e-02
3.997890175331978574e-02
1.973002252384277108e-02
3.276320974265226754e-02
4.072723343560317316e-02
9.034717800606030524e-03
6.488594421012576496e-02
1.883598212109768855e-02
5.710310675055982332e-02
5.610796936231944587e-02
1.749433745476785748e-02
3.378514573561859635e-02
3.309622470429353369e-02
1.268358664381028303e-02
2.761238698482070333e-02
1.385862307012643117e-02
3.690068578673506156e-02
1.331140690006562058e-02
2.107814289325548457e-02
9.376397885115369743e-03
1.243799671709788779e-02
1.143764143461175817e-02
2.501047465758824903e-02
1.843540907866268036e-02
1.375532063392077842e-02
1.907207596490228044e-02
1.155690598050401925e-02
2.400615616100993527e-02
1.837225090609556286e-02
1.706235846453167671e-02
1.874178054154859024e-02
1.619348806947735683e-02
2.256176659047141181e-02
1.656755277587258421e-02
7.963092397263444103e-03
1.331071418145206298e-02
1.233358403942586001e-02
6.920717099403260637e-03
1.079044897455679573e-02
1.188051950786452905e-02
1.587873141810913075e-02
1.146937030587716864e-02
1.189170690110679177e-02
1.435240100142758796e-02
7.007151569298081424e-03
1.326528576359889758e-02
6.209437487289984348e-03
6.650936209409264756e-03
8.502796206444481267e-03
7.456295920877984047e-03
8.541578571610005180e-03
7.111892693884174811e-03
7.852472534643035670e-03
1.093728165014341315e-02
6.116268381151194165e-03
1.145234648144943974e-02
1.044718369240146133e-02
8.678196071107986687e-03
7.086151816560326035e-03
7.451245374698742090e-03
1.286273327996763534e-02
1.088381361944142783e-02
1.013187920732827249e-02
8.988717086626629715e-03
6.719795857750784224e-03
1.020045449327675741e-02
1.167344167545605362e-02
8.073284697904787796e-03
8.923235550935808974e-03
1.456944401590459445e-02
9.694012275016011815e-03
7.367700262880408010e-03
9.923920986626326782e-03
6.151962933022720251e-03
1.100380562036541894e-02
8.307044019742887420e-03
1.140808459357678731e-02
6.975484904268943256e-03
6.076554497395844634e-03
6.214710665816277138e-03
9.686869543634523544e-03
1.200377808427323389e-02
8.762150019960428943e-03
1.192542132359689783e-02
9.536373535190835124e-03
8.507016193978761062e-03
1.558949971872372608e-02
1.656357225122536553e-02
6.862199849493924239e-03
1.133690454890478108e-02
1.215343956497635242e-02
1.815139209391405592e-02
1.402042126515694320e-02
1.182015297166108016e-02
9.672723955174676591e-03
3.133002601769413475e-02
1.669589130874239713e-02
1.134130021741183887e-02
4.103844541911951666e-03
1.773494780774601681e-02
9.958044760219603511e-03
1.535391089849241081e-02
3.034660100045248610e-02
1.173680737559863047e-02
1.490540354130645215e-02
1.166909102998808269e-02
1.758396532314118049e-02
2.192976703297450786e-02
1.078368085079803827e-02
1.679814046851749870e-02
1.855083875244947778e-02
2.401126072592770985e-02
6.006944765203352243e-03
1.276126281346357319e-02
1.206914704862032013e-02
1.374612336165682847e-02
7.221970671098635296e-03
8.384835605701065897e-03
1.016083885592775939e-02
1.269504476363229363e-02
1.771389126794545993e-02
1.628220222852928833e-02
1.207127140556754803e-02
1.760536901730322054e-02
1.259373765094990404e-02
1.011400446962165169e-02
2.625353206460578556e-02
1.823355272743739861e-02
1.407929571314434775e-02
1.890932673969617991e-02
2.188652712696232891e-02
1.836101186281623512e-02
9.012856012891692567e-03
1.246607161903908606e-02
7.680099266715160501e-03
1.794019126911503698e-02
1.902810744887253186e-02
2.809127802983375430e-02
1.097722675738374218e-02
1.091849029594488783e-02
1.372354194027066571e-02
3.000756479364125734e-02
8.140251601047381394e-03
2.042430218892710148e-02
8.418609734966352176e-03
1.817650029713626866e-02
9.669436032728750269e-03
2.572752848111928628e-02
1.054372073204718277e-02
1.306369293996671385e-02
2.172772833841342399e-02
8.512179025459818207e-03
2.571690540120203164e-02
1.403802923226328894e-02
1.225633841556501499e-02
1.859152123588698330e-02
3.244362641304759931e-02
1.057449190399972587e-02
1.566285488116279240e-02
3.150400407178592654e-02
3.266910899557330661e-02
2.412606642714392249e-02
1.676404924238286340e-02
2.368200660762685011e-02
2.879400524161218264e-02
1.188977201191714940e-02
9.662638584576313874e-03
4.684679035173315402e-03
1.135133718283237551e-02
1.826530659864998574e-02
1.302572530491996096e-02
1.630469557380565676e-02
1.277612598462759055e-02
2.499230931924721621e-02
7.950478414562577381e-03
3.188106200732004208e-02
1.814571009271162549e-02
1.521356699414431329e-02
1.797967550045083407e-02
1.100228965753002885e-02
1.355354041652688177e-02
8.852504509911839070e-03
7.993808405766279768e-03
2.437461898102498067e-02
