5.647496862551734109e-01
4.024323886503481940e-01
5.008247089903791194e-01
4.015054092371153072e-01
4.940027875827880388e-01
4.024323885836769144e-01
4.970993389476749402e-01
4.015054092255000429e-01
4.941740698795040188e-01
4.024323885775442644e-01
4.962727191291380624e-01
4.015054092233331651e-01
4.943797809698418644e-01
4.024323885760062725e-01
4.959213165815095636e-01
4.015054092226013616e-01
4.945164945773509180e-01
4.024323885754533259e-01
4.957286325076790123e-01
4.015054092222545834e-01
4.946102652963866864e-01
4.024323885751947549e-01
4.956073897748318191e-01
4.015054092220708415e-01
4.946778980445305507e-01
4.024323885749576668e-01
4.955242149685082365e-01
4.015054092219584314e-01
4.947287887133903772e-01
4.024323885748392060e-01
4.954636687431518416e-01
4.015054092218908188e-01
4.947683977760679030e-01
4.024323885748481988e-01
4.954176476654746919e-01
4.015054092218331427e-01
4.948000718963568856e-01
4.024323885747271290e-01
4.953814970878910873e-01
4.015054092218005022e-01
4.948259639169514390e-01
4.024323885747072005e-01
4.953523556607961065e-01
4.015054092217688608e-01
4.948475171775567061e-01
4.024323885746658447e-01
4.953283687767847110e-01
4.015054092217421600e-01
4.948657337803477607e-01
4.024323885746526885e-01
4.953082821603921326e-01
4.015054092217285042e-01
4.948813304435106253e-01
4.024323885746149410e-01
4.952912174246000832e-01
4.015054092217145154e-01
4.948948329639177857e-01
4.024323885746080576e-01
4.952765412222697727e-01
4.015054092217072990e-01
4.949066356266722533e-01
4.024323885746030616e-01
4.952637854511328097e-01
4.015054092216933657e-01
4.949170397982201597e-01
4.024323885745694773e-01
4.952525967091970238e-01
4.015054092216922554e-01
4.949262797161613769e-01
4.024323885745751950e-01
4.952427032188309042e-01
4.015054092216826520e-01
4.949345401598378436e-01
4.024323885745688667e-01
4.952338925650919821e-01
4.015054092216781001e-01
4.949419688279003138e-01
4.024323885745599294e-01
4.952259963383704999e-01
4.015054092216781001e-01
4.949486851824090872e-01
4.024323885745624274e-01
4.952188793069258743e-01
4.015054092216718273e-01
4.949547868805010409e-01
4.024323885745495488e-01
4.952124316348067712e-01
4.015054092216659987e-01
4.949603545262195037e-01
4.024323885745416107e-01
4.952065631912876964e-01
4.015054092216667758e-01
4.949654552333971336e-01
4.024323885745412221e-01
4.952011993233481624e-01
4.015054092216627790e-01
4.949701453323367972e-01
4.024323885745340057e-01
4.951962776719394110e-01
4.015054092216580051e-01
4.949744724496815684e-01
4.024323885745502705e-01
4.951917457423748448e-01
4.015054092216592818e-01
4.949784771258660121e-01
4.024323885745346718e-01
4.951875590285443329e-01
4.015054092216605031e-01
4.949821940849682966e-01
4.024323885745604845e-01
4.951836795500790256e-01
4.015054092216591708e-01
4.949856532407538867e-01
4.024323885745526574e-01
4.951800746987469748e-01
4.015054092216572834e-01
4.949888805012330195e-01
4.024323885745457741e-01
4.951767163212114631e-01
4.015054092216552850e-01
4.949918984175880055e-01
4.024323885745513252e-01
4.951735799841556762e-01
4.015054092216581716e-01
4.949947267099441550e-01
4.024323885745366702e-01
4.951706443790702683e-01
4.015054092216497894e-01
4.949973826981698410e-01
4.024323885745331175e-01
4.951678908389771094e-01
4.015054092216536197e-01
4.949998816560045589e-01
4.024323885745453300e-01
4.951653029409442408e-01
4.015054092216523429e-01
4.950022371045929570e-01
4.024323885745341167e-01
4.951628661791557806e-01
4.015054092216502890e-01
4.950044610564603431e-01
4.024323885745205720e-01
4.951605676930337374e-01
4.015054092216508441e-01
4.950065642206300520e-01
4.024323885745380580e-01
4.951583960405832041e-01
4.015054092216516768e-01
4.950085561739146489e-01
4.024323885745230700e-01
4.951563410079252159e-01
4.015054092216480131e-01
4.950104455074384457e-01
4.024323885745156870e-01
4.951543934490355570e-01
4.015054092216387982e-01
4.950122399500110904e-01
4.024323885745261231e-01
4.951525451496917030e-01
4.015054092216454595e-01
4.950139464731484473e-01
4.024323885745225704e-01
4.951507887117218565e-01
4.015054092216424619e-01
4.950155713823015668e-01
4.024323885745043072e-01
4.951491174543024010e-01
4.015054092216480686e-01
4.950171203939311426e-01
4.024323885745407225e-01
4.951475253288638578e-01
4.015054092216460702e-01
4.950185987032099666e-01
4.024323885745237916e-01
4.951460068462529285e-01
4.015054092216473469e-01
4.950200110417042887e-01
4.024323885745715312e-01
4.951445570135203922e-01
4.015054092216362447e-01
4.950213617279864420e-01
4.024323885745400009e-01
4.951431712788004758e-01
4.015054092216306936e-01
4.950226547119877529e-01
4.024323885745337837e-01
4.951418454840144645e-01
4.015054092216461812e-01
4.950238936133375955e-01
4.024323885745331175e-01
4.951405758231142151e-01
4.015054092216394088e-01
4.950250817550715943e-01
4.024323885745337837e-01
4.951393588054780470e-01
4.015054092216436277e-01
4.950262221935506912e-01
4.024323885745327845e-01
4.951381912240485628e-01
4.015054092216465698e-01
4.950273177447219730e-01
4.024323885745135221e-01
4.951370701269180996e-01
4.015054092216375770e-01
4.950283710070906840e-01
4.024323885744934270e-01
4.951359927926212157e-01
4.015054092216305270e-01
4.950293843824198348e-01
4.024323885745575424e-01
4.951349567083632164e-01
4.015054092216542858e-01
4.950303600940439419e-01
4.024323885745110241e-01
4.951339595495397039e-01
4.015054092216391313e-01
4.950313002031075382e-01
4.024323885745248464e-01
4.951329991632902328e-01
4.015054092216540083e-01
4.950322066231457874e-01
4.024323885745017537e-01
4.951320735526089645e-01
4.015054092216417403e-01
4.950330811329201053e-01
4.024323885745488827e-01
4.951311808624452859e-01
4.015054092216435166e-01
4.950339253879847967e-01
4.024323885745206830e-01
4.951303193673062264e-01
4.015054092216432391e-01
4.950347409316903091e-01
4.024323885745236251e-01
4.951294874605220442e-01
4.015054092216333026e-01
4.950355292037977861e-01
4.024323885745397789e-01
4.951286836434564687e-01
4.015054092216364112e-01
4.950362915498558447e-01
4.024323885745341722e-01
4.951279065172045080e-01
4.015054092216358561e-01
4.950370292278030715e-01
4.024323885745007545e-01
4.951271547742546186e-01
4.015054092216464587e-01
4.950377434158776402e-01
4.024323885744728324e-01
4.951264271910263415e-01
4.015054092216386317e-01
4.950384352184007408e-01
4.024323885745112461e-01
4.951257226213147122e-01
4.015054092216463477e-01
4.950391056714630311e-01
4.024323885745406670e-01
4.951250399904684740e-01
4.015054092216310266e-01
4.950397557482089650e-01
4.024323885745483276e-01
4.951243782894919621e-01
4.015054092216450710e-01
4.950403863636418933e-01
4.024323885745318408e-01
4.951237365703793913e-01
4.015054092216386317e-01
4.950409983785777346e-01
4.024323885744846563e-01
4.951231139416544247e-01
4.015054092216305826e-01
4.950415926040322434e-01
4.024323885745049734e-01
4.951225095640043872e-01
4.015054092216468473e-01
4.950421698044868424e-01
4.024323885745029750e-01
4.951219226464471102e-01
4.015054092216379655e-01
4.950427307011525668e-01
4.024323885745231810e-01
4.951213524433581425e-01
4.015054092216349679e-01
4.950432759750939549e-01
4.024323885745190177e-01
4.951207982506919958e-01
4.015054092216484571e-01
4.950438062701387754e-01
4.024323885745033635e-01
4.951202594036419602e-01
4.015054092216263637e-01
4.950443221949887840e-01
4.024323885743715801e-01
4.951197352740990820e-01
4.015054092216358561e-01
4.950448243258973036e-01
4.024323885745182960e-01
4.951192252654875725e-01
4.015054092216290837e-01
4.950453132088073471e-01
4.024323885745373364e-01
4.951187288164333178e-01
4.015054092216577275e-01
4.950457893610786253e-01
4.024323885744824358e-01
4.951182453928460458e-01
4.015054092216466808e-01
4.950462532736253918e-01
4.024323885745098028e-01
4.951177744886643972e-01
4.015054092216135961e-01
4.950467054121663324e-01
4.024323885745352825e-01
4.951173156241102657e-01
4.015054092215840087e-01
4.950471462195459305e-01
4.024323885743745777e-01
4.951168683427263351e-01
4.015054092216554515e-01
4.950475761157861476e-01
4.024323885745141327e-01
4.951164322120402694e-01
4.015054092218077186e-01
4.950479955024193468e-01
4.024323885745050289e-01
4.951160068196783226e-01
4.015054092216395198e-01
4.950484047588601388e-01
4.024323885745044183e-01
4.951155917743431112e-01
4.015054092215764037e-01
4.950488042481279716e-01
4.024323885743705254e-01
4.951151867029277009e-01
4.015054092216440162e-01
4.950491943160796326e-01
4.024323885744165441e-01
4.951147912500659665e-01
4.015054092215583625e-01
4.950495752917181691e-01
4.024323885745251794e-01
4.951144050773331196e-01
4.015054092216521209e-01
4.950499474891565943e-01
4.024323885744148788e-01
4.951140278620697055e-01
4.015054092216096548e-01
4.950503112086023227e-01
4.024323885744342522e-01
4.951136592953884752e-01
4.015054092216300829e-01
4.950506667364202307e-01
4.024323885745148544e-01
4.951132990843742365e-01
4.015054092217065218e-01
4.950510143459911361e-01
4.024323885744127693e-01
4.951129469473047884e-01
4.015054092216377435e-01
4.950513542992415750e-01
4.024323885745187956e-01
4.951126026159219373e-01
4.015054092216548409e-01
4.950516868462214726e-01
4.024323885745647034e-01
4.951122658335871951e-01
4.015054092216422399e-01
4.950520122263202816e-01
4.024323885744702234e-01
4.951119363548521779e-01
4.015054092216126524e-01
4.950523306686291369e-01
4.024323885744677254e-01
4.951116139444266540e-01
4.015054092216268078e-01
4.950526423930794451e-01
4.024323885744507945e-01
4.951112983776302934e-01
4.015054092215719073e-01
4.950529476095534842e-01
4.024323885744960361e-01
4.951109894385277155e-01
4.015054092216387982e-01
4.950532465200958021e-01
4.024323885745181295e-01
4.951106869206904348e-01
4.015054092216178150e-01
4.950535393177219468e-01
4.024323885745184071e-01
4.951103906259295973e-01
4.015054092216344128e-01
4.950538261886496261e-01
4.024323885744620077e-01
4.951101003641519283e-01
4.015054092216619464e-01
4.950541073105917955e-01
4.024323885745251239e-01
4.951098159529609966e-01
4.015054092216254200e-01
4.950543828547451231e-01
4.024323885745926255e-01
4.951095372175210452e-01
4.015054092216878145e-01
4.950546529851762023e-01
4.024323885745865192e-01
4.951092639891833125e-01
4.015054092216147064e-01
4.950549178602996481e-01
4.024323885745179075e-01
4.951089961068140255e-01
4.015054092216471249e-01
4.950551776320825104e-01
4.024323885745926810e-01
4.951087334144051444e-01
4.015054092216345238e-01
4.950554324461793887e-01
4.024323885745477725e-01
4.951084757630653255e-01
4.015054092216407411e-01
4.950556824432804648e-01
4.024323885745580975e-01
4.951082230089259295e-01
4.015054092216094883e-01
4.950559277590184659e-01
4.024323885745309526e-01
4.951079750138587809e-01
4.015054092216290282e-01
4.950561685231381071e-01
4.024323885745189067e-01
4.951077316444282839e-01
4.015054092216354675e-01
4.950564048615800350e-01
4.024323885746189378e-01
4.951074927725815922e-01
4.015054092216404635e-01
4.950566368949923524e-01
4.024323885745055840e-01
4.951072582746984807e-01
4.015054092216310822e-01
4.950568647401099587e-01
4.024323885744995333e-01
4.951070280317422800e-01
4.015054092216184256e-01
4.950570885092229756e-01
4.024323885744841567e-01
4.951068019291358646e-01
4.015054092216248094e-01
4.950573083107902561e-01
4.024323885744996443e-01
4.951065798560752018e-01
4.015054092216437942e-01
4.950575242493083228e-01
4.024323885744794382e-01
4.951063617057527289e-01
4.015054092216291393e-01
4.950577364259218238e-01
4.024323885745390572e-01
4.951061473750972830e-01
4.015054092216468473e-01
4.950579449378897934e-01
4.024323885744688356e-01
4.951059367648641407e-01
4.015054092216361337e-01
4.950581498793275581e-01
4.024323885744854334e-01
4.951057297786630729e-01
4.015054092216209791e-01
4.950583513412697423e-01
4.024323885745279550e-01
4.951055263241386228e-01
4.015054092216301940e-01
4.950585494114991825e-01
4.024323885744049978e-01
4.951053263114988390e-01
4.015054092216194803e-01
4.950587441751072015e-01
4.024323885744742202e-01
4.951051296541575941e-01
4.015054092216208126e-01
4.950589357140319224e-01
4.024323885744915397e-01
4.951049362683644928e-01
4.015054092216303050e-01
4.950591241077941795e-01
4.024323885745235696e-01
4.951047460731988203e-01
4.015054092215916692e-01
4.950593094331481314e-01
4.024323885745276219e-01
4.951045589903688149e-01
4.015054092215984971e-01
4.950594917646429227e-01
4.024323885745353380e-01
4.951043749439740238e-01
4.015054092216081560e-01
4.950596711738319278e-01
4.024323885744736651e-01
4.951041938607914639e-01
4.015054092215912251e-01
4.950598477309596790e-01
4.024323885744872653e-01
4.951040156698328087e-01
4.015054092215986081e-01
4.950600215032805451e-01
4.024323885744435225e-01
4.951038403023479417e-01
4.015054092216054915e-01
4.950601925556978866e-01
4.024323885744571783e-01
4.951036676917016655e-01
4.015054092215879500e-01
4.950603609521932458e-01
4.024323885744734985e-01
4.951034977735063181e-01
4.015054092215796233e-01
4.950605267539536225e-01
4.024323885744670593e-01
4.951033304851504280e-01
4.015054092215922799e-01
4.950606900203949889e-01
4.024323885744129359e-01
4.951031657661111862e-01
4.015054092216804871e-01
4.950608508087455117e-01
4.024323885718676386e-01
4.951030035505588622e-01
4.015054092215551429e-01
4.950610091767718712e-01
4.024323885744663931e-01
4.951028438027326173e-01
4.015054092215615267e-01
4.950611651769384891e-01
4.024323885745042517e-01
4.951026864461212651e-01
4.015054092215750159e-01
4.950613188611859838e-01
4.024323885743352758e-01
4.951025314343765471e-01
4.015054092209983105e-01
4.950614702840284709e-01
4.024323885677381640e-01
4.951023787154880673e-01
4.015054092213670156e-01
4.950616194933035175e-01
4.024323885753287033e-01
4.951022282471763680e-01
4.015054092305497258e-01
4.950617665365044107e-01
4.024323885823208324e-01
4.951020799547443119e-01
4.015054092219429438e-01
4.950619114584002833e-01
4.024323885739665152e-01
4.951019338161509742e-01
4.015054092285719189e-01
4.950620543042432153e-01
4.024323885681384549e-01
4.951017897760853770e-01
4.015054092216496784e-01
4.950621951352159322e-01
4.024323885719361948e-01
4.951016477910966662e-01
4.015054092236433614e-01
4.950623339627616692e-01
4.024323885730616279e-01
4.951015078200853292e-01
4.015054092216800430e-01
4.950624708589964618e-01
4.024323885765569431e-01
4.951013698152746390e-01
4.015054092142316677e-01
4.950626058412717634e-01
4.024323885742193130e-01
4.951012337380326089e-01
4.015054092215873949e-01
4.950627389640579468e-01
4.024323885758125940e-01
4.951010995472388543e-01
4.015054092190739610e-01
4.950628702599122466e-01
4.024323885751344698e-01
4.951009672043076293e-01
4.015054092214090931e-01
4.950629997657424175e-01
4.024323885743227858e-01
4.951008366714720332e-01
4.015054092188132806e-01
4.950631275208491333e-01
4.024323885741599161e-01
4.951007079121785281e-01
4.015054092213984904e-01
4.950632535582655258e-01
4.024323885745644258e-01
4.951005808905882266e-01
4.015054092202844371e-01
4.950633779136010548e-01
4.024323885740315188e-01
4.951004555714742517e-01
4.015054092212331227e-01
4.950635006175355124e-01
4.024323885741625251e-01
4.951003319206945807e-01
4.015054092223349635e-01
4.950636217067725386e-01
4.024323885745464957e-01
4.951002099050836325e-01
4.015054092212960168e-01
4.950637412092300238e-01
4.024323885741832862e-01
4.951000894925283724e-01
4.015054092204778935e-01
4.950638591599961225e-01
4.024323885750608620e-01
4.950999706525359145e-01
4.015054092211284287e-01
4.950639755860785085e-01
4.024323885740401785e-01
4.950998533531000279e-01
4.015054092212789749e-01
4.950640905169461647e-01
4.024323885740663798e-01
4.950997375652481658e-01
4.015054092210801895e-01
4.950642039814019957e-01
4.024323885737410844e-01
4.950996232596478475e-01
4.015054092199928926e-01
4.950643160075367533e-01
4.024323885739181650e-01
4.950995104081674647e-01
4.015054092210379455e-01
4.950644266234074942e-01
4.024323885741519780e-01
4.950993989833444298e-01
4.015054092204072278e-01
4.950645358551327146e-01
4.024323885743242291e-01
4.950992889579050593e-01
4.015054092209069947e-01
4.950646437276701728e-01
4.024323885735875406e-01
4.950991803060014740e-01
4.015054092210240677e-01
4.950647502665967981e-01
4.024323885730478612e-01
4.950990730021050390e-01
4.015054092208735770e-01
4.950648554974349524e-01
4.024323885736937334e-01
4.950989670208174598e-01
4.015054092211750580e-01
4.950649594425146072e-01
4.024323885733262496e-01
4.950988623387866938e-01
4.015054092207320235e-01
4.950650621265459961e-01
4.024323885735285877e-01
4.950987589310587578e-01
4.015054092205679881e-01
4.950651635717605026e-01
4.024323885740163087e-01
4.950986567756124890e-01
4.015054092206242209e-01
4.950652638003667505e-01
4.024323885735131001e-01
4.950985558488190108e-01
4.015054092205428415e-01
4.950653628349686031e-01
4.024323885733768202e-01
4.950984561294320407e-01
4.015054092204088376e-01
4.950654606953953096e-01
4.024323885735410777e-01
4.950983575956656724e-01
4.015054092203252378e-01
4.950655574030263795e-01
4.024323885731605488e-01
4.950982602263759302e-01
4.015054092202077762e-01
4.950656529782684889e-01
4.024323885731134753e-01
4.950981640011237195e-01
4.015054092199997759e-01
4.950657474414831838e-01
4.024323885730083927e-01
4.950980688999603307e-01
4.015054092200414093e-01
4.950658408104707808e-01
4.024323885730528572e-01
4.950979749031518273e-01
4.015054092203657610e-01
4.950659331054754753e-01
4.024323885728092187e-01
4.950978819916574403e-01
4.015054092198079294e-01
4.950660243446489694e-01
4.024323885727540406e-01
4.950977901467391029e-01
4.015054092197538060e-01
4.950661145450910294e-01
4.024323885725170635e-01
4.950976993503434231e-01
4.015054092195510238e-01
4.950662037254891512e-01
4.024323885724278571e-01
4.950976095843079294e-01
4.015054092192759105e-01
4.950662919024592656e-01
4.024323885721964311e-01
4.950975208312248244e-01
4.015054092192503199e-01
4.950663790932829933e-01
4.024323885720317295e-01
4.950974330742833884e-01
4.015054092191157609e-01
4.950664653142617944e-01
4.024323885719213179e-01
4.950973462966798411e-01
4.015054092190861734e-01
4.950665505814743073e-01
4.024323885716660221e-01
4.950972604819963152e-01
4.015054092184210943e-01
4.950666349100122932e-01
4.024323886066087930e-01
4.950971756099403209e-01
4.015054091953546012e-01
4.950667181508450199e-01
4.024323885081518282e-01
4.950970914391066291e-01
4.015054088798203358e-01
4.950668008142470322e-01
4.024323885710104354e-01
4.950970086587795915e-01
4.015054092180532774e-01
4.950668824219610631e-01
4.024323885708171455e-01
4.950969265410677944e-01
4.015054092202279823e-01
4.950669631488037736e-01
4.024323885699841452e-01
4.950968453102167488e-01
4.015054092169213495e-01
4.950670430112185105e-01
4.024323885685348046e-01
4.950967635497388053e-01
4.015054092250458506e-01
4.950671220192423561e-01
4.024323884360379022e-01
4.950966855738617722e-01
4.015054092479501957e-01
4.950672002173764907e-01
4.024323885939964929e-01
4.950966066946879685e-01
4.015054091922707902e-01
4.950672775598001230e-01
4.024323885253028310e-01
4.950965290411002973e-01
4.015054093542878011e-01
4.950673541238801434e-01
4.024323886806381867e-01
4.950964524643988729e-01
4.015054093143131109e-01
4.950674298119318584e-01
4.024323885982644122e-01
4.950963758572619611e-01
4.015054091988617957e-01
4.950675048441602333e-01
4.024323885817489566e-01
4.950963004158595027e-01
4.015054092647050710e-01
4.950675789582191233e-01
4.024323885556088665e-01
4.950962257526719812e-01
4.015054092077431913e-01
4.950676523902751147e-01
4.024323885658647737e-01
4.950961519512985243e-01
4.015054092265097907e-01
4.950677250640964644e-01
4.024323885700309966e-01
4.950960787288716802e-01
4.015054091953197402e-01
4.950677969839060721e-01
4.024323885594944805e-01
4.950960063526993471e-01
4.015054092140790121e-01
4.950678682007169651e-01
4.024323885684500945e-01
4.950959348174931995e-01
4.015054092074846759e-01
4.950679386754697764e-01
4.024323885505062259e-01
4.950958639532077599e-01
4.015054092107546713e-01
4.950680084743315779e-01
4.024323885535617262e-01
4.950957937864710057e-01
4.015054092030993504e-01
4.950680775597302574e-01
