6.525506377451153472e-01
6.588069941081893255e-01
6.430917548863499533e-01
6.665401445080145759e-01
6.099631428963863122e-01
6.180353453280035270e-01
6.299465096621644777e-01
5.503881836919196635e-01
5.755524107099542208e-01
5.877210782807906764e-01
3.602285217464220590e-01
4.672536987026912891e-01
3.778317983787140566e-01
5.753508743172510709e-01
3.766397637922710429e-01
2.675219692529963722e-01
2.760870665551437564e-01
2.668876316445117913e-01
3.924915196007831564e-01
3.173657373847478813e-01
2.152376047780758528e-01
2.244181528895630717e-01
2.094202828806523697e-01
2.570376296276219996e-01
1.410405248347550156e-01
2.683999467106303327e-01
2.128180408400137669e-01
1.389244626385902626e-01
2.087833942752505001e-01
1.715848049663631913e-01
1.658925961196655308e-01
2.833313673873268934e-01
2.088833159700652364e-01
8.322395793761169780e-02
1.358954240876671660e-01
1.557417286695012282e-01
2.702091045529341762e-01
1.434878654715187607e-01
1.667612350060292681e-01
5.307938222767367986e-02
8.958445993307358191e-02
1.665591439884105684e-01
1.485009658993281245e-01
9.547262082717107579e-02
9.744151292917328788e-02
1.195358724393617983e-01
4.873786507809502871e-02
2.242171462150550632e-01
7.816834258638685751e-02
1.983322124510604745e-01
9.783423000156435401e-02
9.841713147305798659e-02
1.207998301162136329e-01
9.702969054666066295e-02
1.633244704117952362e-01
1.043832676798494008e-01
9.307405395588840002e-02
2.182911163113071262e-01
7.137359296949422061e-02
1.305666977406390317e-01
3.613766753281911354e-02
4.880154364799858813e-02
3.712091895604596042e-02
4.258528858434496023e-02
1.327993483904781613e-01
7.672808184666767006e-02
4.314017806091233198e-02
9.038253857182898532e-02
2.615652675478240263e-02
9.823960870247964994e-02
4.582790133368633972e-02
2.800689637942087307e-02
9.260183681135755740e-02
3.336597993679963486e-02
2.924291691579454858e-02
3.952351720931248508e-02
4.382459310817568565e-02
8.212993238306730281e-02
3.016723942327918448e-02
4.715357553062810708e-02
1.204240018829853126e-02
7.549113212503506809e-02
9.474600974476232035e-03
4.077215648722447988e-02
4.185167361083703963e-02
2.723767664415458270e-02
5.803188371254949102e-02
8.189272123014645910e-02
4.265524474639131869e-02
6.473631854871864100e-02
5.416972884954655842e-02
6.966576512019609368e-02
6.145890751963178217e-02
4.263004184329925728e-02
5.763681097437377970e-02
2.888934714632427833e-02
4.766238212495615273e-02
7.895906225294249681e-02
4.101197124163286079e-02
4.384772043112147855e-02
8.418987895529803089e-02
5.948737993428322018e-02
4.854990594446475377e-02
1.754359262106403028e-02
2.067353638111175951e-02
2.618620668054046086e-02
6.935095236954251507e-02
4.985909512360420931e-02
1.931374115578964046e-02
1.563477010521941227e-02
3.060863561922164480e-02
5.210391487356252210e-02
1.262658195042251977e-02
2.100561437149356739e-02
2.796969076246986347e-02
1.281525788814004418e-02
2.214457538511312856e-02
7.405322862676295970e-02
3.633366454614969654e-02
2.712504071456516702e-02
4.921344700295893909e-02
5.520763976046799693e-02
2.573320621036807865e-02
2.928384079193235151e-02
2.510332261657135383e-02
3.166353588305063915e-02
2.530030754767936471e-02
2.305420982290005971e-02
3.199204020668496018e-02
1.435154888725977997e-02
1.257584549064385063e-02
3.962703531727471140e-02
1.909316067453300028e-02
1.721650647303024986e-02
2.349593853135884675e-02
2.445533650335258297e-02
2.837041712236311464e-02
2.984787560784804561e-02
2.467449094680592564e-02
2.079634006742001398e-02
3.340121616997067389e-02
2.625555978102163054e-02
1.876556976649076947e-02
1.176058229191339309e-02
4.977184353271869172e-02
4.448619454419549396e-02
3.605669779912480666e-02
4.464594279635051427e-02
1.248908587266377677e-02
1.248836286453045528e-02
3.938761591115074595e-02
3.297417491537359135e-02
1.989243838813462006e-02
2.886287050393842799e-02
2.089850657958360405e-02
5.387050797775482652e-02
1.568968592660513472e-02
4.671298130066287718e-02
1.513422796341529208e-02
2.834583639608312736e-02
2.117159408553695790e-02
5.236931552469958895e-02
5.557041264091299587e-02
2.067635226574383867e-02
1.649345597339952826e-02
1.819780932681572261e-02
1.406587547244497922e-02
2.505894256729931588e-02
2.236390262649534319e-02
3.744290060913443158e-02
2.545057072037196916e-02
1.825327357838446921e-02
3.245205139483803292e-02
3.284340476454934016e-02
2.755404395085855190e-02
6.918634375219373696e-03
1.180741816177570229e-02
3.581722704302749832e-02
4.030503886481590775e-02
2.157733210427421194e-02
1.677487224335020774e-02
2.522715184956730861e-02
5.295767888084134539e-02
2.312057783921217871e-02
2.426093286501402116e-02
3.172440973639541889e-02
2.281940838473802552e-02
1.810161789286513986e-02
2.518329824493640429e-02
4.475206226673304061e-02
2.356665364614677141e-02
2.870629268849043958e-02
3.721882467505249065e-02
2.261627655127981112e-02
1.490151084272316011e-02
2.578080807838045024e-02
4.820412965395736576e-02
4.317084534407642643e-02
3.401850043158024389e-02
1.655119109430879670e-02
3.401054445020035288e-02
4.285845884925602173e-02
4.743571336161079427e-02
2.536847078552861845e-02
1.468989006005731041e-02
2.153560366523632127e-02
3.554462550002901455e-02
2.995900245297032638e-02
2.784323640904960012e-02
4.734659673117102424e-02
2.475874537344409376e-02
1.738897428741619997e-02
2.547957010774267242e-02
3.413974015799813716e-02
2.625703971687422950e-02
2.373744582193891214e-02
5.126480858462490603e-02
2.681081890636172887e-02
1.746773865721628488e-02
1.992232406453976756e-02
3.835157052066179989e-02
4.124588021918494662e-02
1.246749399567756780e-02
6.885589302851427215e-03
2.900010372366545672e-02
2.665401169079666122e-02
3.125378435696157808e-02
1.981864993211536127e-02
2.555032411574152673e-02
3.883771330662349336e-02
2.337309635096056562e-02
2.366163853145068774e-02
1.577400722940777364e-02
1.623319151301814978e-02
1.668819458774571662e-02
1.945593653257475172e-02
4.901123213611602997e-02
4.801657902314043769e-02
2.137240174464728401e-02
2.897080717501402530e-02
1.773303486053574157e-02
4.971765388491306698e-02
1.418250266048351471e-02
5.455726404553685321e-02
2.324517887221505888e-02
2.866819229533609792e-02
1.918513213801881223e-02
1.946485715748153336e-02
3.272276653422100806e-02
1.272091889368558854e-02
1.611856730709375699e-02
4.438570871604603785e-02
3.709150684370210449e-02
3.777320152924703439e-02
5.512225847843860160e-02
1.154008950175042236e-02
2.035769459411448934e-02
1.911463549154694339e-02
3.435599035744332092e-02
2.171562121425091654e-02
3.204448585269896455e-02
1.889419790799816770e-02
3.087171248564812842e-02
2.339924422880907545e-02
2.245233261112447587e-02
1.437169615936346317e-02
1.670017346738397745e-02
3.001496770597987529e-02
1.441982999032797967e-02
1.531344012108173253e-02
2.700266508343344626e-02
1.792587006185322393e-02
1.873137558086499649e-02
2.748398902047084411e-02
2.756355897367192623e-02
2.759554374257063708e-02
2.169678892689261285e-02
5.048070050940337700e-02
4.958807289029590337e-02
2.678152431772132247e-02
2.306639775320090333e-02
6.065234032144698612e-02
1.582801812102570260e-02
1.137776455253651856e-02
2.654615707482668382e-02
2.177748985663080852e-02
8.439826736854160252e-03
5.274981961123671043e-02
2.278025486273862685e-02
1.790783163366365879e-02
1.273783807463462793e-02
4.259266463431796851e-02
5.739659754966974087e-02
2.251194558261944770e-02
1.723057716810223045e-02
1.753440385605417942e-02
3.060924840573659919e-02
2.405234417336954075e-02
4.479395212007761251e-02
4.399999022459077230e-02
3.644548398537650336e-02
