6.403884787933231681e-01
6.651305548318647842e-01
6.646537708019757407e-01
6.068396865349467983e-01
4.944060087914528001e-01
3.432182583425578137e-01
4.124664424792008344e-01
3.615407310845934474e-01
2.729600854788316044e-01
3.512501399524231571e-01
3.042306202140833693e-01
1.948622555589725192e-01
2.113800820259343627e-01
2.036596612776047643e-01
1.442905803339733228e-01
8.955471221249750036e-02
1.728181737978685684e-01
1.118913923331513183e-01
1.278798758884638065e-01
1.580930338470846741e-01
3.789844328353172975e-02
1.630886280741674077e-01
1.089489557573870837e-01
8.408646888360511717e-02
1.078970614925554988e-01
8.267835786964765343e-02
7.725496464388091622e-02
2.902513313576445680e-02
8.584487453300954085e-02
1.118788901224378046e-01
1.029019340993732878e-01
1.266566017227979402e-01
5.740618256127356933e-02
5.029442735249051860e-02
6.886602785636997126e-02
1.134816684431939615e-01
8.318536023634856558e-02
4.995634320960944119e-02
6.275874435852157873e-02
1.133833484578569278e-01
8.241748062380785389e-02
4.247784014679604342e-02
1.016756944779917682e-01
7.301310029917852662e-02
1.313736071636324165e-01
1.008877878572955605e-01
9.253502092409611468e-02
9.133416915880186726e-02
1.031233087740727888e-01
6.107266067743069571e-02
1.014739743674246547e-01
1.020008685377238322e-01
9.505142785170225816e-02
1.072235514382376409e-01
1.066158486713295328e-01
7.927475562255539843e-02
1.020604707225332974e-01
4.351170704942803474e-02
7.760448427949605266e-02
1.158833890090057023e-01
5.672985308510682806e-02
6.447461236882587321e-02
8.686216386560728642e-02
1.234873373408012648e-01
5.748656208130644568e-02
5.770600584559210794e-02
6.125349813733813736e-02
1.099402761196920514e-01
8.678477819182978115e-02
1.061837638489815799e-01
9.007032072370582676e-02
2.335112190918347402e-02
5.094973186347012684e-02
6.890183362344692863e-02
9.209189428093392249e-02
5.346462714139715855e-02
7.016300486005436210e-02
1.153011758394804492e-01
2.502973721171018046e-02
1.237557042021265319e-01
6.128712525817901768e-02
5.392099736375122188e-02
1.229338707478649373e-01
5.212935830186539443e-02
6.390344462766985034e-02
1.071232689305912228e-01
1.483431884809755241e-01
1.553865157838172084e-01
9.428457952453919710e-02
1.696105411337605895e-01
9.386500412435846985e-02
1.343575842529561304e-01
5.289875277722698443e-02
1.004508657020115325e-01
1.941654403812324015e-01
1.978099155688105848e-01
1.907979620582876401e-01
1.992244924358860525e-01
2.220832758652390992e-01
1.714880741624677518e-01
2.223338665929036617e-01
1.998343004366791575e-01
1.911366458838480997e-01
1.975009063922937846e-01
1.960690399738240497e-01
1.006578859650553714e-01
5.294907121326772326e-02
1.346970635406382066e-01
9.456265022219192962e-02
1.699823147081494790e-01
9.385650987097457487e-02
1.556723148830999603e-01
1.526361421207217961e-01
1.104114986408504528e-01
6.625327982942007254e-02
5.243855188114832783e-02
1.304840961373379959e-01
5.665679173423448373e-02
6.197182239820070437e-02
1.288829246904687198e-01
2.316526535168693390e-02
1.194993851174404043e-01
7.742251898471279314e-02
5.714171169196405331e-02
9.547345659387621031e-02
7.156196780438846272e-02
5.475915400202424621e-02
2.288957487819075209e-02
8.816482520462926020e-02
1.083430392143481108e-01
9.187536554740471928e-02
1.151444153401776083e-01
5.932092474871222126e-02
5.419280552664305223e-02
6.152617473335426912e-02
1.178171278387053489e-01
8.472355849063439859e-02
5.481798144475288209e-02
5.845809900214892635e-02
1.144491052502391859e-01
8.041269545857768208e-02
4.289332350637004715e-02
1.017709691289082202e-01
7.531967380911758214e-02
1.189100278109300884e-01
1.025137029241981329e-01
9.315911414822856951e-02
9.453098246405733374e-02
1.025680197187941733e-01
6.107266067738394838e-02
1.020182656120838111e-01
9.807513253482907922e-02
9.400044089933562441e-02
1.046187441769473869e-01
1.114851317123779079e-01
7.739617785789783266e-02
1.019055296000717092e-01
4.323135338785450560e-02
7.885273081076460411e-02
1.152540145715757053e-01
5.715376026914009699e-02
5.970011357974663868e-02
8.594729901137926342e-02
1.210314680063021286e-01
5.884273137468126053e-02
5.634323875249543090e-02
6.048503789441241063e-02
1.115818157266517535e-01
8.841683185709425796e-02
1.069367246808272109e-01
8.935566663963688538e-02
2.303158148707469891e-02
5.191466270024318319e-02
6.962219670847377695e-02
9.306066055077343024e-02
5.438717197994328428e-02
7.225897238368976516e-02
1.162404420932624388e-01
2.434581522263019535e-02
1.251572586029871814e-01
6.124536117713548500e-02
5.454137840539972915e-02
1.250488385253549772e-01
5.207424752283566771e-02
6.441306482443519277e-02
1.078550718897115512e-01
1.494315842281584150e-01
1.553454696116872424e-01
9.405926431121033882e-02
1.695498873658989880e-01
9.397945756081679813e-02
1.343607691057722153e-01
5.288112028957008687e-02
1.004692279750506040e-01
1.946076451263298313e-01
1.977002928142025662e-01
1.908669314435910147e-01
1.993704564938564572e-01
2.221442069885729842e-01
1.714880741584131896e-01
2.222695190769461149e-01
1.996754881975608964e-01
1.910366882462358473e-01
1.975468665849776095e-01
1.955613356304644890e-01
1.005744242628126145e-01
5.290800862699299861e-02
1.345363452764291867e-01
9.433295156772000811e-02
1.697501902455372802e-01
9.385553516635918025e-02
1.555036334383402552e-01
1.515833999606124860e-01
1.095163783978548022e-01
6.560231825959976504e-02
5.225154357980370257e-02
1.288088480324861007e-01
5.592618196726920760e-02
6.162664414776018729e-02
1.277206539510402639e-01
2.345209158829572246e-02
1.183860267790083909e-01
7.586478389048018078e-02
5.624705299890062071e-02
9.474801199157682763e-02
7.096301444849778539e-02
5.384696187098795411e-02
2.285911134830094504e-02
8.846194767250198376e-02
1.079721600830174377e-01
9.091230251474888280e-02
1.141452444321768844e-01
5.959860826972204068e-02
5.471688727031213256e-02
6.080205854419405004e-02
1.185358547687508507e-01
8.499719068780159370e-02
5.579867402003112209e-02
5.807057358938019082e-02
1.146275418477048086e-01
8.007030230133396764e-02
4.296636750174420011e-02
1.017954655724639390e-01
7.575223732976162083e-02
1.171342523812546887e-01
1.028959127570367726e-01
9.331025768009050536e-02
9.521100648217674378e-02
1.024575462489815680e-01
6.107260888737379989e-02
1.021276919914537035e-01
9.733693790147697478e-02
9.381515618256575095e-02
1.041586032782218091e-01
1.127151272840856006e-01
7.699760557501497682e-02
1.018764725577012559e-01
4.316886698674134853e-02
7.913638629720105844e-02
1.151091523163280811e-01
5.731379136677153263e-02
5.872978620811518391e-02
8.573031401167120757e-02
1.204586919840336112e-01
5.922988889784670113e-02
5.599389962846859636e-02
6.029168069574260963e-02
1.120712974578063070e-01
8.889713071269313149e-02
1.071456291306354114e-01
8.916741298565734886e-02
2.296986528654862414e-02
5.224182135803070309e-02
6.985739686638267609e-02
9.336518086266815120e-02
5.469967262599162439e-02
7.291102991498155106e-02
1.165811108085277187e-01
2.415899654339948022e-02
1.256070695520192793e-01
6.127189638794169196e-02
5.476149699460563375e-02
1.257171085138059641e-01
5.208061125917289730e-02
6.459771012334132589e-02
1.081162449484776161e-01
1.497934237784320499e-01
1.553518177442851922e-01
9.400393873901609354e-02
1.695555709650636844e-01
9.402752603821924737e-02
1.343752290838840791e-01
5.288010953024505079e-02
1.004806861330740791e-01
1.947604934623822226e-01
1.976688239255412205e-01
1.908923786331915284e-01
1.994201311547394440e-01
2.221647913825814946e-01
1.714880736966539199e-01
2.222483002173171462e-01
1.996234311706155118e-01
1.910054992211518698e-01
1.975665473118831394e-01
1.953963697576501235e-01
1.005509258588638127e-01
5.289817239971765506e-02
1.344928118912692150e-01
9.426362922566181024e-02
1.696906505974237755e-01
9.386921126056228804e-02
1.554589849880010644e-01
1.512284160727068727e-01
1.092256729127010773e-01
6.539211858793662902e-02
5.220148605386275981e-02
1.282217103946046988e-01
5.568657876946739305e-02
6.153058145316984279e-02
1.273157189401529221e-01
2.356771873744981094e-02
1.180167063447660342e-01
7.531183851121274475e-02
5.594185750930411039e-02
9.448939467647327062e-02
7.075230479623025037e-02
5.353294881405337019e-02
2.286150245670218184e-02
8.857835293417208600e-02
1.078305923815783135e-01
9.055438013866458358e-02
1.137749643891108886e-01
5.970962392783994710e-02
5.492439003354816773e-02
6.052868410331784660e-02
1.188312437951789813e-01
8.510980859180897196e-02
5.621876060385044838e-02
5.792936462804813141e-02
1.147011761809609148e-01
7.992863208598785518e-02
4.299682249011411994e-02
1.018065146575186791e-01
7.593500508812747740e-02
1.164247148750280764e-01
1.030656658022165578e-01
9.337781942376068012e-02
9.550686787474034489e-02
1.024104008892319645e-01
6.107265969874300232e-02
1.021747586598120289e-01
9.702510122820705296e-02
9.373827756602122474e-02
1.039673545047009179e-01
1.132756607215037459e-01
7.682424513988836412e-02
1.018642202415624559e-01
4.314134236464133715e-02
7.926192756675211337e-02
1.150447600376407614e-01
5.739401778354394357e-02
5.831254133815134966e-02
8.563346432493261495e-02
1.202032911985931873e-01
5.941311968958526424e-02
5.583390781543323689e-02
6.020374788376765818e-02
1.123061598638373931e-01
8.912677028358431675e-02
1.072438375319402920e-01
8.908060169735335099e-02
2.294543604041984763e-02
5.240560362057037486e-02
6.997371565813845229e-02
9.351422995203775845e-02
5.485647295854369915e-02
7.322918296678250505e-02
1.167557997130161951e-01
2.407233285508090723e-02
1.258291825585090284e-01
6.129213758793830569e-02
5.487400164694489213e-02
1.260453037005041521e-01
5.208804222743634860e-02
6.469293259600146506e-02
1.082502865756143906e-01
1.499747217120379061e-01
1.553589290921991162e-01
9.398038142843165299e-02
1.695638201046824889e-01
9.405384556296424170e-02
1.343855833109315612e-01
5.288078444389192334e-02
1.004878073608736627e-01
1.948385756353877285e-01
1.976545918835034554e-01
1.909060201508964716e-01
1.994454863710303227e-01
2.221752967138754531e-01
1.714880615669014674e-01
2.222375320404035848e-01
1.995971739878962536e-01
1.909897396110203094e-01
1.975764933096277320e-01
1.953137885556149589e-01
1.005394206982612587e-01
5.289355508155806074e-02
1.344718678651366517e-01
9.422954796160572244e-02
1.696628939533237901e-01
9.387771426197505376e-02
1.554379414746724919e-01
1.510488045923814582e-01
1.090804757837435940e-01
6.528725806534059484e-02
5.217840602448356457e-02
1.279208895407875357e-01
5.556650298503010982e-02
6.148511279818929393e-02
1.271082146256407031e-01
2.362918437679839556e-02
1.178304404049306947e-01
7.502751575687817420e-02
5.578645915659115329e-02
9.435539368083320499e-02
7.064389920157219949e-02
5.337270923134116579e-02
2.286484987651713624e-02
8.864004154159997595e-02
1.077548071766491339e-01
9.036593128099276728e-02
1.135799111605156619e-01
5.976879406103938891e-02
5.503579042093002804e-02
6.038421732336002323e-02
1.189935268047200012e-01
8.517000120599192703e-02
5.645333437452261516e-02
5.785481630641274575e-02
1.147422035831518472e-01
7.985127658989803201e-02
4.301383252375693550e-02
1.018141376323961622e-01
7.603723032457154751e-02
1.160389012252250468e-01
1.031632254155671752e-01
9.341781389603621977e-02
9.567412368563341096e-02
1.023844481371388310e-01
6.107264357647782665e-02
1.022005492997096199e-01
9.685064290685911625e-02
9.369373986139754862e-02
1.038601672648956642e-01
1.136025701534972704e-01
7.672472901585428162e-02
1.018549318258904768e-01
4.312524767832786460e-02
7.933252695973683211e-02
1.150064155606149024e-01
5.744599026539293912e-02
5.807550896624660841e-02
8.558282108046333381e-02
1.200530197659670784e-01
5.952363382523295082e-02
5.574124609353425797e-02
6.015607403970700540e-02
1.124543539620896648e-01
8.927003640402131346e-02
1.073079358201743244e-01
8.903328165809819283e-02
2.293776956584597099e-02
5.251584440676772964e-02
7.005167769234112163e-02
9.361647484385034190e-02
5.496814384795337127e-02
7.343219477067011725e-02
1.168960282364950309e-01
2.403122297956934370e-02
1.259915526362081761e-01
6.133415928026163949e-02
5.496732874050713064e-02
1.262768857168120873e-01
5.210936256448783777e-02
6.478582523626075229e-02
1.083820376048681283e-01
1.501439984062781230e-01
1.554154164550311801e-01
9.403438722626107638e-02
1.696676530896700508e-01
9.414047992587343261e-02
1.344977420453746242e-01
5.293203029225469758e-02
1.005831902349023504e-01
1.950503206067188966e-01
1.978525251447129651e-01
1.911635653108871569e-01
1.997784050623936103e-01
2.227293486237380826e-01
1.716235401562642982e-01
2.219495594247598014e-01
