1.540665047971093854e-02
1.428013310245622967e-02
1.423651797002594040e-02
1.545298981842847981e-02
1.495451565735716852e-02
1.496452613793448037e-02
1.341930770520220750e-02
1.321459747714834668e-02
1.324565030745483707e-02
1.322183757810585329e-02
1.540400841426588230e-02
1.508020892597501661e-02
1.502299532211769442e-02
1.396709484810958884e-02
1.361199483310345654e-02
1.401424826877669533e-02
1.421921389274838007e-02
1.485542499857268363e-02
1.501586302942272723e-02
1.521258665495807752e-02
