1.636579210233420345e-01
1.637843023785633956e-01
1.629890866909965985e-01
1.606298544966959230e-01
1.456911789870451723e-01
1.696224558599364607e-01
1.666959465983753885e-01
1.733881732743151882e-01
1.608495386141879646e-01
1.678831149636173525e-01
1.618110458780743222e-01
1.575732345216444286e-01
1.590247716777886955e-01
1.692764790666339003e-01
1.684042380395537053e-01
1.653851561829066397e-01
1.560551062293661917e-01
1.683373735922489289e-01
1.685143400926933377e-01
1.732402271361293267e-01
