1.540664975387467592e-02
1.428012445469006159e-02
1.423650521937933587e-02
1.545299391614972373e-02
1.495451576152187663e-02
1.496452691691241982e-02
1.341930348046274993e-02
1.321459504868794516e-02
1.324565404528272282e-02
1.322184563433017983e-02
1.540401054579378093e-02
1.508020601964051195e-02
1.502299650023746630e-02
1.396710911708528777e-02
1.361200580688345409e-02
1.401426254540156027e-02
1.421921244986581838e-02
1.485542238216679134e-02
1.501586261945339097e-02
1.521258695875603827e-02
