1.540665368657614769e-02
1.428013312545354380e-02
1.423653260769707635e-02
1.545298450255183295e-02
1.495449567232905348e-02
1.496450567610961568e-02
1.341932626231450397e-02
1.321460170403757940e-02
1.324566196325550893e-02
1.322185239155728755e-02
1.540401012213132512e-02
1.508020394651917589e-02
1.502299833956100353e-02
1.396709972481798186e-02
1.361196687148504177e-02
1.401422598792373929e-02
1.421921801256570590e-02
1.485542458138713710e-02
1.501585123198941919e-02
1.521258697079216037e-02
