1.966227916312308643e-01
1.925393246268091441e-01
2.106876537412431527e-01
2.123480238575471135e-01
2.170784948545358695e-01
2.253526184876541993e-01
2.131564513351462409e-01
2.080681597078529177e-01
2.102366308229844660e-01
2.155267682399634732e-01
2.200039653797793149e-01
2.184600679643297072e-01
2.076599731663628379e-01
2.232316402389757370e-01
2.140770211523957134e-01
2.192043064244698636e-01
1.944571811216239676e-01
2.143724605001036676e-01
2.139775046839030581e-01
1.894337911479083703e-01
