9.258297402148606137e-02
8.416823700464017011e-02
6.030125780691305420e-02
9.897564549627406449e-02
6.624173251056750256e-02
6.982428256776365694e-02
9.358478962723475181e-02
8.827423976033071940e-02
8.432937701779325002e-02
9.680440210584297100e-02
8.231927664050059379e-02
7.813509346561028912e-02
8.421417436342597262e-02
8.295388702755508714e-02
8.563287849597993329e-02
8.439475921104795664e-02
9.296785616684145881e-02
9.282183141269523263e-02
7.695002943743625701e-02
9.400600138526403471e-02
