2.053213772404463844e-01
1.783576857050711562e-01
1.948074220327213890e-01
1.672845563007112346e-01
1.778012830488330809e-01
1.951712232695484439e-01
1.851753087841334910e-01
2.128693102640271673e-01
1.997797775366251249e-01
1.983702643029957580e-01
1.994169137582448015e-01
1.931658877603266433e-01
1.713360802786237924e-01
1.878793593451601740e-01
1.860474057613163701e-01
2.053906599179480819e-01
1.687575288699731946e-01
2.018571390703111090e-01
1.781186714314384467e-01
1.867954557930363024e-01
