1.083952518189737063e-01
8.680269102515340840e-02
8.215999754812498834e-02
9.974960393430570837e-02
9.123589202138845944e-02
9.834964732529040410e-02
1.121002717382833802e-01
1.002911256243436133e-01
1.017569603340491152e-01
1.147540058141474362e-01
1.016507753223576532e-01
1.084535075496748241e-01
1.064912251995315529e-01
1.171430513210072466e-01
1.156055155084465547e-01
9.136321313083449469e-02
1.079949828828940250e-01
9.416203067238074209e-02
9.087487853435846641e-02
1.191367155674343120e-01
