7.476671139236372443e-02
6.143994791006957695e-02
7.183382330255448645e-02
5.822705693572600982e-02
7.709801274615865618e-02
6.025490766819760480e-02
6.607069463321273151e-02
6.943050835842727586e-02
7.306595048646623292e-02
7.134314991321680233e-02
6.155929402644363252e-02
6.959177495521709500e-02
5.423096297799985532e-02
6.948774422918782556e-02
6.566765533773635810e-02
7.020367885811182318e-02
6.679259010118716866e-02
5.626706824320138606e-02
6.758765335798115614e-02
7.078880784506665080e-02
