6.047100131939552731e-02
5.794280306844602074e-02
5.273773887210888439e-02
4.532752179082411015e-02
5.809280370270476779e-02
5.378495361912720429e-02
6.104010609292363082e-02
6.276684825531364531e-02
5.938595803699590892e-02
5.137108214511391241e-02
5.964178975561724300e-02
6.139107088526583184e-02
6.380044881265317658e-02
5.898050436750298248e-02
6.151685335781391373e-02
5.964170848263743163e-02
6.479803020291029225e-02
5.915389384126681915e-02
6.021940849417629915e-02
5.711511053054222492e-02
