1.715134104539354498e-01
2.193011478203730769e-01
2.318828067658123271e-01
2.020884118270474539e-01
2.139408459051376776e-01
2.182405509436513291e-01
2.211818393992474319e-01
2.083603904727935607e-01
2.427951810546782607e-01
2.397253871305715933e-01
1.987456323313626927e-01
2.420681522569325117e-01
2.355127023763036731e-01
2.238276736342853512e-01
2.407842089031226596e-01
2.389698131925988567e-01
2.341804767265937282e-01
2.349152804627577251e-01
2.347752691562555449e-01
2.292220734902192247e-01
