4.428624798608966628e-01
3.797624466948427147e-01
3.796128243770581778e-01
4.428797335407876901e-01
4.090961054073804504e-01
4.088496658428602548e-01
3.812900319803296245e-01
3.817510719682588594e-01
3.797077205345002482e-01
3.797330423840282188e-01
4.427528450783787539e-01
3.804156358669031346e-01
3.801987007874689239e-01
3.790787338046256449e-01
3.809293985546272632e-01
4.320010702087834775e-01
4.325717750891876490e-01
3.944549806847798545e-01
3.942548784249356730e-01
4.427006826962338049e-01
3.823244158775340185e-01
3.825608812088667765e-01
4.010820062078306325e-01
4.016631464635182502e-01
3.966134866774301271e-01
3.966149332516870629e-01
3.783885367852857229e-01
3.812344200540848660e-01
4.404301267944294440e-01
4.406585388355031552e-01
4.321553944738877884e-01
3.998412826324010960e-01
4.057829521945269247e-01
4.152014027511563010e-01
4.153383309383688604e-01
4.242022136833121793e-01
4.240951878334218161e-01
4.421936042756944851e-01
4.425707596928061260e-01
3.780319100461753123e-01
3.820225046728277229e-01
3.815239493934613479e-01
3.804569941133018052e-01
3.809613982525327236e-01
3.556422538530029653e-01
4.351418298771749793e-01
4.350002011880340635e-01
4.415057751712289646e-01
4.124593845484847976e-01
4.127152607513180915e-01
4.255465115886629679e-01
4.250260509383076424e-01
4.419830505132866239e-01
4.419083008108898869e-01
3.840269120625521837e-01
3.835596507604985272e-01
3.751338099108267876e-01
4.148184493090851244e-01
4.027925473520563293e-01
3.801940890700568620e-01
3.794487903986275001e-01
3.794272379334748813e-01
4.405983719062761539e-01
4.412077587288713576e-01
3.840760185996343612e-01
3.837235807333865822e-01
4.408367919062616269e-01
3.794708239784400639e-01
3.795753429922115729e-01
4.247726287532895828e-01
4.273959809200589266e-01
4.080867199540245127e-01
4.084248656073349304e-01
4.357964092044344651e-01
4.357636936950067819e-01
4.081099305387879128e-01
4.083490570481733140e-01
3.759970237091582179e-01
3.845904396192870722e-01
3.895527865567949277e-01
3.894166184084723592e-01
4.352915023124223071e-01
4.350679580974615712e-01
4.390306268641910314e-01
4.403871516995124247e-01
3.713669183001980789e-01
3.628718327814632327e-01
3.634776894751516885e-01
3.719101829425954797e-01
4.389123303170855972e-01
3.640071320113546505e-01
3.638407374067341715e-01
3.947239436682387081e-01
3.767207852855614658e-01
3.795248020994935190e-01
3.796778086641905969e-01
4.377629564128677764e-01
4.370958366332765577e-01
3.604024077720264230e-01
3.913400940434069164e-01
3.954029069858432943e-01
3.765073137998761754e-01
4.418100366942256940e-01
4.421814741370866941e-01
4.411270899005043655e-01
4.408203110175137329e-01
4.389035957491876361e-01
4.393269513606743448e-01
3.805224056848364178e-01
3.803428587768200031e-01
4.419281109383861317e-01
4.418284654223037511e-01
4.274676935963572788e-01
4.271868484963569634e-01
4.370878161299688869e-01
3.870693693981059336e-01
3.873638805975431199e-01
4.420207972664816909e-01
4.417958116597353602e-01
3.757527971723430005e-01
3.978138727300181698e-01
4.073422166032362735e-01
4.129597189614502284e-01
3.976363012296012522e-01
3.973656587952748565e-01
4.291458245530861415e-01
4.293358164098313723e-01
4.075780154396445587e-01
4.076289742999184007e-01
3.707382535190033024e-01
3.898945028644700272e-01
3.660726560090015180e-01
3.756114321985387083e-01
4.306236902443940084e-01
3.955401792392547189e-01
4.002310801226546810e-01
4.001452328846323847e-01
4.346585502042861204e-01
4.349671510546422315e-01
4.224814178337957804e-01
4.254795549341665595e-01
3.626494805062415727e-01
3.754609719809535173e-01
3.739269262707492492e-01
4.402686131903164601e-01
4.398675863473868741e-01
3.724291031407089836e-01
3.658164537053294474e-01
3.878936208562280830e-01
3.601604562722340308e-01
3.958805557714105139e-01
3.955286875512640798e-01
4.389614754790003848e-01
4.389364126929065635e-01
3.955286493268944659e-01
3.957156363064534554e-01
3.700884682890255295e-01
3.901076092572413612e-01
3.864187005072464709e-01
3.850924627915654486e-01
4.402182195211003513e-01
4.386806580266743305e-01
4.343093602030912437e-01
4.425323983205260436e-01
4.322452749869640232e-01
4.335433862154641216e-01
3.875640659166348923e-01
3.872477136972800049e-01
3.851272564117992347e-01
3.839354351148637767e-01
4.388887404531737202e-01
4.420770589890887226e-01
3.864642929845115704e-01
3.866169132462817792e-01
4.299089475835521368e-01
3.817733046539626973e-01
3.793072674026152225e-01
4.041922717612351779e-01
4.048961020593283555e-01
3.885417280771734094e-01
3.625701012733353323e-01
4.063120471816772938e-01
3.955079729194456717e-01
4.268308855191980111e-01
4.307284049888490118e-01
4.247856892850546684e-01
4.029448979733128988e-01
4.197344299878187357e-01
3.992013729060265859e-01
4.298560146715990626e-01
4.302609817482075383e-01
3.648293291322414200e-01
4.028060209040982831e-01
4.072863385757601873e-01
3.901510730406047567e-01
4.068317580826884550e-01
4.072572894882414141e-01
4.229312395629512000e-01
4.237169750685726988e-01
3.975095651375806782e-01
3.975738104282242058e-01
3.801920998155473019e-01
3.805209291058471721e-01
4.411552575823364242e-01
4.416919483438818128e-01
4.133669300719702844e-01
4.375828927090028020e-01
4.399635724190527619e-01
3.809535443578441205e-01
3.830746520201048777e-01
3.739667261059068104e-01
3.690222834619835135e-01
3.893792119942771635e-01
3.887818077183936016e-01
4.341077321405673040e-01
4.311657588608078795e-01
3.809311805111521010e-01
3.821994217522851067e-01
4.385148598262149644e-01
4.415788402459738249e-01
4.078807764619581944e-01
3.692830512295292023e-01
3.707298387983665733e-01
4.099448172266039192e-01
4.165821303485867655e-01
4.161609422664904190e-01
3.658333011692400660e-01
3.921733038748063671e-01
3.791290097566806239e-01
3.781179862114905088e-01
3.787414505515457330e-01
3.787549335425491326e-01
4.141189541208462610e-01
4.138508987706752129e-01
3.547889381666888275e-01
3.638442802431477996e-01
3.593817615262254184e-01
3.580208044987586158e-01
3.586415105432359529e-01
3.568097570738473223e-01
4.360829854104359971e-01
4.399054011222096605e-01
3.879311835642436090e-01
3.879372775277367125e-01
3.792138853957925937e-01
3.785706562745391190e-01
3.848293388720281372e-01
4.402348937315165855e-01
3.762993599969204905e-01
4.105570579011209031e-01
4.318195699167712842e-01
3.729718534454299350e-01
3.724058294717790818e-01
3.887608518314608075e-01
3.891045998061475331e-01
4.416014529705122316e-01
4.419304336592533855e-01
4.327913783012259374e-01
4.323779498612491112e-01
3.850498695892580203e-01
3.847809916414558495e-01
3.967232261928169690e-01
3.967839470493063625e-01
4.330356652059084155e-01
4.481857323537954962e-01
3.564658938608624150e-01
4.230945388361557202e-01
4.036755507681329957e-01
3.944166749090184942e-01
4.089053404686025517e-01
4.077392885171363668e-01
3.591425973197202026e-01
3.778194560842190741e-01
3.642328616396288132e-01
3.809243147656359296e-01
4.368939509481308270e-01
4.378193643395925649e-01
3.570955868811560019e-01
3.887515308229027022e-01
3.709530740248755953e-01
3.743172052525015614e-01
4.404695329677193461e-01
4.410699560070069358e-01
4.006518336798463586e-01
4.010419004775472862e-01
4.176185513572873154e-01
4.158204967599096746e-01
4.212815893030397718e-01
4.140987140554340806e-01
4.121315301881665061e-01
4.106807758798866614e-01
4.106983009102992965e-01
4.383208554018734326e-01
4.400024374445079545e-01
3.911308427665567411e-01
3.923101388398603784e-01
3.805287713827537610e-01
3.816953902916399022e-01
4.197433572722118478e-01
4.185044420828104017e-01
4.349548531786352479e-01
