1.169864626343131674e-02
1.129631435990053299e-02
1.045575109913413243e-02
1.098318121318965328e-02
1.214716314424586774e-02
1.153975616388763434e-02
1.049352711789532967e-02
1.007190531432114282e-02
1.106499947502689700e-02
1.018492791205255661e-02
8.434482056574679060e-03
7.888221441939791134e-03
7.591025122882147542e-03
9.631387958652906991e-03
9.150419332306390652e-03
7.763226554843561528e-03
1.104793130901745440e-02
1.056934768273433238e-02
1.171345117129803971e-02
1.145424627731868490e-02
