4.318784168503242427e-02
3.808015020286192182e-02
4.752596691052387440e-02
4.827214309395642250e-02
4.755758807399484284e-02
4.947008741553621941e-02
4.657900388695890292e-02
4.773385399261372702e-02
4.878471364045024183e-02
4.294054182070350389e-02
5.482888478460571507e-02
5.173193633219228676e-02
5.320628989432713007e-02
3.880984352715285274e-02
4.160901068488600391e-02
4.681571127002888411e-02
4.836060345453901260e-02
4.431371769235806918e-02
5.020235218596635907e-02
5.102384763346513863e-02
