1.927662174749310842e-01
2.021883687671886809e-01
1.893160474043351915e-01
2.014608111093446896e-01
1.728582656857993449e-01
2.062675813762803179e-01
1.993561003425471934e-01
1.830006087663423042e-01
1.784607791120032261e-01
1.759252255903682172e-01
1.972850675605682669e-01
1.970422961485304714e-01
1.938279352428743663e-01
2.001457605512847460e-01
1.754606980001717775e-01
1.809000701445128145e-01
1.701332612042420478e-01
1.788435573061108175e-01
1.620251239857027348e-01
1.901812513430721496e-01
