1.540665383112966441e-02
1.428013437736064782e-02
1.423652498399175653e-02
1.545298624275075368e-02
1.495449549575147280e-02
1.496450399609863119e-02
1.341931618327467900e-02
1.321459887508528996e-02
1.324564329173482345e-02
1.322183726386547652e-02
1.540400838609488031e-02
1.508020823554528933e-02
1.502299350910918201e-02
1.396707632182378998e-02
1.361198458513751194e-02
1.401424718948897190e-02
1.421921307038727551e-02
1.485542455437088676e-02
1.501586312657600744e-02
1.521258730084680544e-02
