7.183640057505792653e-02
7.303398920695473862e-02
6.992158133300468981e-02
7.457432010917446064e-02
6.791968971677039835e-02
6.773275524098101852e-02
7.326211325533207863e-02
6.706570957084806439e-02
7.392216744065498168e-02
7.311411841343991302e-02
7.073440090910025624e-02
6.779251832569688219e-02
7.058148668305233575e-02
7.165407148006885940e-02
7.142594756607278939e-02
7.154272317717910723e-02
6.950658217113890591e-02
6.813955770404295231e-02
7.211093404355965741e-02
7.033481008376386845e-02
