4.554193305187299867e-02
3.291155096870178320e-02
4.073283223303200695e-02
4.582978696169751065e-02
4.340056037043555498e-02
3.347965060247607566e-02
3.943388894306894960e-02
4.133186132569431626e-02
3.997451538444039831e-02
4.593334840492870746e-02
4.245767029542065613e-02
4.010614090896451323e-02
3.945611740975788623e-02
4.055138672516769849e-02
4.153138358054702522e-02
3.307377663432382875e-02
3.931803244243981671e-02
3.717570072512316193e-02
4.527894071251904740e-02
4.193633369972341735e-02
