2.258354709685873318e-01
2.093496015824678758e-01
2.143730106333986696e-01
2.248546057486105476e-01
2.179172313048438059e-01
2.198569638960574668e-01
2.187287070738150319e-01
2.297733690608807500e-01
2.266765589051250862e-01
2.078043130615071510e-01
2.000244442603006934e-01
2.293039398137614315e-01
2.007261532947262062e-01
2.194962834794418616e-01
2.247011513231384761e-01
2.144716822457971017e-01
2.198965796158101615e-01
2.240471703487951494e-01
2.120650092225742356e-01
2.115156421672486631e-01
