1.616293598331337567e-01
1.613660854582558146e-01
2.026850870355355327e-01
1.972245035549111958e-01
1.707248378804367972e-01
1.854656334097060377e-01
1.581370511316637084e-01
1.585318331852964557e-01
1.868584461587925460e-01
1.816632285591493479e-01
1.875621298837024387e-01
1.845963606179239214e-01
1.856360122544366276e-01
1.877054563017215016e-01
1.570993623416947760e-01
1.425660536322029270e-01
1.023402586300948408e-01
1.890660950667256979e-01
1.885195626271651825e-01
1.411549898100749600e-01
