2.307457586832843688e-01
2.416641686234633490e-01
2.273916335214742346e-01
2.381051183026695051e-01
2.386263422290880454e-01
2.380656549197621707e-01
2.404862684998632372e-01
2.343884384506438878e-01
2.411075966043941810e-01
2.397855674625213873e-01
2.364842393484941907e-01
2.328614081344926035e-01
2.330541494454605733e-01
2.483757672358415103e-01
2.278744176546380062e-01
2.450036548036868822e-01
2.318852111533822868e-01
2.385022573620804165e-01
2.400008485514652790e-01
2.355186725313845597e-01
