1.164162457408774581e-02
1.590292285443553610e-02
8.838998595756680787e-03
9.823158279039484464e-03
1.445571630782549119e-02
1.100933795128726522e-02
1.380509236020727171e-02
1.424407608816111344e-02
9.264208734782716781e-03
8.536786532876317057e-03
1.022177087310529621e-02
1.236079453331989653e-02
1.396446176127056314e-02
1.248008169605555918e-02
1.220789404565328709e-02
1.233794819669944282e-02
1.325274436119219801e-02
1.197791694378582024e-02
1.234328607852622564e-02
1.111609043306343962e-02
