1.300885245528104750e-01
1.380056801179255777e-01
1.212006012486341600e-01
1.384254978859761620e-01
1.367198931377171522e-01
1.333637260156713689e-01
1.238601582711120475e-01
1.245893095434359443e-01
1.363583916268518992e-01
1.247055752596366585e-01
1.275738353698100125e-01
1.238992481063604517e-01
1.260973495006942890e-01
1.303500092908811692e-01
1.212003045841747034e-01
1.336108572148631268e-01
1.373905139734454550e-01
1.200968054319125483e-01
1.388464960028518436e-01
1.300276439794674221e-01
