1.770658124510128828e-01
1.778374493714674764e-01
1.754358325111640693e-01
1.651498528720507231e-01
1.408298136863730399e-01
1.672395436101729860e-01
1.801695426072235096e-01
1.874537167376553737e-01
1.563407029474254695e-01
1.514404430453995254e-01
1.572393655249916256e-01
1.521422780160552046e-01
1.511354917800162290e-01
1.456593288942285846e-01
1.550406759654737732e-01
1.495676561461561638e-01
1.581146212086261826e-01
1.644014762433545773e-01
1.572918553316964840e-01
1.996497830879105095e-01
