4.435605530247641592e-01
4.185733910550589743e-01
4.166898910644653009e-01
4.450141998705501867e-01
4.227655357321697394e-01
4.223774868177370689e-01
3.870413196079565132e-01
3.808715408779024258e-01
3.807033448123119390e-01
3.794549584099015660e-01
4.438030420636950302e-01
4.390651950522075353e-01
4.373490350279364280e-01
4.152587667189793219e-01
4.048145514405709355e-01
4.013665006617035402e-01
4.057407865997767482e-01
4.259737515042566480e-01
4.310964689095824753e-01
4.373268759998575894e-01
