1.540664969993244329e-02
1.428013053064863813e-02
1.423651356227776180e-02
1.545299509876641927e-02
1.495450646586498483e-02
1.496451728206831845e-02
1.341930589079558950e-02
1.321459575113161609e-02
1.324564587125749184e-02
1.322183966287530064e-02
1.540400906100284489e-02
1.508020661677553047e-02
1.502299618891020892e-02
1.396709949112009790e-02
1.361199847768296105e-02
1.401425398966938719e-02
1.421921365777436067e-02
1.485542428346888627e-02
1.501586245947867694e-02
1.521258628774991954e-02
