2.508470598893484671e-01
2.593901247125338094e-01
2.493472210448271775e-01
2.769695406735099286e-01
2.763066794694945538e-01
2.568946988633388218e-01
2.616086536736000334e-01
2.294741866439575506e-01
2.648573649996204815e-01
2.640791707487551432e-01
2.758380681014117042e-01
2.604464840566388384e-01
2.739220851594964534e-01
2.684599773923191379e-01
2.727458466832869410e-01
2.705995547478377006e-01
2.705021785303584059e-01
2.559937378295172317e-01
2.626258441067730875e-01
2.733940261860969279e-01
