2.237604934839905746e-01
2.594278768864424212e-01
2.408695417761665680e-01
2.304635956609921710e-01
2.469593186882491076e-01
2.519937705192267785e-01
2.341053079884146682e-01
2.425681007449536630e-01
2.550585700992460958e-01
2.405148711853119237e-01
2.537047273452616158e-01
2.518283564505344740e-01
2.545920416530572106e-01
2.539338271303880346e-01
2.383203388245296039e-01
2.518924762971966325e-01
2.441035275345554423e-01
2.245394961244429610e-01
2.170956909600802731e-01
2.083219054271273629e-01
