6.828818867821608019e-02
5.391429280121457640e-02
6.619015462182438470e-02
7.473655843696823398e-02
5.487771479766512250e-02
6.506154236106476141e-02
6.294494076940916616e-02
6.177241195530647211e-02
6.588995446471482276e-02
7.154420620934724695e-02
6.437845689087315360e-02
5.944409313153740937e-02
6.306050824807793442e-02
6.449747423737203778e-02
6.187140122421804639e-02
6.623153121844095603e-02
7.082014111771653408e-02
6.015134014852868694e-02
6.640186640722887945e-02
6.052711407638920044e-02
