2.459630271854676420e-01
2.534009230124565915e-01
2.557634788919551094e-01
2.502998824300990410e-01
2.517774782036578118e-01
2.188935335809908678e-01
2.584289150252181977e-01
2.746348998651387818e-01
2.566641388449371064e-01
2.672366947391312531e-01
2.626302630331149301e-01
2.683325343011850328e-01
2.714838658229958290e-01
2.659927915562660394e-01
2.465657320617107573e-01
2.630244303030586650e-01
2.584327085040589722e-01
2.280463228894628880e-01
2.596064785602323344e-01
2.706165579831061874e-01
