1.810863632376205623e-01
1.826787380174591247e-01
1.727020322969639310e-01
1.875174024484025370e-01
1.631480630270024934e-01
1.545800625234567127e-01
1.585576406345530487e-01
1.663066191912216663e-01
1.794368383736687222e-01
1.802451794273339514e-01
1.781947252272776394e-01
1.669105511462081748e-01
1.874038080599824407e-01
1.523060569081876314e-01
1.969527927913753418e-01
1.704864756917143509e-01
1.394869729149606219e-01
1.778371033263615453e-01
1.811948382122915702e-01
1.398963362301313407e-01
