1.410903686244460997e-01
1.170027498503559693e-01
9.137602708683802144e-02
7.880732711650664801e-02
1.428345372018857418e-01
1.470341925829300733e-01
8.346527924153518407e-02
7.429691580977199061e-02
1.311818053810079043e-01
6.638400325598287077e-02
1.424966166555645120e-01
1.373695039539589435e-01
1.426191286265557356e-01
1.273337754791953325e-01
1.367547800840211991e-01
1.394257753450467707e-01
1.087210746928116145e-01
8.810482470871354443e-02
1.222683202764423688e-01
1.220256698444303622e-01
