1.738322573419522343e-01
1.554975255621547647e-01
1.845927352363696816e-01
1.834006350273651997e-01
1.971983496276155379e-01
1.698832672412653733e-01
1.838645287026561270e-01
1.644919131764813192e-01
1.750689212522807958e-01
1.701057037837091779e-01
1.859372852598266956e-01
1.655819169174253813e-01
1.969581860893868663e-01
1.950192846301679606e-01
1.474064756623276184e-01
1.727079737129156300e-01
1.986893715536491301e-01
1.914629735797017673e-01
2.045691759598551318e-01
1.711825231633981037e-01
