2.066614360697624497e-01
1.938528954822758832e-01
1.924666531868471919e-01
1.795668732079649665e-01
1.692276397395321430e-01
1.881322934132152735e-01
1.856109764733726852e-01
2.047414365916886969e-01
1.828479703005987111e-01
1.857965941542090715e-01
2.060747517801644058e-01
1.785529002312477020e-01
1.920682232255453148e-01
1.912407503690763122e-01
1.747262735324431049e-01
1.508155256811517242e-01
1.863952037469680245e-01
1.812545847430801216e-01
1.983871698195486533e-01
1.884253382459268322e-01
