2.186976301298213798e-01
2.068481346324741732e-01
2.042403659138210537e-01
2.094496689559244840e-01
2.068570710067622054e-01
2.088638850066151242e-01
1.918869293950334343e-01
2.056406575488276545e-01
1.216458093487293030e-01
2.048994494009755973e-01
1.838769203735554914e-01
1.722841937697627002e-01
1.948291359698481329e-01
1.567105440275520789e-01
1.874447585483129397e-01
2.138512359857468181e-01
2.006275237202153339e-01
2.091950191089715916e-01
2.132163340159141940e-01
1.950882032291268720e-01
