2.299738686273817279e-01
2.286048362923284172e-01
2.286265054660582274e-01
2.431951859658428861e-01
2.384528571444605727e-01
2.444068834832816839e-01
2.343100131818123821e-01
2.369916854679795792e-01
2.480773072065495521e-01
2.208899347343152020e-01
2.573032840839176161e-01
2.189097200120844466e-01
2.515916533082508399e-01
2.384648118479311407e-01
2.411834887415174600e-01
2.192941310124010834e-01
2.362810550701202328e-01
2.464511652963833621e-01
2.425752437134094663e-01
2.381935224883265367e-01
