6.395480520569531979e-01
6.223165437581517079e-01
6.150867910942618977e-01
6.353492372702913560e-01
5.634510446277435358e-01
5.731246996679902894e-01
4.936245856869729831e-01
5.764816192933709393e-01
4.568428050605541912e-01
5.581730406683590440e-01
4.699609731557440884e-01
4.723652538725209848e-01
1.936431991183944212e-01
2.222153834630891667e-01
2.442360287632913685e-01
1.895608316219085931e-01
1.700444304290116837e-01
1.467677688869161445e-01
7.955464438508716429e-02
2.022043873877737152e-01
2.065125432662965055e-01
2.237730141013211382e-01
8.858850735930900999e-02
2.186637426687097485e-01
1.760488348725050278e-01
1.293838008410548024e-01
1.356957237759661428e-01
8.047316276787777611e-02
9.790708505094089520e-02
1.289107150429424087e-01
1.368123382731582516e-01
8.981656849361881190e-02
1.110768449012572018e-01
6.171656070325954452e-02
5.165498279710016571e-02
5.647290183917583195e-02
9.417222899039714989e-02
2.854782265496956170e-02
1.322639380453881908e-01
6.508889774003072393e-02
1.007140749010395492e-01
7.023065593945947149e-02
9.546590305971501544e-02
5.743771455551234528e-02
7.722863753387004815e-02
1.072074199161065916e-01
5.141784792269750437e-02
3.727841907920562831e-02
7.952985015228246357e-02
4.598749008969068436e-02
3.933213687466864672e-02
7.223813223334910050e-02
7.244914743298758175e-02
9.156768985274931980e-03
7.074113466571622932e-02
4.978762467173066669e-02
8.075566004226079897e-02
6.174953549868712754e-02
4.682774908834906602e-02
7.452269995083775356e-02
5.363534782417397895e-02
6.894135955559187179e-02
1.640762257521306486e-02
4.952461724008682536e-02
2.150854858931375638e-02
3.636183711317846762e-02
2.561891469965403914e-02
4.773263959849109728e-02
3.794213257804884137e-02
2.633785545616240328e-02
5.677436494139402601e-02
3.587858579200473713e-02
2.025071968813738771e-02
2.909463567953340241e-02
7.784061718065230645e-03
7.258454567638822352e-02
1.826151349578036820e-02
4.923231924440645002e-02
4.399416851319493116e-02
1.830044171673852332e-02
3.314267522602863669e-02
3.226524581901835109e-02
4.993805335687868940e-02
3.139741407076723084e-02
9.135324303708142191e-03
1.291994520396868434e-02
1.475638003817835581e-02
1.366522366657903741e-02
4.606844809440582139e-02
3.935885002156505608e-02
3.174406303116857758e-02
4.526348079351931453e-02
3.682601697353179993e-02
3.683209244388140069e-02
1.373782943360692815e-02
1.481247344477226204e-02
3.726128413598413930e-02
3.741698460879998994e-02
1.582748220935135258e-02
4.086095301795618362e-02
2.255073691624755877e-02
1.621617982938609870e-02
2.881011793835066420e-02
4.053758817381898638e-02
1.214539151483639765e-02
9.603627644897291815e-03
1.727597240866464434e-02
2.016429969624145696e-02
3.675505722165279404e-02
8.744920312921490579e-03
2.037845324060331628e-02
2.361751308760278931e-02
1.140737012085697895e-02
9.071760482494584110e-03
3.820735232579969276e-02
2.447482397053100944e-02
1.633657397049073645e-02
1.514119033043633683e-02
2.396248616662948611e-02
5.712301234070107925e-02
2.125906766287686059e-02
2.964838644036038237e-02
1.836516639338166973e-02
2.855062986097478203e-02
2.153274333082726491e-02
2.726082797184450207e-02
2.522837501257541373e-02
1.397585887636536468e-02
9.877603339017724041e-03
1.510788078356287145e-02
3.132916471649167117e-02
9.436097871466176193e-03
2.233295567823624650e-02
1.656423929713472104e-02
1.221247943618357021e-02
1.180306501856773910e-02
1.795036874366421481e-02
1.724325795650591062e-02
1.338127749259481955e-02
2.192812408363797178e-02
2.255117421016757107e-02
2.191766653502200818e-02
3.018108933067976604e-02
2.163862396513514808e-02
2.858162561229341328e-02
9.132525915226702429e-03
1.215058917566093008e-02
2.851756873115708288e-02
2.416536116884788685e-02
3.310467221172642277e-02
1.536679949145686001e-02
1.093430769029931152e-02
8.898838528751224289e-03
1.425671799679142232e-02
2.358729414871057681e-02
1.246631398079300554e-02
4.061549353824586706e-02
2.509669826371936641e-02
1.179429309406856280e-02
1.708961449297687063e-02
2.192228028743411009e-02
1.880586305287957824e-02
2.018684996439605930e-02
1.691191001750312270e-02
8.783747729292338061e-03
1.521940969800212283e-02
9.553249482656355623e-03
1.906819717795694286e-02
1.078847058535997716e-02
1.966462791402285790e-02
2.099132064814017082e-02
1.671176595472139564e-02
1.129012945190861067e-02
2.553057336404463210e-02
2.102822738572056316e-02
6.785582336608650747e-03
2.211369763757095944e-02
2.090956684240081326e-02
1.123284236324764013e-02
1.464792301449050101e-02
4.916675593939804148e-03
3.912090475004283835e-02
1.632249080473591185e-02
1.294092507268081171e-02
1.155873313213155729e-02
1.292724792594015897e-02
2.850012484268004895e-02
1.022618831410022737e-02
1.998339469570710111e-02
3.780776538833146433e-02
2.207848038837684906e-02
1.698908102141051882e-02
2.998891421646884131e-02
1.175604786388747235e-02
6.768119776876463725e-03
1.853543552413762854e-02
3.560994251603537969e-02
3.354615452563102646e-02
2.146301974103051111e-02
1.281822423449371223e-02
2.146270566602867177e-02
3.348250975169401317e-02
3.521734419206288408e-02
1.824420169770211292e-02
6.466246199911908354e-03
1.111218594861100584e-02
2.835303577960656893e-02
2.066210367917941521e-02
2.173339170586041993e-02
3.865053992960240659e-02
1.910494480286865221e-02
1.099705135356062076e-02
3.028434658814986927e-02
1.193962355354817768e-02
1.149507514609541224e-02
1.381069225621479532e-02
1.703485881413839206e-02
3.783068691672132611e-02
4.345242423527364249e-03
1.533857010729660492e-02
1.011813244820313103e-02
2.418572609506863813e-02
2.192473477399272536e-02
7.023964485011527197e-03
2.106919345318827505e-02
2.612712236598703497e-02
1.216109016511870804e-02
1.649711198816145377e-02
2.106379313559747155e-02
2.009284064549824930e-02
1.119656524493710913e-02
1.287047774143740969e-02
9.701645350420683850e-03
1.526508519557259747e-02
8.409467838282976351e-03
1.616046076119541722e-02
1.827243216634928669e-02
1.740359904493961329e-02
2.078974231393990180e-02
1.729148120172653222e-02
1.445465059475829588e-02
2.759081314975121713e-02
4.044689157858618461e-02
1.422395684422043081e-02
2.264018132681938980e-02
1.322375346443917417e-02
1.008973601076031991e-02
1.097015194628156443e-02
1.547814498445260548e-02
3.029661803022585045e-02
1.171937502164965665e-02
3.139751354549973755e-02
1.195664407733272420e-02
8.374817907085449833e-03
2.639139321245711697e-02
2.084511534843282166e-02
3.389513516719085823e-02
1.835567490241724053e-02
2.357214371246711335e-02
2.070229206864978092e-02
1.386237280963297479e-02
1.435322570070678497e-02
1.674932518051661795e-02
1.234486227070152181e-02
1.074650832773787860e-02
1.403751076195393355e-02
2.018941051827775543e-02
1.018165121460238090e-02
2.025709530688954430e-02
1.176750360802073479e-02
1.056640066009713330e-02
1.487255803516415557e-02
2.205191908282641555e-02
2.375470857588578635e-02
1.534679269067405934e-02
2.140924406950492354e-02
1.535427026452739971e-02
2.105606318714093109e-02
2.086693670224418207e-02
3.242162730536148063e-02
1.447883554166789349e-02
9.453418767235915315e-03
1.212690172876632576e-02
2.165042637155395813e-02
3.740827611874329023e-02
9.637741486048805387e-03
1.380543150573332670e-02
1.679157565494252338e-02
1.497688655886070773e-02
6.854033703268102434e-03
3.024821456110012019e-02
1.689109236184490465e-02
1.016998355477890213e-02
7.971727941546030011e-03
1.199201673009053608e-02
2.243816288494792505e-02
2.645855796267153337e-02
1.413719997636669369e-02
1.742190404667929085e-02
1.883110690781054225e-02
1.222513173694690126e-02
3.762152675396586432e-02
2.838555172714123803e-02
1.114767585459481430e-02
1.134514613955240302e-02
3.080662894729820078e-02
2.500262834508781840e-02
2.489430741836846581e-02
2.851296780806035838e-02
3.396971149257158040e-02
1.877064325132434680e-02
5.662823849132028568e-03
1.074297287551172903e-02
9.484416175050610145e-03
5.873928899872653438e-03
2.154631052339550309e-02
3.128356185751556690e-02
2.959529455504884832e-02
2.133504734770643244e-02
1.345494472905196977e-02
1.045942376412649540e-02
2.463281939375365839e-02
1.095453304122582551e-02
4.085862082110189308e-02
5.752424781111839178e-03
1.503167900821605375e-02
1.081188777801990984e-02
2.066089423056109015e-02
2.819196438724130144e-02
9.592699219766629912e-03
1.846707735430521205e-02
2.719453955292249273e-02
8.480410427375632137e-03
2.429081233668427264e-02
6.047495718109094712e-03
3.136637220536510340e-02
8.015250217607615760e-03
3.663783197814956399e-02
4.166081291843833773e-02
3.390295428154348895e-02
2.688651614989352734e-02
2.353801261071722731e-02
3.769044848604876513e-02
1.776124936196812193e-02
2.170284831240742660e-02
4.121288207935283436e-03
1.593291207818318261e-02
1.639079948347050425e-02
1.705290991217178059e-02
2.027565592316253953e-02
1.293046863179592339e-02
2.687592626185969849e-02
5.850287100382834012e-03
2.037036822201475014e-02
1.876172696531487952e-02
2.325483608532376636e-02
2.852103594832017253e-02
1.473763350029929677e-02
6.210325745633103744e-02
1.800122705226099920e-02
3.345648401160923602e-02
1.514720967005204165e-02
5.826696861680090433e-02
8.425799965293521640e-03
6.883156158469020541e-03
8.309550352516223426e-03
1.297788517024461331e-02
1.341603487299221353e-02
2.262674726413485549e-02
2.045144722868416642e-02
1.446026648700172654e-02
9.517842216598591809e-03
6.400322248419917925e-02
2.656059713044270354e-02
1.583414212182231162e-02
3.303253857842915198e-02
6.684811607825235161e-03
1.498662020104415266e-02
3.466841531144904814e-02
2.561549802797662492e-02
4.867383936875836759e-03
1.419285021613628933e-02
8.669290686646565630e-03
1.276116617943226332e-02
3.372020931723469783e-02
1.533305572435048926e-02
1.643794051172883450e-02
1.324227735970902667e-02
2.904668967364581675e-02
4.063226695522621085e-02
2.667925714972312068e-02
2.711895721723170394e-02
2.523753179702822869e-02
2.773934041991250182e-02
2.987451362726045376e-02
3.925798086061493136e-02
4.392892765965043800e-02
3.041381403461162689e-02
3.035911204565175728e-02
3.421691461504240001e-02
3.030374359628183745e-02
3.031490672903979638e-02
4.372476862957960092e-02
3.899594060359069803e-02
2.962013933577654218e-02
2.748667137237792435e-02
2.494277156302451490e-02
2.675346513922697775e-02
2.631593630879008536e-02
4.000094742210093951e-02
2.850829704226880493e-02
1.293335286111754572e-02
1.599575191973374305e-02
1.509787430049262455e-02
3.305855522474938218e-02
1.239336553496572443e-02
8.435690970406899830e-03
1.374695941005952583e-02
4.646587418210378420e-03
2.496638713813848290e-02
3.376817400524967372e-02
1.454188768048093362e-02
6.348637331028033834e-03
3.243251233206555922e-02
1.543982802167508106e-02
2.655042272806998338e-02
6.376714621950242690e-02
9.105936399573792694e-03
1.390108849178947267e-02
1.968485021723184042e-02
2.184410887858675293e-02
1.310108674718788585e-02
1.228895398888465648e-02
7.772971104475309527e-03
6.667632899838954810e-03
7.981626295357972800e-03
5.930982099335728452e-02
1.439167486628594415e-02
3.405516711756573223e-02
1.794192867454784401e-02
6.263787239159475384e-02
1.428561085438675646e-02
2.910470604891744750e-02
2.264489840476649474e-02
1.844784297613638949e-02
2.034042063323705449e-02
5.388778598140232107e-03
2.665509678268552368e-02
1.267322859009435004e-02
2.032370643388218406e-02
1.758590880106182183e-02
1.621285697511838306e-02
1.551324671390732872e-02
3.603139822253036487e-03
2.126664409063064656e-02
1.759842254861020139e-02
3.782072726747379154e-02
2.345851435145222125e-02
2.726809706550723314e-02
3.445319313518287879e-02
4.097547333165989236e-02
3.536563738407201563e-02
7.252298512355888523e-03
3.255552920187211596e-02
5.324177128342330069e-03
2.336014617265220333e-02
8.085314751275747905e-03
2.776557308052129275e-02
1.867605894586345239e-02
9.262693300840004612e-03
3.009616744572317024e-02
2.208615159870548628e-02
1.086123247777539755e-02
1.613902876516117024e-02
5.460855916725237090e-03
4.196163897547043609e-02
1.045758074492515385e-02
2.452621312011806290e-02
1.036333159062956602e-02
1.333460500178199754e-02
2.242974178839283669e-02
3.016193955849975211e-02
3.259141591958537171e-02
2.206770521094581633e-02
5.720354753092399616e-03
9.534517333119184312e-03
1.014874532985769566e-02
5.697429718801944563e-03
1.996181038623189713e-02
3.556799318985316705e-02
2.919310443587084386e-02
2.555508427293413931e-02
2.597237366668897832e-02
3.196342256064241272e-02
1.113565768270794419e-02
1.095447018465012766e-02
2.817797426539666444e-02
3.698529551780278118e-02
1.264355073800243513e-02
2.103921895226575425e-02
1.773288952201800342e-02
1.434912510764513836e-02
2.699499623826861344e-02
2.391417686934589962e-02
1.191525826400073422e-02
8.016839240368457339e-03
1.057145061903501035e-02
1.728073042138101104e-02
3.145238921952087097e-02
6.774305941783181385e-03
1.526590088917023288e-02
1.731447434757513518e-02
1.283006840722400281e-02
9.400546263388870685e-03
3.770883774177257591e-02
2.267620097058026599e-02
1.291675737378478704e-02
9.939567905591015218e-03
1.605361110844873498e-02
3.641720741479479578e-02
2.087495151722609452e-02
2.340026735750327935e-02
1.601378535569323788e-02
2.307721569469711395e-02
1.658867963765497250e-02
2.502164920601135031e-02
2.304148639098011972e-02
1.445499732558478898e-02
1.022402720418364233e-02
1.278264579389925062e-02
2.218819033388529441e-02
9.830865920234769725e-03
2.070759871541407240e-02
1.454856483978037365e-02
1.121068028693041584e-02
1.207821473996640964e-02
1.719405563377514670e-02
1.468863687471959854e-02
1.355331141482262955e-02
2.129995768849179613e-02
2.305681640375239344e-02
1.949599525329264241e-02
3.138092011489702904e-02
2.118096689170532662e-02
2.730436096904003199e-02
8.755392041920630891e-03
1.204817365795323239e-02
2.961434853734979875e-02
1.416853811585714641e-02
3.109562579747926839e-02
1.534206132033105914e-02
1.094603984010257200e-02
8.948679109977561094e-03
1.331690409880017904e-02
2.316149716416900442e-02
1.319766112561545496e-02
4.052098938530976358e-02
2.619619159982244233e-02
1.284528742173002107e-02
1.707463875349098104e-02
2.137365173398240309e-02
1.781044362751506988e-02
1.928092134115361178e-02
1.659185439300615156e-02
8.615129666163840252e-03
1.518483763571211974e-02
9.612569389468117106e-03
1.511315472598153027e-02
1.090769875388904533e-02
1.980099231570682863e-02
2.101940802181733944e-02
1.661210285519673993e-02
1.161406047794654242e-02
2.576083499378011357e-02
2.101168756780829802e-02
6.865011871937367650e-03
2.202828313525500431e-02
2.171429655419126331e-02
1.081730168752630984e-02
1.488517012344337496e-02
4.688909222536738822e-03
3.864607820775101121e-02
1.640990588651106141e-02
1.317866911638685030e-02
1.149751216832212673e-02
1.257421842992955015e-02
2.885417419454209403e-02
1.035904528156953060e-02
1.967565249390799617e-02
3.796735995212662668e-02
2.189352357834364882e-02
1.764766450957287389e-02
2.943704957665518526e-02
1.153872354986219123e-02
6.666261438676811604e-03
1.843777588944953139e-02
3.547890446168527195e-02
3.352493323868609154e-02
2.146291498259616376e-02
1.281822424503229092e-02
2.146281042797469965e-02
3.350371831924569416e-02
3.534803829166194983e-02
1.834069968430774092e-02
6.565641930944793141e-03
1.132411402337619132e-02
2.889179124957286238e-02
1.876009246840303415e-02
2.177484221677498250e-02
3.824357394831824630e-02
1.938320678983559281e-02
1.060319468675546654e-02
2.943014505939441430e-02
1.224582419353850184e-02
1.147579683936106668e-02
1.346706948918102720e-02
1.663791856134996805e-02
3.821821547610890213e-02
4.498395078510033195e-03
1.511535319329623817e-02
1.044816167415709394e-02
2.278700107608290157e-02
2.196690711344578828e-02
6.944791941772278723e-03
2.102820906315020985e-02
2.595756524548002361e-02
1.190255301154002909e-02
1.654367541882084680e-02
2.104327530730725968e-02
1.994568373937714162e-02
1.104618548955148619e-02
1.361112836188593453e-02
9.661155935494646421e-03
1.520611981307164531e-02
8.496764081866016102e-03
1.634985237258868365e-02
1.868879148558419412e-02
1.749503879696698988e-02
2.102695126349646282e-02
1.717082556744739530e-02
1.371817954448520567e-02
2.699039503314090704e-02
4.047309339810026968e-02
1.376747792173510336e-02
2.286213721902647517e-02
1.318364033878079156e-02
9.355359758787444927e-03
1.095880960955657873e-02
1.540461560153716554e-02
3.050480032120232027e-02
1.238821609953054403e-02
3.057363186128514779e-02
1.199158501135971083e-02
8.527453088679087453e-03
2.671929903768199485e-02
2.096627429948206070e-02
3.266137947167658401e-02
1.871299649253201081e-02
2.336487116644802089e-02
2.093783880135835149e-02
1.372686320074418924e-02
1.437089464266975460e-02
1.689935607444209564e-02
1.223924734177755415e-02
1.089202613824350602e-02
1.415512234524450401e-02
2.032266804466878810e-02
1.004619636511016288e-02
2.074641633723495540e-02
1.208978320379809970e-02
1.043138607372299381e-02
1.471215147550171583e-02
2.236546448375238000e-02
2.418654006271379192e-02
1.567922140658368005e-02
2.188490974159484209e-02
1.552892313099799027e-02
2.178025756623715517e-02
2.084657226551601614e-02
3.347389610065271831e-02
1.489292348786101783e-02
9.531739021616379703e-03
1.233581669167690791e-02
2.200244858994592628e-02
3.751257243377678630e-02
9.551263220199616294e-03
1.345465915250147575e-02
1.685970124747592641e-02
1.498288230542045747e-02
6.786398933050910749e-03
3.056994083146390498e-02
1.696831598591268253e-02
1.022881997562277191e-02
7.955489418818502065e-03
1.195341978782794509e-02
2.276511624657728827e-02
2.661365488358531650e-02
1.417331353366745386e-02
1.745367874164064151e-02
1.939639511169850145e-02
1.232076906325050604e-02
3.736469012747155316e-02
2.819763214936833740e-02
1.103688536231649080e-02
1.123626556952353472e-02
3.113257607774137445e-02
2.520832214248558759e-02
2.496279551353266374e-02
2.870951500346601015e-02
3.448358273115921524e-02
1.901966059981790441e-02
5.641014191893632679e-03
1.051451538496941431e-02
9.467803240327766698e-03
5.802157033928201021e-03
2.163739748218352840e-02
3.157769507787933777e-02
2.976209511304075961e-02
2.161099613898650670e-02
1.338309233424408821e-02
1.038325690870805541e-02
2.451148298113451154e-02
1.077339322883810215e-02
4.106687689791072710e-02
5.651170332386784394e-03
1.531639100876264897e-02
1.079551198817518473e-02
2.103497759682776760e-02
2.867070662958205382e-02
9.465475128175712335e-03
1.847687166919718960e-02
2.729659442541618533e-02
8.343723562249792669e-03
2.397540873775701187e-02
5.825863286154545941e-03
3.166175559769428965e-02
7.779759297589752993e-03
3.619960647120166325e-02
4.140442070485176457e-02
3.399043098879650504e-02
2.694969896872918824e-02
2.347052851590239811e-02
3.766103593845872288e-02
1.768167491690107035e-02
2.153952486646326658e-02
3.968212347971118541e-03
1.578677486017019196e-02
1.631101525310578101e-02
1.717558420470234951e-02
2.025994705260435874e-02
1.283926462957099730e-02
2.679064437111454422e-02
5.715487031900040767e-03
2.033192087908605034e-02
1.865152219180988419e-02
2.306324777855651639e-02
2.864502469847039073e-02
1.460048818321742561e-02
6.220755282253367241e-02
1.796837703719434895e-02
3.358661340135674078e-02
1.493289582631220774e-02
5.852180873059402433e-02
8.301182156169192861e-03
6.821094461099850778e-03
8.161244046477890771e-03
1.278730316331951923e-02
1.332505199527457898e-02
2.240708967506553975e-02
2.023924377568861108e-02
1.430571425680369005e-02
9.404682027279794021e-03
6.391743953056441829e-02
2.654722727629676982e-02
1.572599973131815626e-02
3.286748555622540785e-02
6.595403672063781912e-03
1.486708221565717462e-02
3.442620085718724188e-02
2.544088890286126323e-02
4.809118358588589624e-03
1.407524859651970370e-02
8.607877629521218030e-03
1.266481909442939736e-02
3.354700252157254842e-02
1.527131845278573846e-02
1.632327469545554258e-02
1.316261328919380962e-02
2.890783861573825372e-02
4.046965864568246446e-02
2.658578233997905410e-02
2.702540052738281948e-02
2.516214194242331545e-02
2.767493999413209171e-02
2.980996578003008643e-02
3.919170694554578033e-02
4.387739537990670291e-02
3.038892761845211551e-02
3.034522992600971816e-02
3.421691461381822646e-02
3.031754577303527598e-02
3.033947454624743439e-02
4.377531853115909644e-02
3.906069203211934987e-02
2.968278698729183429e-02
2.754861876932047926e-02
2.501478394602544425e-02
2.684268475223866232e-02
2.640416433098899049e-02
4.015408061194374045e-02
2.863872076019178398e-02
1.300819811205317957e-02
1.610227398552263947e-02
1.515379848888613948e-02
3.321637059439099676e-02
1.248104145373820847e-02
8.491165139934191142e-03
1.385249688077215373e-02
4.698825359381915943e-03
2.511679407480544093e-02
3.397672928517026653e-02
1.464503949767569958e-02
6.427525997844857862e-03
3.256807410581763484e-02
1.552925722002294895e-02
2.654268132238826738e-02
6.380090357263677736e-02
9.199260092791518295e-03
1.402690561080495966e-02
1.985703447324982385e-02
2.201712559923911863e-02
1.316827752914168960e-02
1.244390080034370356e-02
7.893808650919022230e-03
6.713841665518867352e-03
8.079959980682619586e-03
5.904431174086139517e-02
1.455688031367784012e-02
3.388754724710368177e-02
1.794012643381474176e-02
6.247794719009356484e-02
1.437632866627528913e-02
2.893901697690033983e-02
2.276159701497388471e-02
1.849736884914180562e-02
2.031979128940375814e-02
5.486439732046754017e-03
2.668341177576940768e-02
1.271315468900850558e-02
2.028698277848133003e-02
1.744367946709462006e-02
1.622569048522967336e-02
1.558116686144774693e-02
3.711565462885982585e-03
2.132728160849517093e-02
1.760463341065838724e-02
3.773375848288938739e-02
2.343630036421148061e-02
2.714533938426231391e-02
3.427252786989172517e-02
4.107304965913981948e-02
3.557814814494354022e-02
7.403530408635360105e-03
3.225903081125029020e-02
5.469061906941999687e-03
2.352058755229747070e-02
8.151009639500198314e-03
2.758954467484818485e-02
1.858807661520008730e-02
9.306756317874441409e-03
2.962641636504979165e-02
2.174834668874979504e-02
1.082484507173923048e-02
1.587137277367033084e-02
5.509581004391774645e-03
4.163233782879991601e-02
1.053352303269650299e-02
2.447414555654102084e-02
1.034337284324651600e-02
1.333049634580549432e-02
2.216177058572345315e-02
3.004299133853276932e-02
3.224313512576170576e-02
2.190850779939879089e-02
5.731642696660406780e-03
9.499509796850900967e-03
1.023209679525411732e-02
5.664300438343871334e-03
1.962821441529342611e-02
3.526441690108812754e-02
2.904801223869780610e-02
2.531674665149744041e-02
2.570698807425930016e-02
3.171031416689755467e-02
1.114422687905065185e-02
1.095418138561432900e-02
2.812594414817425753e-02
3.706949144693245934e-02
1.253535023177117409e-02
2.050704891957351797e-02
1.762344225701201195e-02
1.428604606192948774e-02
2.688122374916845567e-02
2.352078132589064188e-02
1.192041633849758205e-02
7.986211638341952218e-03
1.044232668291657923e-02
1.717279455518184658e-02
3.117790575156440327e-02
6.759550628055829152e-03
1.514879401753108437e-02
1.714358934498270287e-02
1.299115599075524596e-02
9.439026524159878362e-03
3.765691921511069018e-02
2.249637861893248603e-02
1.273593800448031416e-02
9.791803465178591792e-03
1.568914788462470386e-02
3.549232622559302108e-02
2.085967823050732459e-02
2.293611665945604824e-02
1.586498137413390463e-02
2.272120227897244521e-02
1.630837853140592111e-02
2.479802433451847032e-02
2.285215909595229855e-02
1.451812919900687462e-02
1.027378108815420188e-02
1.258820817559820962e-02
2.173247728250039812e-02
9.883516426389469048e-03
2.059014447049394361e-02
1.442330830148271653e-02
1.112136686917816406e-02
1.211683734446740955e-02
1.711518052317598931e-02
1.456974686823349352e-02
1.359086386043454643e-02
2.121276128869857558e-02
2.312984929060422912e-02
1.927697844955248568e-02
3.163683799261277074e-02
2.112607211301542956e-02
2.715409526417156619e-02
8.701232342075581119e-03
1.203430490974255300e-02
2.981765811054732165e-02
1.362406310106043829e-02
3.092083571267928085e-02
1.535175644930266044e-02
1.094865180431556229e-02
9.003600452595884873e-03
1.326169364362943422e-02
2.309355502586432629e-02
1.332266850698687888e-02
4.050881797142449198e-02
2.637488836585787436e-02
1.303256299812760241e-02
1.708934870791049832e-02
2.129221128471911473e-02
1.771635677647479673e-02
1.914337940432743121e-02
1.653822177092351131e-02
8.588228954269897311e-03
1.518532448613472106e-02
9.623046796319449300e-03
1.470804359251250137e-02
1.093413736639245459e-02
1.982949644005393280e-02
2.102448740225923776e-02
1.659627595683885876e-02
1.167440084914172366e-02
2.580263886114841920e-02
2.101266321348246174e-02
6.880976361856500079e-03
2.201425787472265430e-02
2.190588935011313076e-02
1.074001900540954950e-02
1.493176957523494226e-02
4.647848596963930108e-03
3.855698033640538730e-02
1.644352742123645836e-02
1.323216879015833188e-02
1.148997402667325911e-02
1.250665176767722445e-02
2.895011745859268557e-02
1.039799362044456846e-02
1.961597686744597294e-02
3.801287268459972030e-02
2.186418078116918878e-02
1.782646683082643110e-02
2.932747275662695580e-02
1.149558553950032723e-02
6.646038916200227610e-03
1.841831414189128852e-02
3.545271747116889027e-02
3.352068974506657723e-02
2.146289436339162901e-02
1.281822425328019328e-02
2.146283104985018814e-02
