7.392733725718488857e-01
6.522061102717755521e-01
7.094743429470402596e-01
6.245160656874636507e-01
4.632234321071961314e-01
2.920161879121112580e-01
2.212079757231691923e-01
1.482028563860912085e-01
1.967006345323940586e-01
8.399729183837748026e-02
2.402551638854960592e-01
1.391480794556873568e-01
1.837118814820201673e-01
1.049616601937535670e-01
1.011541877907945614e-01
1.494556815242144565e-01
8.818979318697629799e-02
9.275916197084578541e-02
1.549548830000706257e-01
3.214733156734445735e-02
1.799584425129034659e-01
1.169292981051640035e-01
6.578136099970356698e-02
4.706257666680988688e-02
6.355555201065340998e-02
5.439047637317292322e-02
2.938010079125014454e-02
4.304423157187338422e-02
4.680771591610923682e-02
3.474640724301011202e-02
8.286656999305468119e-02
3.017976058859959607e-02
1.925438342072410478e-02
4.390079145506371044e-02
4.714250474857303863e-02
2.741912724219068911e-02
4.894421971143019662e-02
4.787448050608611450e-02
1.963259576522722802e-02
6.230274158391051198e-02
5.135655903252264037e-02
2.336845470782665871e-02
2.828958717205378934e-02
2.114508699616093196e-02
5.257612130656289656e-02
1.649827574980933936e-02
3.327777200441649208e-02
5.694613100698533298e-02
3.991856064228993528e-02
5.822197407232832661e-02
3.752580817891776332e-02
1.277275237719756144e-02
1.874057902184596974e-02
3.862656448146176841e-02
3.952745323222069118e-02
1.773304794818755109e-02
2.193910021704703617e-02
2.572705545674390526e-02
2.804694975923986699e-02
3.063348139522502692e-02
1.206956967872791810e-02
2.644597719427030022e-02
3.069430619173542721e-02
4.339472422933221551e-02
3.952718541220380521e-02
2.234646128406269153e-02
2.114461975130079927e-02
3.328686325327764178e-02
4.196377333199331067e-02
3.494812307786947236e-02
5.654389091526104694e-02
3.581986536950904770e-02
1.108301606535954872e-02
1.796095172730594741e-02
3.697896777100125043e-02
4.666438092139884447e-02
1.936166567999825228e-02
5.194376839329341300e-02
2.235276943329627189e-02
1.586017512943065783e-02
1.382893217119650700e-02
2.489123812261899091e-02
6.682634254218480785e-02
1.770426334502570032e-02
2.000468107273448842e-02
2.423063866677601166e-02
1.471697002605711242e-02
5.542717482784100674e-02
5.347488797180516978e-02
1.594710725903842469e-02
4.904915563039333876e-02
5.849655465464531634e-02
2.154944868510734468e-02
9.781883051249136429e-02
2.897357093550665535e-02
3.959697022615046857e-02
3.614185394363461645e-02
4.333314649453416656e-02
1.917155488026892410e-02
1.615894105011932494e-02
6.332261563860490383e-02
3.809075682044954503e-02
2.452178147056734842e-02
4.040447622311647141e-02
1.644012726064120189e-02
5.008087837509121731e-02
2.954357831862344450e-02
8.067019955505694284e-02
4.138496593777159921e-02
4.806196559130639090e-02
3.989909269995952495e-02
3.611592708770381549e-02
3.285984437466628327e-02
4.559334429567513808e-02
5.844435852499749173e-02
7.603174376077870278e-02
3.305022735705277770e-02
4.665352587085236369e-02
4.875720573460800428e-02
4.902061691854618652e-02
3.671331159604461492e-02
3.401734977384947983e-02
1.431760222258304446e-02
4.723983728409397037e-02
8.141592166295544275e-02
2.333000439389983083e-02
4.508337740028136448e-02
3.464432816115876890e-02
3.662050352985835727e-02
4.615473165879185879e-02
5.156140086367800440e-02
2.465245640693095736e-02
6.259315355847187845e-02
4.084417954099019143e-02
4.925219683125781761e-02
8.364290296100010402e-02
9.116898240303371315e-02
5.335687229913941426e-02
7.126508897970205980e-02
6.989330716569004676e-02
6.937126500423736186e-02
8.012748270089024849e-02
8.032867353919183329e-02
7.018100006196247020e-02
5.202284584167349291e-02
1.029460548737795994e-01
6.296024774322742101e-02
9.214378463656207330e-02
8.441261489303562848e-02
2.286025497616796590e-02
4.045331715547914597e-02
1.807169502666376437e-01
8.828357928459285020e-02
8.268319073678008502e-02
9.612279886774917348e-02
5.798532580681670795e-02
4.543180961286282654e-02
7.738976329384339437e-02
5.550441468887379326e-02
8.658994315291806965e-02
3.647527511867242056e-02
3.868614135464127496e-02
5.660197802730466271e-02
5.561303597442070201e-02
1.668966981817118778e-01
1.636942936701623608e-01
4.032306846935704986e-02
1.567748682231462076e-01
1.393626047833324277e-01
4.586722329265848636e-02
7.993610969280309786e-02
1.882136389863761361e-01
1.050613504431532064e-01
2.244572104510244581e-01
2.173806139394043879e-01
2.229213516587070787e-01
3.026562537676258380e-01
8.451912496666480479e-02
1.626249623476152262e-01
1.369660711214751303e-01
1.483220210153758101e-01
2.552779593343372788e-01
2.545935826847106065e-01
3.295579751577453753e-01
3.444090868664254068e-01
3.199387959718353880e-01
3.290630966528609869e-01
3.474685920673274420e-01
3.541672101535472406e-01
3.297240930491993627e-01
3.622600404795275897e-01
3.558645736599921339e-01
3.382590116680388448e-01
3.313600809940925873e-01
3.858755223461865502e-01
3.579677952589834788e-01
3.552602356609996792e-01
3.695401021691943622e-01
3.776131465696382361e-01
3.010639530837201927e-01
6.617732638784872001e-02
1.647863646609086241e-01
1.398847008043547779e-01
9.228664189368895876e-02
1.568855787250429124e-01
1.426664987771426862e-01
2.162831154974938774e-01
2.176592669461456242e-01
2.401374768253094760e-01
1.121687428880344395e-01
2.169755504011435521e-01
2.133013267051468431e-01
2.327258542740729130e-01
2.777086753360131777e-01
2.605555935073173845e-01
2.107107539022546328e-01
3.113113373846255194e-01
3.122826653325683766e-01
1.768843691403953200e-01
3.172713297706427626e-01
2.983547535032135545e-01
2.529956414636711504e-01
2.507858751423298616e-01
2.522302014983330842e-01
3.114682259050949864e-01
1.761800126403621491e-01
2.567489866233548801e-01
1.357833120176454300e-01
2.399787885056971770e-01
2.107162513608883125e-01
2.683013607601275052e-01
2.432757847837482557e-01
2.268064482462882892e-01
1.206201237944285187e-01
1.179228504337157951e-01
1.480367884528537292e-01
1.764398361629107570e-01
2.820239070030081674e-01
2.701385198151757261e-01
2.781724470904191060e-01
3.009146951144133775e-01
2.795579948428281170e-01
2.822550358797064618e-01
2.046490190603044712e-01
1.696188020269890906e-01
6.617998816931622286e-02
1.509935253760018581e-01
2.093202159657804595e-01
1.561632119217657155e-01
1.564176750467637378e-01
2.206716338503591779e-01
1.824780658504940589e-01
1.983076980506618681e-01
2.143001892629246563e-01
1.593021798383964793e-01
2.716581643255492340e-01
2.392580503353879118e-01
1.605301065108982184e-01
2.327975355285126779e-01
2.741407294797110206e-01
2.701734588802507941e-01
2.414892051569507703e-01
2.664230517896910011e-01
2.741881395961613954e-01
2.288699197778315819e-01
2.448380152190966497e-01
2.639508418344667651e-01
3.005298228953945383e-01
3.274516711375902167e-01
1.837545249529174141e-01
1.906235735208327009e-01
2.576125429483664964e-01
1.544495219997777669e-01
1.374616810389169552e-01
2.242984615074227750e-01
2.137928826039399433e-01
7.245458641451139881e-02
1.501751154113735165e-01
2.186968851017567494e-01
2.647660266544780150e-01
2.912365290778428095e-01
1.306768396955104161e-01
2.370344203100387681e-01
2.328002186134851825e-01
1.319512746817562143e-01
2.468983450903085297e-01
1.963033635028281210e-01
2.150428488531027360e-01
1.136832761553135951e-01
1.595118341978495058e-01
2.613972280436585582e-01
2.476651096775026872e-01
2.811361409699542069e-01
2.624270480143621187e-01
2.659504949910657112e-01
2.240548362008260019e-01
2.646111667531816369e-01
2.827687720103298497e-01
1.497327370372626143e-01
2.418517977161973587e-01
2.779299123954425688e-01
1.940523672182942472e-01
2.049214821725887925e-01
1.539425601141347077e-01
2.948580767892765020e-01
2.481550292559950299e-01
2.536188035629720061e-01
2.580785595394150533e-01
2.697770885877639468e-01
3.792896502947235571e-01
2.975353472233269736e-01
2.493764603913228572e-01
2.837894551981031133e-01
2.010470023194926015e-01
2.679045831175845827e-01
2.843357125801562191e-01
2.764391302368919834e-01
3.623561121863147494e-01
2.673931145257952280e-01
3.410845226257906426e-01
2.870605386984801388e-01
2.689979716817721411e-01
2.211881568267151377e-01
1.351649535032205252e-01
2.086404058429011943e-01
2.255267609284871688e-01
1.585879668386516173e-01
3.367307297284330425e-01
2.450640481733407094e-01
1.912353353007623658e-01
2.539018402312244738e-01
2.079066301963392593e-01
2.721112996143819074e-01
3.303579741150130533e-01
3.662704451362834290e-01
3.395288000702068043e-01
3.396120987384163015e-01
3.624238865619915373e-01
3.454264437509536045e-01
3.440159349681360945e-01
2.943670426265319051e-01
3.152362492305943453e-01
2.766823291665324036e-01
2.397252084415860962e-01
2.950228116719447735e-01
2.186884932337561094e-01
2.677088057459507953e-01
2.663903170520511843e-01
3.005914141897795266e-01
2.025348295434521440e-01
3.703459706797615492e-01
3.294641571303200123e-01
3.410204817992182891e-01
3.230617576721971917e-01
3.257535848111438037e-01
3.876992593582634927e-01
3.253673986590819855e-01
3.873431837370508446e-01
3.799214177191889696e-01
3.643590582114909493e-01
3.530715496260776742e-01
3.325297993064180169e-01
3.842300724365511622e-01
3.817790396652508411e-01
3.802169859783479100e-01
3.446684227107537635e-01
3.680525460420815964e-01
3.307043399426614072e-01
3.757088690222585292e-01
3.619991696265933978e-01
3.297436523140206965e-01
3.445595857642881898e-01
3.742216884895506190e-01
3.729510495148846694e-01
3.507390603497756998e-01
3.744522314065903967e-01
3.998990499961356804e-01
3.909251752236749256e-01
3.926802663438164753e-01
3.660359525628310573e-01
3.284189341111707905e-01
3.697822818925258770e-01
3.902084019901783662e-01
3.908130547913069019e-01
4.013839605640635022e-01
3.968409394515560740e-01
4.024039258020425947e-01
3.964873205946557455e-01
3.985491239003579600e-01
3.855568337009698254e-01
3.892856692728534629e-01
4.008662684231143469e-01
4.018548610919374653e-01
3.949364399530487235e-01
4.020834464045537904e-01
4.008261368520589785e-01
3.944011220039052024e-01
3.836422270542579338e-01
3.862092048494902286e-01
3.161980345816195470e-01
2.460207249926645856e-01
3.377802121774406974e-01
3.717563772253115184e-01
3.639044448535772580e-01
3.654203209216376758e-01
3.895222472009988168e-01
3.904520351258338184e-01
3.958335474430513812e-01
3.929545505962733776e-01
3.656077300789293272e-01
3.772153004423228762e-01
3.970622009393306451e-01
3.828451561209427201e-01
3.810046257069975018e-01
3.770412481622023027e-01
3.968758035744603951e-01
3.969347065983024891e-01
3.941257052741551914e-01
3.943935267428132496e-01
3.783860800071935371e-01
3.810721455043559192e-01
3.857557385645900561e-01
3.895598283116535332e-01
3.885220339286729607e-01
3.857851423006424807e-01
3.743882121692586606e-01
3.854812496720456116e-01
3.800294985064591180e-01
3.957709757555919472e-01
3.925632427904515165e-01
3.847985178496236003e-01
3.878206069345162543e-01
3.587253319099056870e-01
3.010462141510756306e-01
3.691022290644979664e-01
3.874120180857106299e-01
3.757541121707400067e-01
3.502582993960640656e-01
3.525382877939847726e-01
3.751208924050199456e-01
3.905661598619197816e-01
3.867689995290782279e-01
3.637752461979780749e-01
3.460051950401548670e-01
3.711349325296165458e-01
3.545128897748904828e-01
3.664227954848353064e-01
3.502427257563591190e-01
3.225768499864182792e-01
3.594581927368263319e-01
3.782511935810699000e-01
3.739681407414841008e-01
3.799052098734347349e-01
3.907467949317510736e-01
3.057587092644413196e-01
3.487006619216141967e-01
3.463946820159769513e-01
3.598890191141300154e-01
3.840301334506183717e-01
3.423057110422039750e-01
3.870273117286699427e-01
3.767973789541670948e-01
3.704448612078835579e-01
3.945509425838970574e-01
3.930983002513553370e-01
3.923949742689876174e-01
3.772754574754850210e-01
3.593430958802631969e-01
3.659574885688873236e-01
3.809405782775260874e-01
3.511505485943352545e-01
3.282230926807633842e-01
3.724367559999979815e-01
3.278150197381747843e-01
2.935870731635478736e-01
2.703391391194334137e-01
1.872349452695791505e-01
3.275627883045700295e-01
3.637801583255846349e-01
3.697254456884615514e-01
3.698119558739389467e-01
3.667851939032612529e-01
3.907223919263609346e-01
3.493404581001210429e-01
3.742707164357297334e-01
3.638157748443667239e-01
3.805040156873051860e-01
3.414183530341313721e-01
3.240352568689151003e-01
3.691330191832070118e-01
3.789352158301094731e-01
3.632604109070491916e-01
3.640978683988390641e-01
3.749216153381649264e-01
3.485227266411353719e-01
3.667466235032904032e-01
3.549082816345758284e-01
3.325994929203801576e-01
2.898281547802198932e-01
3.522859652106434813e-01
3.917175164226844308e-01
3.693693981068955634e-01
3.710094102227401436e-01
3.786267563006108228e-01
3.610123518188136926e-01
3.713012996111306752e-01
3.675521436100376294e-01
3.770842999468868029e-01
3.793927732814831866e-01
3.895945278400488876e-01
3.601652254014357513e-01
3.826752321008526359e-01
3.451227074292295138e-01
3.798539906701655089e-01
3.597727299610506413e-01
4.007285024750393276e-01
3.591857963557882338e-01
3.829283731346561082e-01
3.898328399692043700e-01
3.918334919538262184e-01
3.718606403638495816e-01
3.802297276511660828e-01
3.608301388361419004e-01
3.962264911270606538e-01
3.275446538613694947e-01
3.308719107320714503e-01
3.505119292712526868e-01
3.040588021966418308e-01
3.725107131083812972e-01
3.931745520538183492e-01
3.460990702875840208e-01
3.879519425214408290e-01
3.917470131363583463e-01
3.774983506345519491e-01
3.980809214023093290e-01
3.977724480645190019e-01
3.933889794434681231e-01
3.950452638942016370e-01
3.855173245433105023e-01
3.979321658213881285e-01
3.846591625189947350e-01
3.755573805563502954e-01
3.909656375639398718e-01
4.007535399415934618e-01
3.896487873977226846e-01
3.904199433829670940e-01
3.834104639788599722e-01
3.821567720530028023e-01
3.915646730141127962e-01
3.779506997840798577e-01
3.779257682017342912e-01
3.907086104000241922e-01
3.989678761162575582e-01
3.688881762072264148e-01
3.792284560950465178e-01
3.466492422320832656e-01
3.627643779637865773e-01
3.936946749242287158e-01
4.013874055312707800e-01
3.912478218511354910e-01
3.950804287516621605e-01
3.777904721057584458e-01
3.643982759065580446e-01
3.960837129324735750e-01
4.000070585785187038e-01
3.904476427069777933e-01
3.949571198763217050e-01
3.803125186759039877e-01
3.828670129015786516e-01
3.887877674356357005e-01
3.981789239156190430e-01
3.983969839625614573e-01
3.843757873050190899e-01
3.911686660369716462e-01
3.880072805780989675e-01
3.910662910733539999e-01
3.982329935245684793e-01
3.920269083767220497e-01
3.955654045234953675e-01
3.976006143843306417e-01
3.865834456045728618e-01
3.929317085249462438e-01
3.964040291227236557e-01
3.932988635055413851e-01
3.975961342172081303e-01
3.974304535405118188e-01
3.980123242741210876e-01
3.965767378311740310e-01
3.983358801287715245e-01
3.948097285791495326e-01
3.917546643715615895e-01
3.962180127828216492e-01
3.979240104113218046e-01
3.960726476254713968e-01
3.965658287172988961e-01
3.987754394509436806e-01
3.968646869031217106e-01
3.918664536501983986e-01
3.913551384759024754e-01
3.853339549125410768e-01
3.738964347283750267e-01
3.871043859444928126e-01
3.935014235677572469e-01
3.895635000926245262e-01
3.879288195925156280e-01
3.950716886516564830e-01
3.939506184768040153e-01
3.969166859010034298e-01
3.987496422418367326e-01
3.901008388699050977e-01
3.942814855398527607e-01
3.950114006079737949e-01
3.928989664534154325e-01
3.938746989987045310e-01
3.888037695594991350e-01
3.957381183628879695e-01
3.973470429876391208e-01
3.928538408485032773e-01
3.960650929995450653e-01
3.890048875283256824e-01
3.887355469173985334e-01
3.949399601699741802e-01
3.949534789791124267e-01
3.926189037845398966e-01
3.949028619753857106e-01
3.894243140779195533e-01
3.868711945487908754e-01
3.883807399593617871e-01
3.931881513333884692e-01
3.955954455251170510e-01
3.916415315296186139e-01
3.940872127126771041e-01
3.818748350433742722e-01
3.608615904726045764e-01
3.910538037216415019e-01
3.946988772134062406e-01
3.876150320482824041e-01
3.936967561482601630e-01
3.842444633539633392e-01
3.862533089365336458e-01
3.949906232438964437e-01
3.916068106154125816e-01
3.876537974776755324e-01
3.851134459377111852e-01
3.905471825557648158e-01
3.903250396126782817e-01
3.888429301587624232e-01
3.751380444398903502e-01
3.941915695918519202e-01
3.937086801839230765e-01
3.942519996672883553e-01
3.881828454524961503e-01
3.938993547039341681e-01
3.940207743716102051e-01
3.607552741684478259e-01
3.794223956241136175e-01
3.729968510463738118e-01
3.802806122874795025e-01
3.935195504235610708e-01
3.790253170444032871e-01
3.953864213902508196e-01
3.909936827197435516e-01
3.850850862717873357e-01
3.891077476468808860e-01
3.908278379564609772e-01
3.892139518461763537e-01
3.865887525251391343e-01
3.769602829959745605e-01
3.919963381701127014e-01
3.974415039305180253e-01
3.740003437018168397e-01
3.878242025661400860e-01
3.953599203486271585e-01
3.736608917359791060e-01
3.625336189576408019e-01
3.300676014409419379e-01
2.815864426231079465e-01
3.772137785367422613e-01
3.881251975191550296e-01
3.845656341379558585e-01
3.745406867815345708e-01
3.874576259891207020e-01
3.904387423500992327e-01
3.786935178949512593e-01
3.795410566477541159e-01
3.868261357931150335e-01
3.836494383474942094e-01
3.835919179203858831e-01
3.546616526976954509e-01
3.862698593445753059e-01
3.852714601221790547e-01
3.800315077673607767e-01
3.737825866737122804e-01
3.831862563818156375e-01
3.741991651809541963e-01
3.847670037350368055e-01
3.775652159528265495e-01
3.775462496774633081e-01
3.546686076267112075e-01
3.791953416141284339e-01
3.880677862997884975e-01
3.839054678418042377e-01
3.869972254657602639e-01
3.866221840135433685e-01
3.752973888574454575e-01
3.742172236519543116e-01
3.884779709469830533e-01
3.886291110917441394e-01
3.850680331432858039e-01
3.874035553943893095e-01
3.903792810478625697e-01
3.944586307739037512e-01
3.772615613000128709e-01
3.765121940309990034e-01
3.927142147473504652e-01
3.915208832388544780e-01
3.827788175712308893e-01
3.831487666801425829e-01
3.902986868267641074e-01
3.909720716721704070e-01
3.860483777500579583e-01
3.880816514817088669e-01
3.755597618812697158e-01
3.935844987243579118e-01
3.775959331379015183e-01
3.783266881660256598e-01
3.772161808775743030e-01
3.499614399826238009e-01
3.924267390014127277e-01
3.917904007566260782e-01
3.764882134249556978e-01
3.917191906144579239e-01
3.920849379511749944e-01
3.789872023011529589e-01
3.917739293502394693e-01
3.904492397216189348e-01
3.910432108798288509e-01
3.935134633920280844e-01
3.893751741532338606e-01
3.934382323028753903e-01
3.895053538447573738e-01
3.855038657827917215e-01
3.897079654025404349e-01
3.947295041523748993e-01
3.829235869708433326e-01
3.901680998386725663e-01
3.902095649878672967e-01
3.876050291286473048e-01
3.913492177263129257e-01
3.845430229612752937e-01
3.782696775666540279e-01
3.903988709022498949e-01
3.947398781134168755e-01
3.818087555968248670e-01
3.816276356706704287e-01
3.741871263915315660e-01
3.790063805624334092e-01
3.880962352480975541e-01
3.918274189383620931e-01
3.893273670496923966e-01
3.933020773704300477e-01
3.874858673374884099e-01
3.754400429586631782e-01
3.917088257152723241e-01
3.927849304630714466e-01
3.867390601541106365e-01
3.923999544182721899e-01
3.874331230102809331e-01
3.853853004959770234e-01
3.870364493531709416e-01
3.891175702909056011e-01
3.904236882942668241e-01
3.826397590356639400e-01
3.905564724489190565e-01
3.886703604593407246e-01
3.886154046852615118e-01
3.917291729486336305e-01
3.880366257283181519e-01
3.898851008877375346e-01
3.938270292008097528e-01
3.881370584862327000e-01
3.895978879052872657e-01
3.919020654062351783e-01
3.889752625277702047e-01
3.906369479569038461e-01
3.912632412483330047e-01
3.904420193238347658e-01
3.890537556925252605e-01
3.916017259336830314e-01
3.902918926135761635e-01
3.874319967026600420e-01
3.889347750785391300e-01
3.908990982796510250e-01
3.898967025800980091e-01
3.894386645304960259e-01
3.906533886981651271e-01
3.902320460156604165e-01
3.882177073088124986e-01
3.876338886475431678e-01
3.881820510165227001e-01
3.851006997889402372e-01
