6.583751793474443836e-01
6.649854034827733518e-01
6.540150550010511710e-01
6.658639376872866888e-01
6.364363869900697690e-01
6.447955173255979222e-01
6.333347144291089359e-01
5.906203935913199032e-01
6.285837739589121842e-01
6.108998512940411185e-01
4.278009617803938403e-01
5.873673431104826648e-01
4.708831355979112843e-01
6.127032528312416071e-01
4.039559085286090201e-01
3.005415205446817506e-01
2.738547035525098483e-01
3.162111185394940738e-01
4.888859658543602271e-01
4.315817978100959795e-01
2.091302760097511204e-01
3.710979894867857398e-01
3.668019258748355105e-01
3.687288380346523953e-01
2.470176917793739380e-01
2.572130937548722240e-01
1.362428845435977309e-01
2.039969056327657071e-01
3.478967161597972257e-01
3.303505848276691581e-01
4.414815123284557274e-01
1.924106424272837013e-01
3.724170039279541822e-01
2.716176711170646407e-01
2.770728835740240981e-01
3.047550019470192106e-01
1.170331591664936499e-01
2.701481100301261762e-01
2.684836700578177027e-01
2.531960567199125212e-01
1.288623057010434836e-01
1.815188139307535031e-01
1.736654184446126126e-01
1.645910608327480762e-01
1.609061669373242631e-01
1.207299102245269345e-01
2.891398406372617247e-01
3.419605227095684485e-01
1.933713498463461022e-01
2.923068983969372425e-01
1.808432495170154697e-01
1.594365541441661593e-01
1.276542354172898186e-01
2.088953931091932226e-01
2.471859115725021927e-01
7.182501464395806001e-02
1.021633196773981817e-01
1.545704858095672263e-01
2.057566054570037217e-01
1.537363862176787666e-01
5.780569156948660303e-02
6.296794890148507684e-02
1.012975199773936963e-01
8.872178404330013923e-02
5.171701373890596337e-02
1.445387414939779402e-01
1.216200852158813572e-01
6.114077962252058296e-02
1.247050315198608289e-01
8.344241997924860266e-02
5.385178457996395857e-02
4.746644036107507819e-02
1.186933413999542303e-01
5.862069531290363400e-02
4.547844799204404931e-02
6.295420670174277367e-02
1.108935605569896787e-01
7.078132318804804257e-02
6.770536612789429531e-02
4.248566046551590508e-02
1.235403833966693121e-01
6.321153050469335843e-02
4.878774290818443937e-02
4.624709768028884005e-02
4.414864282000204032e-02
8.540953980915527710e-02
5.950901982473547069e-02
9.400999568530300776e-02
8.642484761793696457e-02
1.819654847583978274e-01
1.370365084719601112e-01
1.250306754634454391e-02
9.221937834932016076e-02
7.174030727381268402e-02
6.667173595509527650e-02
5.057453419742305445e-02
6.114191072679613093e-02
4.837077695227552654e-02
5.065935622830559232e-02
4.743669622473032504e-02
8.253185602507127905e-02
6.717187552524656047e-02
3.109819536279347443e-02
3.362192325139255061e-02
1.191449799084548372e-01
3.979174086344625799e-02
4.420247197349794210e-02
6.651457105019142890e-02
3.156034537759867115e-02
3.463678900045795428e-02
7.566272974946892937e-02
4.105058867299556796e-02
3.262094232620159351e-02
5.034277027935341736e-02
2.316869550257297933e-02
1.080152578120182061e-01
3.446510680613986549e-02
4.164291068396849815e-02
6.794105750192860893e-02
5.167993502715619719e-02
1.168469713744666183e-01
3.809792273660732309e-02
4.779402453274271545e-02
7.475704901014325332e-02
4.053560979985330881e-02
4.027124382238103650e-02
4.884639157931864456e-02
6.100194323609345326e-02
4.803883580117178365e-02
4.547332140602226846e-02
2.465349739658695069e-02
4.905593379589836406e-02
2.906996145813299168e-02
4.082163778281017869e-02
2.781347291213584830e-02
4.469659275419910621e-02
4.703251844345896632e-02
4.625039396645105882e-02
6.883733059889796113e-02
5.086642484072504550e-02
1.670051081184846520e-02
3.618615614537993436e-02
6.310180811571672321e-02
6.075438029022023345e-02
2.875337518110177015e-02
8.445701804686411851e-02
3.041571782670926191e-02
5.936374677640049446e-02
5.779996124645044031e-02
1.535398994677219554e-02
4.913107230518674873e-02
2.885074982775572006e-02
4.797043967180135426e-02
3.482994759270324064e-02
3.582411861472652170e-02
6.765364305724592964e-02
6.540363869251858420e-02
2.175936760399086942e-02
2.613132233132196142e-02
3.902396103115102211e-02
3.840317578052530878e-02
2.973979419156340745e-02
3.640717865660902941e-02
6.558498171081675321e-02
5.835517047284036890e-02
4.276096050772455748e-02
5.993959704260096860e-02
3.326153600436938113e-02
3.443237144426990193e-02
3.770137789497479686e-02
3.372439324063582211e-02
1.789989300266047953e-02
2.185126436959625509e-02
5.113650075313375121e-02
5.249528664871074696e-02
3.158764952024693123e-02
3.726671466049242404e-02
4.108781549435582686e-02
5.615806982103246220e-02
5.374577961004223248e-02
4.415936442274129292e-02
2.036804605054482603e-02
3.965910979072070214e-02
4.737115506013312577e-02
8.889877164042518654e-02
5.385765290509483827e-02
3.517873082514882260e-02
2.686851479108267465e-02
4.976692992484482020e-02
6.168419888316584859e-02
4.664395490436408498e-02
4.000379133377367225e-02
4.416823404512327383e-02
4.212374189224517979e-02
3.541934324626091340e-02
3.489864091268841950e-02
6.847057938907522012e-02
6.129776482499316864e-02
4.925459255315211421e-02
2.523937494157975706e-02
4.918899176988535127e-02
6.045616921580788256e-02
6.743649519479751053e-02
3.446518718838263717e-02
3.561892584474182083e-02
4.110300870644868765e-02
4.317299722549637619e-02
4.271535302335235235e-02
4.730737750379409440e-02
6.577322706530536189e-02
5.404323635478842230e-02
2.653560706874137989e-02
3.851127592609236705e-02
5.524653357782724483e-02
8.720852628404443529e-02
5.043217739359041191e-02
4.210437656027565811e-02
2.097150114137276075e-02
4.634834611827843426e-02
5.115976177004481762e-02
5.549729009192933687e-02
4.039202693581397247e-02
3.479255741704836979e-02
3.252704434410124551e-02
4.926292217412295976e-02
5.328617654119519736e-02
2.357534021041072028e-02
1.962676826004160213e-02
3.324304720205260855e-02
3.893846657070864498e-02
3.602709395031997164e-02
3.479968888307038294e-02
5.911013128100320313e-02
4.179234317769541657e-02
5.588141285289556504e-02
6.095480651857374671e-02
3.913310921543015214e-02
3.266511610269378502e-02
3.702653991522065341e-02
4.096243556171615119e-02
2.184089600431398173e-02
2.375537926942269257e-02
6.691097847149314604e-02
6.863498983280570676e-02
3.740480749437337382e-02
3.541644319429110288e-02
4.166829355666164247e-02
2.743925456086615880e-02
3.877611789069706355e-02
1.595543926528043138e-02
4.271776649836242501e-02
5.622099270658643261e-02
2.705125029330512909e-02
6.590218313517809401e-02
3.473907931247654374e-02
5.902292284425342955e-02
6.554118136838670006e-02
3.538904070310153194e-02
1.716877932767993040e-02
5.278274233407444227e-02
5.876754634596981913e-02
3.961594966673137597e-02
4.404946335235929850e-02
3.625463836641447390e-02
2.529365187385482217e-02
4.630195411197414457e-02
3.498272234805949871e-02
4.270691920477717035e-02
2.708340257857190167e-02
4.575243573291240540e-02
4.409393092978387135e-02
5.422958332485913746e-02
4.533119475932826520e-02
3.727002654772818002e-02
4.125980117514874840e-02
6.895007833030593336e-02
4.300775335565713148e-02
4.019525131214642111e-02
1.133770918993417393e-01
3.282793451158193959e-02
5.391411700218335518e-02
3.516446690349549209e-02
3.419974054832238680e-02
9.755556886237605474e-02
1.426576505324732465e-02
3.822512561969942935e-02
2.711408292373651552e-02
3.947707046890176069e-02
7.819888291893743737e-02
3.777578346947346039e-02
2.409651032103474547e-02
3.552065551060273191e-02
3.987799520350028548e-02
3.431796639997958254e-02
1.025469633364895078e-01
3.398276332020216256e-02
3.153324351224041228e-02
4.971776182517271409e-02
7.573661503013122409e-02
3.063226570359658951e-02
3.315398586828213062e-02
3.414301381143099862e-02
4.967068792491256130e-02
4.626822106554324965e-02
6.891008479747220972e-02
5.415520603822168710e-02
6.861720771398888141e-02
9.191337910805919345e-03
1.111137886183947432e-01
1.647553564560044759e-01
6.552553931296144218e-02
7.531364416945632301e-02
5.400214202584400353e-02
7.610223351638110978e-02
3.898825282652360752e-02
3.365773006463366329e-02
5.198041825339844157e-02
5.072395537256479958e-02
8.173095151002700287e-02
4.286926575511592480e-02
6.278352150719301861e-02
4.160915444003063235e-02
8.157052034695692899e-02
4.298248848776164976e-02
3.954915285432535066e-02
5.810577962387293571e-02
6.404730478926998205e-02
2.411802471656429928e-02
3.796383552344276269e-02
5.205040729139483180e-02
4.872424455312650282e-02
3.547280290682306575e-02
1.048290311462179575e-01
1.109375958564401687e-01
4.245671671527991714e-02
6.999035428771985257e-02
5.716375001533314376e-02
5.158677424260928873e-02
3.480130098705857405e-02
9.101543014370433449e-02
1.460729956673740559e-01
1.172678339590159380e-01
9.695671450895949894e-02
5.065356341841883298e-02
1.916038263514692197e-01
1.628482787829968748e-01
6.565727286772109206e-02
1.520836828094937754e-01
1.135288168510741741e-01
1.916579182514637214e-01
1.518976795941795743e-01
2.336567538457942350e-01
1.723025932087899614e-01
9.204535143117784091e-02
1.109832277416067936e-01
1.357827912815353089e-01
6.550969286151747673e-02
1.266899058429405422e-01
7.311445593351079131e-02
1.957628671095435202e-01
1.746260739703001108e-01
1.851083514954753872e-01
9.694594584746878130e-02
1.958300390565737015e-01
2.248441485295584463e-01
1.571575610533850198e-01
2.194274958886999194e-01
8.364082844219274115e-02
3.102835090865134759e-01
2.561206617525081386e-01
2.884551786656872618e-01
1.184454783368275171e-01
6.240789207638244157e-02
1.800202382341131446e-01
1.595384756838660600e-01
2.282654993332211835e-01
2.173292821034134015e-01
2.436647390734470453e-01
1.344043243720295655e-01
3.015543971187332750e-01
3.273805848127864793e-01
2.167392095301307331e-01
1.407255769824057590e-01
2.285357851890501835e-01
2.295743878795429849e-01
3.477770226761013328e-01
2.943116364102521532e-01
3.177767454239914247e-01
2.400594168717082033e-01
3.871383759579353212e-01
3.930083339245840079e-01
3.382881495987180576e-01
4.027334148079839138e-01
4.014518304496527135e-01
3.931093597540206708e-01
4.022001746452422144e-01
4.340653557616513947e-01
4.359832156135012293e-01
4.125735250585353397e-01
3.153841530582465191e-01
4.129614341702980695e-01
4.367992668473215656e-01
4.351687949004516831e-01
4.036658186758014244e-01
3.949709595119041960e-01
4.038049563626971983e-01
4.057216569433454989e-01
3.411861912639809757e-01
3.962516131931287378e-01
3.902516996168983732e-01
2.428532153598863819e-01
3.220147572978745432e-01
2.978692191479024864e-01
3.522927567142346561e-01
2.324974179432756916e-01
2.307920822995122301e-01
1.431161846167703366e-01
2.203633259851851267e-01
3.339715233900853453e-01
3.067241184095149675e-01
1.369424694918069951e-01
2.480755021324132781e-01
2.229406249884547664e-01
2.336728325510505078e-01
1.627201286359795385e-01
1.838564816353241149e-01
6.466456780261652104e-02
1.226137647741713660e-01
2.927955290874835748e-01
2.607233160345747702e-01
3.177078309976497095e-01
8.657469544876560119e-02
2.278186290837566352e-01
1.631303320933267798e-01
2.290343455358344327e-01
2.025100499277146804e-01
9.805405935076401402e-02
1.911778066085048633e-01
1.808832299429334878e-01
2.007597341866568519e-01
7.614751354328637423e-02
1.310864439703936790e-01
6.944057784206239536e-02
1.383549284947694080e-01
1.159625036218615568e-01
9.444088821405374756e-02
1.823116946837833319e-01
2.440754767830729810e-01
1.554360304830411654e-01
2.003242897966965308e-01
1.197727006623479362e-01
1.527827199812002157e-01
6.981658644857006990e-02
1.687152238416753103e-01
1.985132277095806586e-01
5.273382389671118359e-02
9.770444191097812925e-02
1.217327695785383052e-01
1.523121098746526569e-01
9.673398116901052446e-02
3.708096993369314892e-02
5.271718610885965661e-02
6.184871052403591307e-02
7.302015819792027906e-02
4.424982223781014079e-02
1.167304154183811810e-01
1.077708583876366005e-01
3.776012960476951563e-02
5.430334108915782498e-02
5.559446277759510363e-02
3.980234734005297370e-02
2.638638664904055867e-02
6.986764840615933281e-02
5.821882488915014475e-02
4.068506796461371366e-02
4.515545139515997342e-02
8.718698897837920403e-02
4.434536829346726050e-02
6.382387293874884626e-02
4.264258699571161354e-02
8.765250015041867182e-02
5.223201448732939928e-02
5.092711389955368456e-02
3.587199575660150741e-02
4.041207675722942316e-02
7.899525009733404657e-02
5.540850595385725386e-02
7.961405735880741630e-02
6.979849230049522957e-02
1.693146201079315794e-01
1.175345846232234981e-01
9.420609847264735728e-03
7.340411425153095526e-02
5.870237821201011730e-02
6.808633664238855632e-02
4.748924532861779207e-02
5.208824401551992445e-02
3.689527225618075001e-02
3.629329857600376019e-02
3.363251249838900003e-02
7.780656191920386211e-02
5.367419595595600279e-02
3.124474146817846423e-02
3.377829771962666955e-02
1.076218849384046050e-01
3.558088989028498905e-02
4.123665189743545151e-02
4.066398198831361332e-02
2.621320308187295375e-02
3.647001249885926943e-02
7.712725357540106685e-02
3.997967019778938397e-02
2.888580878165697072e-02
4.132857593420571907e-02
1.623117213559101268e-02
1.015599344622288014e-01
3.431093206619120067e-02
3.717043055874925256e-02
5.929144242722213243e-02
3.675809420949430889e-02
1.142147369401800144e-01
3.921862254301874268e-02
4.489630498208880410e-02
7.117005315351154771e-02
4.084422289385498256e-02
3.861117737909294800e-02
4.688363225391058153e-02
5.678416947118492680e-02
4.570606561008867808e-02
4.561807315253487566e-02
2.588746000131646879e-02
4.500776888378967694e-02
3.143784635084909129e-02
4.353307272871193706e-02
2.636067799424505684e-02
3.939696568387558023e-02
4.529347788733455865e-02
4.239383855565521247e-02
6.325635936289845940e-02
5.180850124511920951e-02
1.692644756141957821e-02
3.559887770077260760e-02
6.428970087789338816e-02
5.978281262896777831e-02
3.143655672870857704e-02
7.286532612185050994e-02
2.836491870009543934e-02
5.756812052815760833e-02
4.767635889611911842e-02
1.561412542458648876e-02
4.354819847610091887e-02
2.812306120246210739e-02
4.430413212577524740e-02
3.506192774668207696e-02
3.652557117568009520e-02
6.808901520336330115e-02
6.604145955123977285e-02
2.262328858449850696e-02
2.374958851639583438e-02
3.984894361546640479e-02
3.781537747330168675e-02
3.090289793061302623e-02
3.744324988059535841e-02
6.366702947373621690e-02
5.731855712165005723e-02
4.226830277821461840e-02
5.957805919232614378e-02
3.375556155930126839e-02
3.506392438295476838e-02
3.814491576498504205e-02
3.352789804152692815e-02
1.847829117393524553e-02
2.249685914712844237e-02
5.189168910138797219e-02
5.114997596572069122e-02
3.192094264867752218e-02
3.615970831164382060e-02
4.073210987296393970e-02
5.587565367029608682e-02
5.269656615531163185e-02
4.481949097057235515e-02
2.058267548429161542e-02
4.049173175735173991e-02
4.825165971152171190e-02
8.826983453027797966e-02
5.434643664317774514e-02
3.632527340983478931e-02
2.674386005908072766e-02
5.109023368095067658e-02
6.297598248496509565e-02
4.687129813189838679e-02
4.085479894124154771e-02
4.381597028292195245e-02
4.177415155063821106e-02
3.548451050871269385e-02
3.475120023204027880e-02
6.812434704280773134e-02
6.101649430800336338e-02
4.923271937998535686e-02
2.523937494041837010e-02
4.921085245492550636e-02
6.073596280796282609e-02
6.777965497843570220e-02
3.460673067344205434e-02
3.555104686158488264e-02
4.143401097635512204e-02
4.348428847055072627e-02
4.175797540230463678e-02
4.709237551561778340e-02
6.433861493080468563e-02
5.251384470294215290e-02
2.663350124320004036e-02
3.743557461601496744e-02
5.480871126988614422e-02
8.770974423970323564e-02
4.927192567245387844e-02
4.130684640325135715e-02
2.078340686013731634e-02
4.555207804280173717e-02
5.185264761419948465e-02
5.566043265826297465e-02
4.050929783823694480e-02
3.537411783307068541e-02
3.223387996815715861e-02
5.010199602845805816e-02
5.260859534284528793e-02
2.306745700663926507e-02
1.905566792763901257e-02
3.337108650879867106e-02
3.855714935709698976e-02
3.558747143196760304e-02
3.427395169159750538e-02
5.931157430890118820e-02
4.197626707925038170e-02
5.651765962649543673e-02
6.216416539942531960e-02
3.834392525154457082e-02
3.186148240381811436e-02
3.737237681838954939e-02
4.047337805905333596e-02
2.254975502158897138e-02
2.326287316960341106e-02
6.652861852079273997e-02
6.840076299268135762e-02
3.702767167326088960e-02
3.525540020322771168e-02
4.261264405095470387e-02
2.770667075069666724e-02
4.059816263664238478e-02
1.580704855075385634e-02
4.431543474986188863e-02
5.670984465179308015e-02
2.750519870965748015e-02
6.829604066049817235e-02
3.333082222322155536e-02
5.930273051573219101e-02
6.503263541411753723e-02
3.543407684326449480e-02
1.706976668739337843e-02
5.238911734619877691e-02
6.045248335790477656e-02
4.062531991561491029e-02
4.449810633807625704e-02
3.733442831904363463e-02
2.568347240715198807e-02
4.518755008614485508e-02
3.338150856860586796e-02
4.348468345504196558e-02
2.661037774871899061e-02
4.569986643914863977e-02
4.467321734427900926e-02
5.511307639113210283e-02
4.591144259033191205e-02
3.777432209047026229e-02
4.108631117057161969e-02
6.972212155379278742e-02
4.367623238250194218e-02
3.982007392084706970e-02
1.135808471201573688e-01
3.393345468132373532e-02
5.580067363324445889e-02
3.580452123495619920e-02
3.424009828440009728e-02
9.895697481216335356e-02
1.483857595176868091e-02
3.915756095561954281e-02
2.769349911867443129e-02
3.963764377717303444e-02
7.780668725660375151e-02
3.730131427707931296e-02
2.476380800690606773e-02
3.694426281658860778e-02
4.031884417369179657e-02
3.467971383554703524e-02
1.041830840046467643e-01
3.390222405702782160e-02
3.141715988633746182e-02
5.088399900451109903e-02
7.640288005840036034e-02
3.147038621840964751e-02
3.403117711840159682e-02
3.492364253850873540e-02
5.036241473995338447e-02
4.665186185735922114e-02
6.862564071384764930e-02
5.556036489881236579e-02
6.999851659807253268e-02
9.225730930058207227e-03
1.130710817039319582e-01
1.661652130498701418e-01
6.676477414485929018e-02
7.659971121699618579e-02
5.443315359460247638e-02
7.704535112945028186e-02
3.943625174250538906e-02
3.428054350362294556e-02
5.163052424719690586e-02
5.108848998804511182e-02
8.333545706968230327e-02
4.278658389562941394e-02
6.308628162096084624e-02
4.229318968719546906e-02
8.319838053002541478e-02
4.353089335473635246e-02
3.987505291769316562e-02
5.813881033801359538e-02
6.559076098658864207e-02
2.471307413179187062e-02
3.844539097671205441e-02
5.299125285971071492e-02
5.016747777257502677e-02
3.605866904636851472e-02
1.056649686762334839e-01
1.125917055326299820e-01
4.297973028678387514e-02
7.084380993942196447e-02
5.841988609305527602e-02
5.187023015830093120e-02
3.540488407579546470e-02
9.251280574651962740e-02
1.477200359591773204e-01
1.184722307961049992e-01
9.716026996978473218e-02
5.119956821970850225e-02
1.934830661423241616e-01
1.644524185744492273e-01
6.672507206838540483e-02
1.522566228811757238e-01
1.151876318485488965e-01
1.939356823226204285e-01
1.528095570603445474e-01
2.364345626479174567e-01
1.749532141422442399e-01
9.266541441451817129e-02
1.123200784237212840e-01
1.364569993347198029e-01
6.649629095291893777e-02
1.278440737785677128e-01
7.388765451756365565e-02
1.970825151964065158e-01
1.762512677386373905e-01
1.866941592288966223e-01
9.722034697766862577e-02
1.975582932929965396e-01
2.259478948449218094e-01
1.586958958466428982e-01
2.215965941716992738e-01
8.436880524260151337e-02
3.121988909055731232e-01
2.573134011035752566e-01
2.895956084212830128e-01
1.195205667963440549e-01
6.297839953895800758e-02
1.810082818741046706e-01
1.603446084174213193e-01
2.296457647692067006e-01
2.187630455504467053e-01
2.447848694267166503e-01
1.350495088341504002e-01
3.028788857958862324e-01
3.290744773503678222e-01
2.176670042919036652e-01
1.413240044151934105e-01
2.291094582533253488e-01
2.303059447230690338e-01
3.489110312943977110e-01
2.952097551514205609e-01
3.188434161721093729e-01
2.407622196321541619e-01
3.879202094563790060e-01
3.938243579344928857e-01
3.390166144201348097e-01
4.034864609335837571e-01
4.020430752988730649e-01
3.935764306537553048e-01
4.025673690043548025e-01
4.343419099760428836e-01
4.361876430935381910e-01
4.126705770077138680e-01
3.153841530424688622e-01
4.128645316172240842e-01
4.365956688497668048e-01
4.348936312881588329e-01
4.033001980170698442e-01
3.945072402693766689e-01
4.032196495493531874e-01
4.049805743937057168e-01
3.404656700469104180e-01
3.954460532702843145e-01
3.894769903551001944e-01
2.421592035094333739e-01
3.209625596496125111e-01
2.969886568017335304e-01
3.511692424243751942e-01
2.317678189053430926e-01
2.302376690545314686e-01
1.425196593030918224e-01
2.194788803140366729e-01
3.323693747235617613e-01
3.054636099137658656e-01
1.363187888983705964e-01
2.469907542570659587e-01
2.215688168250923573e-01
2.323497360416841573e-01
1.619361053398184758e-01
1.829263525141037738e-01
6.410716769559737793e-02
1.216044590936543324e-01
2.917644876511132912e-01
2.596147970523651760e-01
3.159115845929464372e-01
8.583759186347279801e-02
2.257920271555556302e-01
1.616826322889774736e-01
2.280419529088063280e-01
2.008989223380340250e-01
9.777619099678158676e-02
1.897284221070396903e-01
1.793802751244500671e-01
1.995800074164892079e-01
7.540580010767715391e-02
1.300420730496930355e-01
6.846427787919356911e-02
1.377437440100627575e-01
1.148062315752654272e-01
9.386502612579308846e-02
1.799545546206234858e-01
2.416396908795833132e-01
1.545825444697065953e-01
1.982695730776556364e-01
1.183077461743737291e-01
1.526089219831149590e-01
6.880773909864054683e-02
1.673798586077963613e-01
1.969324662348941324e-01
5.224097861925765252e-02
9.753404848620492174e-02
1.207031098971445421e-01
1.508428110868058059e-01
9.537520521867934309e-02
3.654509214147499963e-02
5.243952602922862666e-02
6.076064066344784298e-02
7.235235460042720168e-02
4.386897699167802839e-02
1.154714424297649950e-01
1.071289613123141693e-01
3.720669812758154588e-02
5.296098214592843273e-02
5.476540747471844717e-02
3.936774007346936777e-02
2.584907119936345407e-02
6.850355264233826125e-02
5.819498031025321927e-02
4.044012277530606436e-02
4.462643372140558812e-02
8.598682256541455293e-02
4.367213868198150523e-02
6.360325863506058330e-02
4.267867585040791695e-02
8.629884493803705037e-02
5.185529826936693260e-02
5.111943285612401827e-02
3.538491303836993618e-02
4.013474428792748044e-02
7.845481014923372243e-02
5.512652880779540104e-02
7.872759712044605229e-02
6.888860013626844914e-02
1.684099552986698944e-01
1.162387565282187313e-01
9.347787962916921309e-03
7.238013996952731566e-02
5.779825215460017429e-02
6.822967515515883374e-02
4.725157755082920463e-02
5.156868895589527407e-02
3.629687791189058210e-02
3.560005618553587631e-02
3.296972855968558630e-02
7.741462748460650745e-02
5.284812456972758782e-02
3.128444444394188478e-02
3.380763216727888237e-02
1.066627451770821439e-01
3.531153951825111853e-02
4.098198919212392433e-02
3.951629166154228129e-02
2.580251373844128643e-02
3.668278960388750981e-02
7.730023212842673797e-02
3.988440799785780699e-02
2.855686470777766758e-02
4.069653537701244106e-02
1.581663895153035196e-02
1.008753629162492671e-01
3.429281594345854473e-02
3.678852171793999676e-02
5.837447471105589730e-02
3.590346839271522233e-02
1.140191944110058725e-01
3.936628010301021496e-02
4.457823930814165669e-02
7.078828038790623001e-02
4.089925251444441467e-02
3.840238997057486559e-02
4.663999586056522678e-02
5.634179657945032754e-02
4.543980882228954715e-02
4.563787760374872493e-02
2.606095234481195164e-02
4.459895187965508961e-02
3.185810745502609675e-02
4.392512585672880138e-02
2.618821971032572055e-02
3.884871449411631678e-02
4.508945793320760093e-02
4.194169184496724517e-02
6.255604398691577694e-02
5.194568442012743870e-02
1.696002225800019927e-02
3.554824679013664224e-02
6.446447421043331738e-02
5.966176761033530757e-02
3.186593780473712112e-02
7.165270004473212051e-02
2.813871130301955417e-02
5.734966688100214677e-02
4.674779021011055136e-02
1.565718448271475119e-02
4.282080013787360057e-02
2.802239367971699410e-02
4.386981377514780067e-02
3.510354275238041638e-02
3.663887275572513119e-02
6.815935421237509506e-02
6.614918379224062062e-02
2.276603747957788026e-02
2.344886211863300013e-02
3.998728416627810728e-02
3.771709263847014548e-02
3.110912040573052262e-02
3.763337053903824392e-02
6.333796972348613996e-02
5.714228929997364204e-02
4.219784863428080457e-02
5.951832720275190836e-02
3.385796305271263074e-02
3.517640347018703706e-02
3.822988329675967162e-02
3.349377913247757188e-02
1.859405353046247183e-02
2.261654313523024304e-02
5.203820064437997966e-02
5.092003529669478223e-02
3.198514909874131118e-02
3.598165481913913333e-02
4.067791041220893133e-02
5.582778406114397712e-02
5.251341924787975013e-02
4.496052445875758918e-02
2.062389110561275302e-02
4.065616022352032399e-02
4.844455931798892501e-02
8.815265711025091488e-02
5.444094339898367108e-02
3.655017909116141384e-02
2.672070770901320558e-02
5.136676973365839755e-02
6.324281068583223475e-02
4.691600881695541514e-02
4.103120024792425435e-02
4.374799427771031840e-02
4.170537763794084085e-02
3.549770911116149202e-02
3.472207007728791983e-02
6.805528568321922434e-02
6.096032892294226541e-02
4.922834549580724917e-02
2.523937494405443724e-02
4.921522534078425631e-02
