6.152417234207139263e-01
6.409275317606958344e-01
6.385674507986199844e-01
5.067861366323097583e-01
5.201376068063147118e-01
5.235196573970427592e-01
3.506955774942809301e-01
4.678465996273671879e-01
3.109677107205391922e-01
1.584843960151246789e-01
2.704522643068301146e-01
1.759454277686278156e-01
3.342747743296735075e-01
3.129943590914688878e-01
1.223412971258768939e-01
2.002692789830091413e-01
2.905111336319342041e-01
1.256937270164488474e-01
1.129458010917317873e-01
5.709091829295347836e-02
1.453855811020897670e-01
1.606011152777469808e-01
2.312125464200416314e-01
7.455683827001292896e-02
1.778168277652397156e-01
7.866427680864322702e-02
1.831353523605384892e-02
9.870634521965450381e-02
1.492563595986234060e-01
9.008836353538331176e-02
8.689547304319401866e-02
3.216900397362806169e-02
4.301736660841474352e-02
7.266020878071580147e-02
8.385379639070381086e-02
5.267571091184174853e-02
7.175717158400858608e-02
4.050143937640614256e-02
3.647926072084434201e-02
6.628535045205623255e-02
5.568702947631163497e-02
6.279482814153594661e-02
1.827064860741633295e-02
7.871770048508479334e-02
7.193129795455165121e-02
2.962494683383900054e-02
3.165496583656277063e-02
8.172191813307355668e-02
3.243235965946918153e-02
5.479815278564947184e-02
1.921233114116151566e-02
3.455194481732901113e-02
6.543182136042825781e-02
1.748984920621969932e-02
4.075675696056148267e-02
2.281469784916214175e-02
1.814352096498926536e-02
7.770758106118087760e-02
4.894964794106239359e-02
5.869507828289979162e-02
3.481733713974684286e-02
3.673033278676392926e-02
4.306548666165362083e-02
5.045674965214139163e-02
1.975520667803550706e-02
6.687606520573928515e-02
1.887219574293264382e-02
3.602391528408548788e-02
2.442495887236655755e-02
3.448404127165016764e-02
2.676255498518950032e-02
4.385624816727640846e-02
4.299891073365161298e-02
1.826505183045327996e-02
1.779767705750223000e-02
2.851343599358287934e-02
4.717458829793914898e-02
7.694660441567258147e-02
4.690808448398918473e-02
4.384456057486891406e-02
3.382382003500686296e-02
1.756749545859742981e-02
1.910649896531246492e-02
3.813639435591614085e-02
4.198264129628131308e-02
3.342353190944318680e-02
2.258025890381809564e-02
4.211191793302572484e-02
1.357112222225263613e-02
4.181913368472131576e-02
7.641494745276916634e-02
3.264498160947196248e-02
2.311746626426297233e-02
2.045237662820252600e-02
7.542846151609637617e-02
4.415696087232252875e-02
2.349561686037180547e-02
3.707087104827592322e-02
1.111685393160705415e-01
2.138500150709289963e-02
1.110222844112568191e-01
3.648840339540488503e-02
2.220645900015838503e-02
4.346678343499461167e-02
7.701564697428994744e-02
2.199410270712231705e-02
2.299015029218784770e-02
3.406971762827702699e-02
7.398749370797393088e-02
4.837145218927615259e-02
1.404788375592026101e-02
4.213979774131278166e-02
2.432218033023759995e-02
3.299422397631972953e-02
4.212758627120185423e-02
2.574095548287337609e-02
1.940329070083668742e-02
1.681893567656368021e-02
3.232092152239085525e-02
4.157948462788248895e-02
5.136452797403921744e-02
7.617552064804899992e-02
4.528036265401651911e-02
2.644750692888066246e-02
2.017947202152064329e-02
1.674963581417734243e-02
4.122196158051069648e-02
4.140458413729921489e-02
2.772474561926430853e-02
2.870293391389625373e-02
2.149301665548105852e-02
3.442964308260135914e-02
2.036330242920394995e-02
4.202071201954398622e-02
2.113280132019442273e-02
4.410383710040421262e-02
3.069358538135181363e-02
3.070854052905508391e-02
3.291129388919841053e-02
4.711547836541733064e-02
4.330085274310754850e-02
7.531755477702357926e-02
1.927548297209754485e-02
2.761077186706243150e-02
2.995347427295545761e-02
1.370807237768641509e-02
5.717282255844668981e-02
2.033996710955748508e-02
1.594566270270884184e-02
4.727529989428810170e-02
2.827439995332110476e-02
3.766221822880963521e-02
2.445026450953528135e-02
2.229535165840848543e-02
5.661277102560179075e-02
6.793942277651868200e-02
1.174785779974626097e-02
4.309262104678936861e-02
5.003079981479081201e-02
4.267009469541312855e-02
2.188424691069955005e-02
2.162377555169561413e-02
4.132178846130683814e-02
1.918539845614040604e-02
5.658366310460757193e-02
4.853857872917121535e-02
1.209502401533504336e-02
1.580642645920642131e-02
4.974845728102916809e-02
3.621348742377700908e-02
6.925089514907029065e-02
3.526307480674176209e-02
8.242576130229372147e-03
3.410584133385794608e-02
2.983202791282670713e-02
5.375185268716548004e-02
4.567546643358618569e-02
4.247810139028670995e-02
6.667257747633741072e-02
3.029259983196276595e-02
1.685160297990107373e-02
1.695454890282897462e-02
4.282835816301115706e-02
2.730641438160727463e-02
1.867425796786207487e-02
1.158204561302829949e-01
3.142762092526637380e-02
1.331599588865797767e-02
3.369329848432314062e-02
9.743049811337091415e-03
5.664583649354947015e-02
2.676057699849261270e-02
3.029896092235723551e-02
4.669528824886267498e-02
3.313260511551135296e-02
2.886638924351940180e-02
1.129937651402407733e-01
4.134635388107581189e-02
3.560263049392931034e-02
3.529042728072305513e-02
3.548652097221506596e-02
4.109470631562842785e-02
1.123506359731582666e-01
2.847660372048172947e-02
3.256475220516066166e-02
4.594065567791937726e-02
2.945069617108374629e-02
2.607836286888396901e-02
5.559027801741522196e-02
9.300730575292192465e-03
3.278427977245470387e-02
1.264580179695928321e-02
3.061811817931841054e-02
1.146407054424945920e-01
1.792124489370527582e-02
2.640585201652192321e-02
4.132949185800596781e-02
1.586138427502251785e-02
1.596325531476698242e-02
2.878160193282221224e-02
6.904912861459870654e-02
4.267543955496541641e-02
4.606120341591520007e-02
5.331019371850723165e-02
2.919349879676563439e-02
3.517183667053575685e-02
7.206279358900762738e-03
3.493357215303936197e-02
6.948545099747617526e-02
3.679590979773523368e-02
4.753189058545334578e-02
1.429499595092859586e-02
1.064838534769322990e-02
4.667946984832359314e-02
5.982898577217681674e-02
1.852538660121643560e-02
4.417230319741439343e-02
2.172246495577168091e-02
2.089153666567199544e-02
4.485948357678797016e-02
5.132619442629045986e-02
4.413541042188937058e-02
1.144070950633112836e-02
7.113598631072289014e-02
6.038319900227925863e-02
2.190894032551087348e-02
2.528710259414029132e-02
4.207844320632027346e-02
2.869825021756785069e-02
4.930795441241011406e-02
1.603650070652583998e-02
2.114290123807004845e-02
5.928258336927313965e-02
1.354861728633388954e-02
3.053155355139994254e-02
2.566006534916633747e-02
1.880109252604624664e-02
7.624763949216036008e-02
4.535240194116010870e-02
5.073167426992957613e-02
3.349715180569448614e-02
3.202757070401640593e-02
3.317735927826309661e-02
4.608297198948755474e-02
2.044805440836734364e-02
4.652055831049155266e-02
1.966173184062722928e-02
3.483054374205248743e-02
2.242136057401459756e-02
2.937444456070429158e-02
2.710662282633651346e-02
4.259991537698364084e-02
4.198813823011655205e-02
1.751078408110679982e-02
1.789735821950870845e-02
2.663380819758632417e-02
4.632299432543963286e-02
7.657272068887949201e-02
4.887241424212874358e-02
4.274730346796350861e-02
3.318370878283871672e-02
1.723025933227190221e-02
1.922513877977319319e-02
3.022630945303934544e-02
4.203881604551285706e-02
3.322420571066128647e-02
2.322812095589284198e-02
4.205846697683325586e-02
1.372998033171287692e-02
4.342859309240919286e-02
7.552575451035294096e-02
3.281981177360526747e-02
2.299502433666015741e-02
2.071809056987801434e-02
7.571605032933559354e-02
4.378704724112036234e-02
2.306048888279036563e-02
3.687555177932616557e-02
1.111197879941451944e-01
2.138500151272631003e-02
1.110710256433655452e-01
3.668139936840435905e-02
2.263079110809419758e-02
4.354968447767727097e-02
7.623578529273207505e-02
2.120638937514351258e-02
2.295159367899411024e-02
3.327583712198013688e-02
7.472036505584993271e-02
4.557400215371716634e-02
1.388953955090042013e-02
4.207364569846377966e-02
2.380510602299611145e-02
3.308735083745784067e-02
4.208655061478428633e-02
2.722225672436338895e-02
1.932231187128162844e-02
1.699352816296810162e-02
3.269970474212122169e-02
4.205390253130816824e-02
5.029153758717438277e-02
7.633679415089066056e-02
4.572427445188076423e-02
2.636728067753929539e-02
1.871071951747857107e-02
1.705490617884383719e-02
4.150197680623109869e-02
4.187567760279817253e-02
2.745372640147383803e-02
2.873855385988631148e-02
2.178405227648782735e-02
3.452960449235054075e-02
2.009239273225649561e-02
4.319691242519554941e-02
2.086277214744404820e-02
4.473092800321314122e-02
3.135844281427864477e-02
3.105784626018059241e-02
3.309300884786314095e-02
4.828529385106523908e-02
4.400489717979218229e-02
7.564558699694226562e-02
1.910252644040739273e-02
2.690923421684478581e-02
2.996548348291564606e-02
1.357280294421982572e-02
5.781167826289271283e-02
2.045763995125339518e-02
1.591337339135227499e-02
4.790817741394847590e-02
2.834662706785209124e-02
3.879279481400474405e-02
2.464153920267638312e-02
2.207377067527669171e-02
5.776540281258729648e-02
6.896716531601404521e-02
1.160431406721891198e-02
4.327479496479885029e-02
5.042048165309963303e-02
4.322199227807898420e-02
2.152240239670449515e-02
2.159102397591707023e-02
4.206995518846966264e-02
1.893095025697373590e-02
5.746378012543228164e-02
4.790849808525314557e-02
1.165175864935252131e-02
1.534008023332279931e-02
4.901609365701580651e-02
3.629899560695485500e-02
6.919508601283091975e-02
3.510337828814582423e-02
7.936424410628348247e-03
3.435118926769244879e-02
2.960923232635002955e-02
5.358128890369528302e-02
4.571043577676064951e-02
4.247758717220581626e-02
6.726383232782254251e-02
2.986399273967283580e-02
1.660236727179705343e-02
1.665237822008738475e-02
4.240730186155634851e-02
2.705534203998292628e-02
1.846649366682899529e-02
1.154615041231807637e-01
3.120587464419730117e-02
1.313775486753194013e-02
3.344913420499428386e-02
9.626326809436400872e-03
5.636603524380907893e-02
2.658183291454215696e-02
3.007895407273111429e-02
4.649963121561165313e-02
3.298630185700166667e-02
2.876665299599251435e-02
1.128290637881455838e-01
4.128263160538590132e-02
3.557342554287944852e-02
3.529042728078022467e-02
3.551537140747538374e-02
4.115681362895933643e-02
1.125075420165385504e-01
2.857179160231241785e-02
3.270245205008556755e-02
4.612245486117527715e-02
2.965500424881205646e-02
2.624094822360653959e-02
5.583872160408834967e-02
9.405378098157047423e-03
3.299525957217074035e-02
1.280307533598176034e-02
3.080196554861408184e-02
1.148750774693001048e-01
1.809101888201111383e-02
2.660644217949240803e-02
4.166050425031039145e-02
1.610753863652043469e-02
1.615992275925664037e-02
2.911199740994437762e-02
6.845365682372575589e-02
4.258077189523910844e-02
4.590913746646753391e-02
5.336682370731442304e-02
2.929587180841131122e-02
3.488737856235032964e-02
7.423130640452448893e-03
3.494732164415106923e-02
6.932634627978206954e-02
3.659834085269986215e-02
4.792925563529918526e-02
1.459473845185555937e-02
1.093815516252379973e-02
4.699994615263992231e-02
5.908410679974799434e-02
1.861351263611703277e-02
4.349669337898025290e-02
2.164969014365950364e-02
2.104323846476784457e-02
4.432354117203214650e-02
5.106049112597735307e-02
4.381701559711191629e-02
1.146328539332035559e-02
7.052883374575077968e-02
5.962393793518466767e-02
2.190836272330745280e-02
2.507070155997376953e-02
4.101410291900025457e-02
2.857209212713839735e-02
4.890765935395330333e-02
1.597512056942159905e-02
2.088465336580678372e-02
5.885525243036871662e-02
1.351910655627075984e-02
3.029733110676223473e-02
2.598223725468605180e-02
1.887805304798971517e-02
7.609014503085083370e-02
4.499275723781685082e-02
5.005176647666242234e-02
3.338297656360726673e-02
3.172996274479048667e-02
3.261675706055264939e-02
4.570431737527431287e-02
2.054756217632519588e-02
4.548186134747302101e-02
1.976703285318554687e-02
3.473872978286086238e-02
2.224273373836863771e-02
2.913657140662678086e-02
2.718172772092227601e-02
4.242552257738848448e-02
4.186480141370833158e-02
1.740246468173138605e-02
1.800720090519655411e-02
2.652338728724476513e-02
4.618711004574484885e-02
7.651727583702205848e-02
4.919170204284650100e-02
4.258442256959062838e-02
3.307644354280386140e-02
1.717645790861336078e-02
1.924609359262862210e-02
2.941608718499908598e-02
4.204897480488588996e-02
3.319255191756370627e-02
2.334880169823424015e-02
4.205666150957285826e-02
1.376190912415948230e-02
4.381177869978933326e-02
7.535836512973992374e-02
3.288705484252284900e-02
2.297994804564825605e-02
2.079598724018376019e-02
7.580063319718009784e-02
4.372836162993749137e-02
2.297411639787099585e-02
3.683662828373986120e-02
1.111100309217658705e-01
2.138500150708811873e-02
1.110807799369725457e-01
3.672013700389595292e-02
2.271629921618058268e-02
4.358559724858755702e-02
7.611202971495058256e-02
2.108777222874824719e-02
2.295384243182441511e-02
3.315978119122259954e-02
7.487531112841909475e-02
4.509719894571853627e-02
1.385767474782636718e-02
4.206604743936196572e-02
2.369481841842113051e-02
3.311073230542740248e-02
4.207758800945840538e-02
2.765384345470107974e-02
1.930431455137897670e-02
1.703500179342219006e-02
3.278682564615988115e-02
4.217110183122867867e-02
5.004014270816063009e-02
7.637665129472992476e-02
4.582935984510291827e-02
2.637751084079929809e-02
1.849601733769059425e-02
1.713105583044646427e-02
4.157732466058142867e-02
4.199489978780886201e-02
2.739047290905208612e-02
2.878701668615168616e-02
2.187147967200328211e-02
3.456564122810674988e-02
2.002269278435818423e-02
4.359160562346760942e-02
2.079434342679158110e-02
4.491714877371645598e-02
3.157855825935591138e-02
3.117520832351289295e-02
3.314792098154852734e-02
4.862654645579991830e-02
4.420229599295572714e-02
7.573585797636252226e-02
1.905604917421101219e-02
2.671883971598630961e-02
2.999975238556916446e-02
1.354823642822943451e-02
5.800584557431831545e-02
2.051539023360332906e-02
1.591476089988792114e-02
4.809694942015838720e-02
2.837908093765874329e-02
3.916906406844955502e-02
2.471063438884107955e-02
2.202498525747422983e-02
5.811262760727222559e-02
6.926753302516346078e-02
1.156924713302055416e-02
4.335201714559203112e-02
5.053894689392653822e-02
4.340692676196079153e-02
2.142248498509041060e-02
2.159069780181698678e-02
4.231447625718812167e-02
1.886218285879586246e-02
5.774653104453736363e-02
4.772757124728491812e-02
1.151822343155347282e-02
1.520001019339988456e-02
4.880306391493161727e-02
3.633817887513608041e-02
6.919647119151368930e-02
3.506348356480054607e-02
7.842397292609253751e-03
3.443679490834825052e-02
2.954558730206553047e-02
5.353470793143193934e-02
4.573244261599800076e-02
4.248575969430199578e-02
6.746167502139559236e-02
2.972939192276864359e-02
1.652367144513405134e-02
1.655629556474195671e-02
4.227436127965491369e-02
2.697577846893138218e-02
1.840034259241242129e-02
1.153520486901573744e-01
3.113500154134114448e-02
1.308001051251569957e-02
3.337038064846752777e-02
9.588372131853690680e-03
5.627521969291669063e-02
2.652350990893152793e-02
3.000683161372931160e-02
4.643547715774427181e-02
3.293819243720581130e-02
2.873375308780099294e-02
1.127747524695345560e-01
4.126151205655502474e-02
3.556371698942953352e-02
3.529042728072000895e-02
3.552501431057490666e-02
4.117763412405968382e-02
1.125604099032600919e-01
2.860384936377183968e-02
3.274896869388250337e-02
4.618404352874635327e-02
2.972422092591583617e-02
2.629628088594363616e-02
5.592373469677559827e-02
9.441099001699407647e-03
3.306787582370900036e-02
1.285694229858926931e-02
3.086583261872110837e-02
1.149615223172216760e-01
1.815015311669690087e-02
2.667668198270415139e-02
4.177682060144704418e-02
1.619328359192741609e-02
1.622892111785561101e-02
2.922849233524689797e-02
6.825508130366141069e-02
4.255510324348627665e-02
4.586562504128656459e-02
5.339251040339319798e-02
2.933740321499623757e-02
3.479464457612501532e-02
7.500794487887676304e-03
3.496050751806407259e-02
6.928568489788324014e-02
3.653873352082594173e-02
4.808111740920629346e-02
1.470437892337452847e-02
1.104367020855246892e-02
4.712442540306151229e-02
5.882645440476713672e-02
1.865208050741195764e-02
4.326580597409177692e-02
2.163093684351532694e-02
2.110511968071010144e-02
4.414210556644734135e-02
5.096468209193583121e-02
4.371598044319440629e-02
1.147672905462972411e-02
7.030424737414729675e-02
5.934840503480869750e-02
2.191800550966063396e-02
2.499798615111722272e-02
4.065145935844576008e-02
2.853095377546676151e-02
4.876121836116023567e-02
1.595782436675125676e-02
2.080304602272002590e-02
5.870013362725100270e-02
1.351545781023767712e-02
3.022592096319328542e-02
2.610646474251867438e-02
1.890787200836823237e-02
7.602983022445469752e-02
4.485638788428911172e-02
4.979913804255010901e-02
3.334080615036815604e-02
3.162454714098885539e-02
3.241908304890516596e-02
4.556398637726591372e-02
2.058726054171432229e-02
4.511853411621361692e-02
1.980865986963988024e-02
3.470589263688333981e-02
2.217648222303741923e-02
2.905904689836255952e-02
2.721318820637767463e-02
4.235611094175235208e-02
4.181682729686949512e-02
1.735909771842234633e-02
1.806256684338278240e-02
2.648792745832607987e-02
4.613163741043086602e-02
7.649496540047732995e-02
4.932251526287802917e-02
4.251886789153808133e-02
3.303222718678467534e-02
1.715450305839257700e-02
1.925482570459154108e-02
2.910962788252011504e-02
4.205322967889269653e-02
3.317969788270450082e-02
2.339968059285782789e-02
4.205668166396395874e-02
1.377559607654478720e-02
4.398271138771183558e-02
7.528762640346434165e-02
3.291938794158581760e-02
2.297445693700419372e-02
2.083219171557802729e-02
7.583976859947191840e-02
4.370486616245281009e-02
2.293716629050225261e-02
3.681996105211306908e-02
1.111058520770493718e-01
2.138500150698742150e-02
1.110849585174587539e-01
3.673675302892390887e-02
2.275301137152998046e-02
4.360282341602644135e-02
7.606210723911739635e-02
2.104037514398533065e-02
2.295580077872172095e-02
3.311401784317586500e-02
7.494262321922742776e-02
4.490051006551914331e-02
1.384400601460103117e-02
4.206344069513042599e-02
2.364680113852980076e-02
3.312131293959143241e-02
4.207366231194714645e-02
2.785859903758546377e-02
1.929639584745435760e-02
1.705357711155242734e-02
3.282551113132185089e-02
4.222417003846094113e-02
4.992795012548513489e-02
7.639470121120003898e-02
4.587639168047367294e-02
2.638641018402460015e-02
1.841187646982250445e-02
1.716564697296505890e-02
4.161230366579910661e-02
4.204928578313988502e-02
2.736237679482330862e-02
2.881535603508842205e-02
2.191342438900401729e-02
3.458368204403369783e-02
1.999074278991584339e-02
4.378769640031503901e-02
2.076313200133489412e-02
4.500630092484517175e-02
3.168744727092614316e-02
3.123338565598014760e-02
3.317432482689186557e-02
4.878921353231609193e-02
4.429522346354634182e-02
7.577810170731115458e-02
1.903445982164631012e-02
2.663012629002182996e-02
3.002102371511331316e-02
1.353889007513506791e-02
5.809964728334847395e-02
2.054686163645685210e-02
1.591716386718116522e-02
4.818763248369979657e-02
2.839638839895727504e-02
3.935659850526405934e-02
2.474579494764732671e-02
2.200440513730635844e-02
5.828002848860901891e-02
6.941088232046066508e-02
1.155373037643379029e-02
4.339307219472163940e-02
5.059624036112769785e-02
4.349935004257068222e-02
2.137591824365791399e-02
2.159225798106495162e-02
4.243576318861695673e-02
1.883045775180830148e-02
5.788595430013668275e-02
4.764199739665145317e-02
1.145386069087795528e-02
1.513258113440483534e-02
4.870180580374328105e-02
3.635955610429770363e-02
6.920054503395707546e-02
3.504580997675898341e-02
7.796762022243895578e-03
3.448023163057667428e-02
2.951560640277374123e-02
5.351318209839190515e-02
4.574523968085592029e-02
4.249129787848636430e-02
6.756069926878288667e-02
2.966355742434956602e-02
1.648510402523014132e-02
1.650908311041804008e-02
4.220921857679468814e-02
2.693673827765804760e-02
1.836782491985869750e-02
1.152991522786623868e-01
3.110011612272882073e-02
1.305144185795834542e-02
3.333148346769634895e-02
9.569568736344964688e-03
5.623026117765527604e-02
2.649457939767165329e-02
2.997099382584023086e-02
4.640359672687276171e-02
3.291425946869643709e-02
2.871736723025250168e-02
1.127477062887302373e-01
4.125097486104849914e-02
3.555886764561762975e-02
3.529042727026432402e-02
3.552984067261479029e-02
