2.636561006963142884e-01
2.547785894424866582e-01
2.455707983455132359e-01
2.513433704833739069e-01
2.712374795553344486e-01
2.570966414140941070e-01
2.466919149863760208e-01
2.681126575009640800e-01
2.759921719445527777e-01
2.712466853702913405e-01
2.578341499353270505e-01
2.672695769572284719e-01
2.633122174403486615e-01
2.600622354368811728e-01
2.522382741408487616e-01
2.335160266568795107e-01
2.653879730416449090e-01
2.674464320702939490e-01
2.759675878884618183e-01
2.506805725123679163e-01
