2.192835436861587384e-01
2.415526000555526798e-01
2.648775299374007131e-01
2.418098912692704938e-01
2.483986031825647089e-01
2.611336197925106517e-01
2.469942813548172134e-01
2.486544598454045185e-01
1.816004877443270771e-01
2.574566307986942970e-01
2.618692181146807241e-01
2.325893691824699183e-01
2.442964101399095200e-01
2.643035913352848598e-01
2.398981224973165960e-01
2.660896340843279528e-01
2.532274225386318411e-01
2.651569297054965912e-01
2.402930001939025118e-01
2.703487518883840313e-01
