2.603113805296887184e-01
2.887749383170334916e-01
2.934127985074601042e-01
2.551374299192962769e-01
3.113181289183800105e-01
2.720111096475628654e-01
2.844041654641152328e-01
2.719815218718245609e-01
2.780925201715379047e-01
3.058947580122544085e-01
2.706567778650477707e-01
2.996812702143508700e-01
2.966734081582176885e-01
2.962730353837635389e-01
2.894468558465498331e-01
2.966891859284910837e-01
2.920477386067962255e-01
2.919495400895263382e-01
2.928767939623046490e-01
2.483847015238256906e-01
