2.943358709789800076e-01
2.536422996793020190e-01
2.824854430082907042e-01
2.635848224720238053e-01
2.560881729753236025e-01
2.928576574548117928e-01
2.950278925997506518e-01
3.023980281420463601e-01
2.946311881652314835e-01
2.940525481722162660e-01
2.952139394016060070e-01
2.975572879775990054e-01
3.031645261293091087e-01
2.865995436406841845e-01
2.549821775795013123e-01
2.795249749758979552e-01
2.891307231972235492e-01
2.933044063901523724e-01
2.784008193643088824e-01
2.939225000075349481e-01
