2.969459465894638828e-01
3.000811193845613345e-01
3.092576890380727694e-01
2.936441056813937078e-01
3.103200744296226721e-01
2.862583431564056369e-01
3.155275394249669185e-01
2.947916608559080220e-01
2.982784625477966634e-01
3.054335466887453387e-01
2.961758705444813566e-01
2.857624518136978042e-01
3.006722373809597726e-01
3.102510658272327748e-01
2.889527689308934444e-01
2.874502799026312783e-01
3.039443480352523319e-01
3.088701743098922203e-01
2.990604643296279064e-01
2.978429188499761571e-01
