7.856785613857375505e-02
7.439160445119849530e-02
5.814703694466411693e-02
6.881949897804191807e-02
8.494434427153650657e-02
7.834788229317030117e-02
8.036775084665451208e-02
5.600438445944717208e-02
6.293935139470945017e-02
9.354862422164508806e-02
6.228823518948096993e-02
8.672990329656765640e-02
7.103248996603865606e-02
5.128268292355862845e-02
7.538539158447070399e-02
5.904485969398232809e-02
8.795030525711947100e-02
4.354050383868119517e-02
7.552261589252759477e-02
4.313941003639257254e-02
