1.404803983346869234e-01
1.166484704857256305e-01
1.449919651436266388e-01
1.706490655099381915e-01
1.605895263563321962e-01
1.760978179720688042e-01
9.330237777114414044e-02
1.537503474532462278e-01
1.470706398042655738e-01
1.682098014950719478e-01
1.429548092933181080e-01
1.426084384128338267e-01
1.627751714249484616e-01
1.400126483058572735e-01
1.490802980782898468e-01
1.645116108604084137e-01
1.537774752234845888e-01
1.272271608526663877e-01
1.534951417272687746e-01
1.534376980787330036e-01
