2.877806109868686346e-01
2.831627472664233758e-01
2.823655904084990675e-01
2.823859860435451452e-01
2.671932407995349923e-01
2.791241971969146696e-01
2.792599856581508000e-01
2.752334974367710019e-01
2.783127124992042511e-01
2.418405704188354988e-01
2.368499585034150312e-01
2.786257751546792338e-01
2.961447330556814528e-01
2.821701892006085455e-01
2.749839126242506482e-01
3.016420419415029031e-01
2.940164599044911009e-01
2.648339542017129067e-01
2.672911418953864970e-01
2.771954599772897265e-01
