2.861123913423467280e-01
2.827874741285389404e-01
2.837842960605475584e-01
2.776485128608796038e-01
2.954189324769338487e-01
2.565449302956937516e-01
2.755237666900322568e-01
2.966701778162573744e-01
2.648374028888099141e-01
2.982132956752201469e-01
2.894549998018929871e-01
2.484605092116649039e-01
2.835393395505750869e-01
2.720741101740177803e-01
2.529319064146177687e-01
2.778203362497672080e-01
2.944703288969111599e-01
2.811219504589438922e-01
2.881384655711295428e-01
2.896553102775248911e-01
