4.317766179750627265e-01
3.794050035090624773e-01
3.794019283274779331e-01
4.325001297555569058e-01
4.134502022681750821e-01
4.134572862485702549e-01
4.104468505432374847e-01
4.112102878221003954e-01
4.217715482573627384e-01
4.221579328829809796e-01
4.278590480464221080e-01
4.233306613738069824e-01
4.233853583783354080e-01
3.733352326602408233e-01
3.762215141916118721e-01
4.258798204321769809e-01
4.240836440207963465e-01
4.477831188790411532e-01
4.461660041740709293e-01
4.264507430053021686e-01
3.733193501192496044e-01
3.729824932904570178e-01
4.187083945416484321e-01
4.076976378245495414e-01
4.171992317277277706e-01
3.944893759209923689e-01
3.644107472186809416e-01
3.714045656259487016e-01
4.274037243509757888e-01
4.258648180514730819e-01
4.200705919295565360e-01
4.168412966426129906e-01
4.527987991344229468e-01
4.260785392413802275e-01
3.764370729025070528e-01
3.778992701953215461e-01
4.140575444150484397e-01
4.200594896902371533e-01
4.265064468979892776e-01
3.842356905535743716e-01
3.739754449762776045e-01
3.634463431443767933e-01
3.527012682308282576e-01
3.464205777148677279e-01
3.355053559734394453e-01
4.042090307113485603e-01
4.056999819707207133e-01
4.148609105860289747e-01
3.721164109533114384e-01
3.939922961971531468e-01
3.831333490641736783e-01
3.839424660137114031e-01
3.343381656137143776e-01
3.679403181906243381e-01
3.604582498738527208e-01
3.244961009407869024e-01
3.411654676025668853e-01
3.565998830264991981e-01
3.670130772505379446e-01
3.932809807753202547e-01
3.253611632404109777e-01
3.572766340306760546e-01
3.445454597473266989e-01
3.588313379223912469e-01
4.070566983951235951e-01
3.703034151276907160e-01
3.489948544834486355e-01
3.612265738938826298e-01
3.107358805171630545e-01
3.515595030518262054e-01
3.575883847631222690e-01
3.929134408443700766e-01
3.540213764634370097e-01
3.563732234758779649e-01
3.525004060570466891e-01
3.917601966995776230e-01
3.237458715412724342e-01
4.106200664886983653e-01
3.924710913038547688e-01
3.676402090791426880e-01
3.353801473189297333e-01
3.606534308510224163e-01
3.813297620488769746e-01
3.412892851512404624e-01
3.740661053587005513e-01
3.035715384563569819e-01
3.131214841055989240e-01
2.932749716629391989e-01
3.416064395698560907e-01
3.159221067764063084e-01
3.326800495877956232e-01
3.734342927877448703e-01
3.662322623006579181e-01
3.379084508971782475e-01
3.099270268233182413e-01
2.990328710454682737e-01
3.463045957987609391e-01
3.562740558198150831e-01
3.142866380783190805e-01
3.004466760117632806e-01
3.185183569714439278e-01
2.771312115668926879e-01
3.468211978687189001e-01
2.443756833177852250e-01
2.899079328808850664e-01
3.380310465182695401e-01
2.814441954091533860e-01
3.048834803096855950e-01
3.569654714290462771e-01
3.244773840534851406e-01
2.948763482566012506e-01
2.889006618689937134e-01
3.123149778309011748e-01
3.060723416778898254e-01
3.176263897930843849e-01
3.458344744864224607e-01
3.079969561492307273e-01
3.051075068306057791e-01
2.690507563813877567e-01
2.745857485483947369e-01
2.797201457444682404e-01
2.863916477787601944e-01
2.820642765764349025e-01
3.247821276055534723e-01
3.225069978298377715e-01
2.477339036186658183e-01
2.961664135277063958e-01
2.565154315695026277e-01
3.171273235472070184e-01
3.076070000124606629e-01
2.939667836724864647e-01
2.965328343876845740e-01
2.475401152164530272e-01
2.666712484988106313e-01
2.644760325906181375e-01
3.107552327994988484e-01
3.007910850856122531e-01
2.756438413286810274e-01
3.219733682201695313e-01
2.717532418418256435e-01
3.207795716524524665e-01
2.374467021387775822e-01
2.393967979303154581e-01
2.509696536465572114e-01
2.703741668137088494e-01
2.419724854382905022e-01
2.648969545864151010e-01
2.579986064709920979e-01
2.593846970061297608e-01
1.577306058958052037e-01
2.262828267652039482e-01
2.137131492640930441e-01
2.126213909820928727e-01
2.690910070890600303e-01
2.795631280058921142e-01
2.437442483032465357e-01
2.987065412299691469e-01
1.796298203555228012e-01
2.200523576265884240e-01
1.650213500188324744e-01
2.529096167369962456e-01
2.251243245103894397e-01
2.235607655455234266e-01
2.904304729723531375e-01
2.230049304876289828e-01
2.539039977525306968e-01
1.904032935124762849e-01
2.063279184921633924e-01
1.879456162988901446e-01
2.116354008031792189e-01
2.887627529310023422e-01
2.611510399480992950e-01
2.269959525148662616e-01
1.886870037936654865e-01
1.913885407346607725e-01
1.629072170102622841e-01
1.474219007021403682e-01
1.979576018682639160e-01
1.893430648060789312e-01
1.323629260130120555e-01
2.907692141409078945e-01
1.554983052828760870e-01
1.562209440255847293e-01
1.823628792978819746e-01
1.990231303988939382e-01
1.741524812277620293e-01
1.968115996584841043e-01
1.995274381978956735e-01
1.774112315994158529e-01
1.932101974072424622e-01
2.301097840692600538e-01
2.142175764414594730e-01
1.797484125854192927e-01
1.137720459169684617e-01
1.579014404148740558e-01
1.729125803065036937e-01
1.915931481160830507e-01
1.900045583689670692e-01
2.560352257028039591e-01
1.937569010972561012e-01
2.475690977695399198e-01
1.904659375858742953e-01
1.838815373207111359e-01
1.546028336106084755e-01
1.678606597624641705e-01
1.626266949844021870e-01
1.593616021468657051e-01
1.454663810037913341e-01
9.616923345156981606e-02
1.329065633472472086e-01
9.679747778229129407e-02
1.457572135362083798e-01
1.926231876216415728e-01
1.703200940141268716e-01
1.523543704637560225e-01
1.480988340136986103e-01
2.110647109192601845e-01
1.184624136886464479e-01
1.658940598218958673e-01
1.644578779630893051e-01
1.242562469517528995e-01
1.955172396582544325e-01
2.113557637822419399e-01
1.907456396959980871e-01
1.137493371637094686e-01
8.744945515280763693e-02
1.321853355327146651e-01
1.228268405107760253e-01
1.067190977228189841e-01
9.280214187435331663e-02
8.283598226452525137e-02
1.076533777400317804e-01
1.295302076342337294e-01
1.093037228473345279e-01
9.854212229751055374e-02
1.396522946770008544e-01
1.657101357594575886e-01
1.993033920454230778e-01
1.473543768736542414e-01
1.286281997069206873e-01
1.123110605367102777e-01
1.267461636482992704e-01
1.031542719944200798e-01
9.897174351449400387e-02
9.586333140569057443e-02
1.052793609735722946e-01
1.156602461833353135e-01
1.539453621267710681e-01
1.272876002424895292e-01
1.712782814687935640e-01
1.181584314635436561e-01
1.099463147695046716e-01
8.691121674023319366e-02
1.057102532571555509e-01
1.301460823110739962e-01
7.822311705962167738e-02
1.208539898082972713e-01
1.141576788636284312e-01
7.882810224028848067e-02
1.035691513994710933e-01
1.122864246017539064e-01
8.386897735794854314e-02
8.448495700025027144e-02
1.006637437139822344e-01
1.067840638620719818e-01
9.515700084815210957e-02
1.107786176706222897e-01
1.290949004171692283e-01
8.208819613356456435e-02
1.062308563475164308e-01
1.143045262867586481e-01
9.539193122701054850e-02
1.141955681193693867e-01
9.869951434691896786e-02
8.454730935941759395e-02
1.507718895564533479e-01
9.198400152424125731e-02
8.929852855447385773e-02
4.510749086029298971e-02
1.356330981971211602e-01
8.256016216056465129e-02
8.329734301663062335e-02
1.271575299981185236e-01
8.250373254203582918e-02
6.443005683728351973e-02
1.050012240953211162e-01
8.220895639695552370e-02
1.049983896098001246e-01
5.788154757863824690e-02
1.206650852172112126e-01
1.098168540061054271e-01
1.446004474208863189e-01
9.955724585261144233e-02
9.965800299329120870e-02
1.115978780946409177e-01
1.272475814155348550e-01
1.138641282512014297e-01
1.288371096495615764e-01
1.389041366327616878e-01
9.187260385157278164e-02
1.178651689105704864e-01
1.208148980024799229e-01
1.407453051917338382e-01
1.176821414201478094e-01
1.124984822959333858e-01
1.370892775337490821e-01
1.740341332829280774e-01
1.161495246800872960e-01
9.971977968720008301e-02
1.292160446947749064e-01
1.630676901776371701e-01
1.150066521823001758e-01
8.956644776261039886e-02
7.679137130144922385e-02
8.962290298475178441e-02
1.407862544384234360e-01
1.407263288079962649e-01
1.134990418984305888e-01
7.942129158905010533e-02
9.874571837384199524e-02
1.412695616501802032e-01
1.064852026820466979e-01
8.051205240403831731e-02
1.040365103454352624e-01
7.701990290125758365e-02
8.954241570972122644e-02
1.112041990324262458e-01
9.600421333760723874e-02
1.013317413478541235e-01
1.173182007395372622e-01
6.862668273537123054e-02
1.145230299755457121e-01
1.016096115507541947e-01
1.268740147967440668e-01
1.167566969943619609e-01
1.141421449093978358e-01
1.122711194922723227e-01
1.006254213380945034e-01
8.310476448072631750e-02
1.028266124271511872e-01
1.139262333195360660e-01
1.776465495275515727e-01
1.215772011155167309e-01
1.020518033364953142e-01
7.804843411982977097e-02
1.531841289208095980e-01
6.545898607324379670e-02
1.125615121910754912e-01
4.264275675463328336e-02
1.340183114018224098e-01
1.015181965856304797e-01
1.243013349487812752e-01
1.188966949823141300e-01
9.003250482658520237e-02
1.074580002025830039e-01
1.330677644051319886e-01
1.019863703600316501e-01
9.572359135386980522e-02
1.337096124729472424e-01
6.719314127093660438e-02
6.492527657768663862e-02
8.941259121245825892e-02
1.110956002601802134e-01
9.441713647479149651e-02
8.616472212886649995e-02
1.069474919759630244e-01
6.947477767533691284e-02
1.099335617875063370e-01
1.055372700817047982e-01
1.203278113832383367e-01
9.294839467064809624e-02
7.125847594896911330e-02
1.449285480691754890e-01
7.281915474202203808e-02
1.033012149766511789e-01
1.395300150437792097e-01
9.888432333382522754e-02
1.321752506835311147e-01
8.248347174328257703e-02
1.510983400310607905e-01
1.318315479176402349e-01
1.306748717919960223e-01
1.245651988152956108e-01
1.797004864889326092e-01
1.055858171742362767e-01
1.199321137707489576e-01
1.284647360799952009e-01
9.753313516228791225e-02
1.084520056262269772e-01
1.108976435436337532e-01
1.336122671649526694e-01
1.759755301795541127e-01
1.411056362334430214e-01
1.121648797636361217e-01
1.381976078618910586e-01
8.612754523962418141e-02
1.336093291722356413e-01
1.902474589319992360e-01
1.601676444129540022e-01
1.132531941636441414e-01
1.083204939167785874e-01
9.450694937368993298e-02
3.452945547188251973e-02
1.572350795673616020e-01
1.314824905475863448e-01
1.489780491585296629e-01
1.807899416618207467e-01
1.419365189309851061e-01
1.807272841315814005e-01
1.513680187424486234e-01
1.477827593481583213e-01
1.305263898385151389e-01
1.756709377346135359e-01
1.328172080888893880e-01
1.191485451122359235e-01
1.329996691595666525e-01
1.351665809478383717e-01
1.363499588055128997e-01
1.520056454534595702e-01
1.460910893255275567e-01
1.791743917611212933e-01
1.310070055233953923e-01
1.075787191415333161e-01
1.938994985523466441e-01
1.439659135049483896e-01
1.282518469034436004e-01
1.171947470402138480e-01
1.453752836050414554e-01
6.697772177332123045e-02
8.356775374922670307e-02
1.816386783408366901e-01
1.629390559657613868e-01
1.231357586723237363e-01
1.608586614883142640e-01
1.669247248318036780e-01
1.318365651511871628e-01
1.566174699829958883e-01
6.554949114234813468e-02
1.805360858307341332e-01
1.632357336130469960e-01
1.933918892883047247e-01
1.822169715173184434e-01
1.918385997733809689e-01
1.326102475725251528e-01
1.653476625917332243e-01
1.135622254713937324e-01
1.671899278257704680e-01
1.730307385381293916e-01
1.456277954098130489e-01
1.715146786088979913e-01
2.125996279439639480e-01
1.536556373628258088e-01
1.033409762857218639e-01
1.572972165461452576e-01
2.037454633601669673e-01
1.375539331309768853e-01
1.901736529215212745e-01
2.053576140918489668e-01
1.526571597271439429e-01
1.226891239446371712e-01
1.889723799995403630e-01
1.380324511716043145e-01
1.441184385036886340e-01
1.902929686737426795e-01
1.358342932500984923e-01
1.818083348879913907e-01
1.838651602478036939e-01
1.699926553808751573e-01
1.594203781070858694e-01
1.709594041846402290e-01
1.789257218069762179e-01
1.305130219597048780e-01
2.001697060108833803e-01
8.419378526624701764e-02
1.222916101543460449e-01
1.507861526609804159e-01
1.496303785949968657e-01
1.257113466186665918e-01
1.056386488332444612e-01
1.814257060468015548e-01
1.894224671537831362e-01
7.224333985650144285e-02
1.504562168543576439e-01
1.322883021745488163e-01
1.699422212640658292e-01
1.820246134826899453e-01
1.472049850076725119e-01
1.955942534797668331e-01
1.942353437231005564e-01
1.802255532325039156e-01
1.932802325878295868e-01
1.594326828892346226e-01
1.704525486444078142e-01
2.026007169608038949e-01
1.891285897336981991e-01
1.260851010587920595e-01
1.673005068299858455e-01
1.735293111107005792e-01
1.691254619953000138e-01
1.452287643871922329e-01
1.217891662541252251e-01
