2.525548754486954817e-01
2.559583708687589998e-01
2.485701247392552715e-01
2.521599018584828600e-01
2.202900434822919473e-01
2.390771969172014733e-01
2.417095461529993050e-01
2.468328983163647350e-01
2.431758083873470366e-01
2.541517528674354098e-01
2.706104868994326229e-01
2.356910592913551705e-01
2.298817360122143161e-01
2.542925088503124043e-01
2.442870164364550900e-01
2.348898796040905235e-01
2.509100106244993023e-01
2.063237563091537830e-01
2.344943301225142218e-01
2.269008029057151821e-01
