2.966852291875120284e-02
4.090713934207027003e-02
5.865149363536603655e-02
5.263197158075653276e-02
5.552720391540318101e-02
5.289388749305351523e-02
3.355794527690329071e-02
3.452489899548189661e-02
3.486360822498638795e-02
4.990223461130818133e-02
5.324265550948131809e-02
5.331929061785006113e-02
4.796530208904883907e-02
1.462272904163999451e-02
6.407598052626116425e-02
4.246592447355317101e-02
2.205481505927274488e-02
5.112094145012602980e-02
4.542476205639474351e-02
4.716773252194167432e-02
