3.164833647392162885e-01
3.150443842403585770e-01
3.029607737206537199e-01
3.093242319221422565e-01
3.056285722407491301e-01
2.991583700021997472e-01
2.917871998502397091e-01
2.931115583196892693e-01
3.126653917467580035e-01
2.983977792461730560e-01
2.992301641710410909e-01
3.043707987295514727e-01
2.944542991037082946e-01
3.010833104039979391e-01
2.845398293078354457e-01
3.036848242062396008e-01
3.086498543334428857e-01
3.109471342642332603e-01
3.010703871825951006e-01
2.956611961100236718e-01
