2.936461480641416322e-01
3.067859451935921467e-01
2.944685748397365410e-01
2.547628003161495069e-01
2.998239835430766553e-01
2.989324840647338832e-01
2.972624898835534712e-01
2.585626868072650186e-01
2.839943690921321595e-01
2.859300707197616198e-01
2.729972757923134763e-01
3.073665788490142492e-01
2.935487775152086365e-01
2.825796602249069922e-01
2.517830076943866624e-01
2.963360980802285383e-01
3.033400174931962789e-01
3.027266109041268360e-01
3.039307418760700541e-01
2.824758504644130364e-01
