2.858940702011702473e-01
2.947189660915220943e-01
2.892600020958144280e-01
2.885046455154918754e-01
2.796851437455361578e-01
2.857759382792428027e-01
3.054867565435613330e-01
2.820571150640224234e-01
2.910300313612394496e-01
2.878236671251930279e-01
2.911792950440928451e-01
2.711569313301372408e-01
3.027504428563880245e-01
3.025187870785414623e-01
2.769007709778026904e-01
3.019372135659418310e-01
2.899601349107044368e-01
3.018135068900122397e-01
2.894526223007889421e-01
2.780007300047018237e-01
