2.750355772213023964e-01
2.666943802708562350e-01
2.042213007276470205e-01
2.792442162385200821e-01
2.291725424277755163e-01
2.818366732925557949e-01
2.829960504901077312e-01
2.826415391926661025e-01
2.891589803180648066e-01
2.912966655316256426e-01
2.845895322859243737e-01
2.636803193514115629e-01
2.795301853932791736e-01
2.840477074603814933e-01
2.755394837679739362e-01
2.900391236210844714e-01
2.586941278927006871e-01
2.793756962762055651e-01
2.772433943652738986e-01
2.889909772924182940e-01
