2.508952842251196969e-01
2.465731860030863365e-01
2.520611335179173129e-01
2.316099058426308033e-01
2.580536480146163880e-01
2.599649183436641975e-01
2.641725904570443872e-01
2.533006912831652913e-01
2.423492843831244747e-01
2.431244532927104296e-01
2.167203750483160385e-01
1.540552660894304315e-01
2.439717726257552011e-01
2.502686626357540356e-01
2.324746932001748589e-01
2.641333893618824646e-01
2.084185459999042256e-01
2.237925629004262618e-01
2.545875748796858073e-01
1.478516672889443051e-01
