2.262359550628543214e-01
1.836952403715667037e-01
2.137213986585842496e-01
2.334051829450194127e-01
2.218240870023374112e-01
2.149489893881476599e-01
2.229113476068566024e-01
1.839752666235447143e-01
2.062773104230686272e-01
1.921045815483739538e-01
2.043966820805079299e-01
1.607894541950687928e-01
2.253126589492679410e-01
2.189506130284218643e-01
2.073892275988746536e-01
1.977660717949476232e-01
2.221276822477951940e-01
2.136620549859631901e-01
2.197557895326669175e-01
2.246719479368357864e-01
