2.874277129548782339e-01
2.954496285458763083e-01
2.807492069863116724e-01
2.934039731552523511e-01
3.144050751995778881e-01
2.789270381387379816e-01
2.953166873762628208e-01
2.758262885610175408e-01
2.936398568238286488e-01
2.993418281884970833e-01
2.995599295587357269e-01
3.081971152785972778e-01
3.062597247903213193e-01
3.004914791969422461e-01
2.905514141485531221e-01
2.956568989466859532e-01
3.019118144883664034e-01
3.044369669773066001e-01
2.794741452300927298e-01
3.057621429920126532e-01
