1.276415230385123112e-01
1.103889120457520467e-01
1.033290370942600150e-01
1.033330847879245923e-01
9.616801961824450462e-02
1.194823970578874350e-01
1.119815984156865285e-01
1.216832610411009846e-01
1.101623351338648082e-01
1.148148156598188252e-01
1.253924482356185699e-01
1.249178159445699376e-01
1.196440774984694061e-01
1.088464833932639569e-01
1.214119843108327768e-01
1.129074976788965873e-01
1.166780861358608645e-01
1.178139720970279997e-01
9.558046205951636898e-02
1.097395877830097122e-01
