2.971491901941604175e-01
2.941809415359467605e-01
2.654776040174281482e-01
2.743386570949258307e-01
2.817660308718852313e-01
2.593284550608291328e-01
2.809765847266901817e-01
2.682545772984785692e-01
2.644834552171255737e-01
2.886798042700222111e-01
2.843798127003228093e-01
2.621223771415550630e-01
2.762788019263852646e-01
2.793636866384209827e-01
2.619570208753339569e-01
2.876472591353294583e-01
2.891987201329229151e-01
2.888224889595291112e-01
2.819266970849790277e-01
2.890962900655840717e-01
