3.204063625708714613e-01
3.048321620736968440e-01
3.127439746776213836e-01
3.232614750191615260e-01
3.192010636444115312e-01
3.062529935235637768e-01
3.103990954711230432e-01
3.159527446414947538e-01
3.137277725273184825e-01
3.035211256433397176e-01
3.114219688818537501e-01
3.028015268882751077e-01
3.211608374912561792e-01
3.166220896059909751e-01
3.177330143174330601e-01
3.159762658553333936e-01
3.196996845419208255e-01
3.187249190701331725e-01
3.235496521214688559e-01
3.069664427083020342e-01
