2.770181360125583137e-01
2.730120621079483167e-01
2.756152738428168103e-01
2.965130681244994015e-01
2.925278314035111848e-01
3.046877690586930476e-01
2.826570935602139012e-01
2.851597317738829851e-01
2.962892083930757647e-01
2.675459113838182801e-01
2.934005666655458699e-01
2.661409549252315432e-01
2.649876148580678770e-01
2.448795509709807139e-01
2.898432351351167835e-01
2.139422263312051875e-01
2.930370037946158357e-01
2.759649276189903855e-01
2.773036269627489614e-01
2.648048560884692093e-01
