3.031398619088419011e-01
3.121091591938235377e-01
3.118815670733010026e-01
3.056173202507515563e-01
3.116971973788691397e-01
3.194283993779042374e-01
3.064755231935110680e-01
3.130384345882015751e-01
3.158491682674996470e-01
3.145490913033917035e-01
3.115276445047054921e-01
3.169148814930046743e-01
3.141270812581617999e-01
2.977340072825161443e-01
3.092018146944137680e-01
3.152662235432225901e-01
3.064712988670420524e-01
3.193289259993253859e-01
3.146488659738064797e-01
2.999679534156270977e-01
