2.977535398113694276e-01
3.014640405389468758e-01
2.981388058680467523e-01
2.979662359366373470e-01
2.827509173484100136e-01
2.951061585737851378e-01
2.919251273334104724e-01
2.969828816613375166e-01
2.887645748281478242e-01
3.117315058555262808e-01
2.785429735707359855e-01
3.127436524610635593e-01
2.922664717051292604e-01
3.031870693101889613e-01
2.986422929458306674e-01
2.989510801987276811e-01
3.069108069631956148e-01
3.132976682321051975e-01
3.019299727749025219e-01
2.877632411427198389e-01
