2.572638526980461915e-01
2.507688392116637077e-01
2.628168050275734857e-01
2.538948189568694391e-01
2.662897054576058298e-01
2.679083195471439471e-01
2.653586612268687417e-01
2.435621063907758843e-01
2.627360526797689610e-01
2.434934893976781201e-01
2.722320627546206406e-01
2.646493267375709668e-01
2.551610516609484347e-01
2.588024295157895782e-01
2.566102451913490623e-01
2.681380465960201964e-01
2.573846227650803398e-01
2.444170780764369499e-01
2.732438886978770243e-01
2.780561676862933762e-01
