2.910740247326857322e-01
2.871902244207548138e-01
2.873538007545456407e-01
2.867961433216810185e-01
2.916790829333478219e-01
2.894987133733062379e-01
2.917989277766390721e-01
2.641292878132402988e-01
2.937417316939162637e-01
2.731250215347779675e-01
2.925195337895675207e-01
2.667828828998526358e-01
2.893393358771599311e-01
2.780566386187361960e-01
2.694008692483724765e-01
2.967714156601647946e-01
2.718392604368906618e-01
2.943956719803172972e-01
2.958776289877815269e-01
2.963454029030451742e-01
