4.444382475856498149e-01
4.132921551934952697e-01
4.133175783580059215e-01
4.444396619247004132e-01
3.905021264275536641e-01
3.904817360086437206e-01
4.300142073358551031e-01
4.300598233376098367e-01
3.824902946890138544e-01
3.825218708889014940e-01
4.444495637017196743e-01
4.004820558923313234e-01
4.004895142790468876e-01
3.809569564177821555e-01
3.811452811927616979e-01
4.442687710146502322e-01
4.444229647275015349e-01
3.821522337488940657e-01
3.821697780896312624e-01
4.444822704813364278e-01
