2.710134808430785802e-01
2.907451759178183992e-01
2.723723664998495275e-01
2.668566112512364419e-01
2.775908011556468824e-01
2.772288428774947189e-01
2.823259163844364927e-01
2.439176723760320686e-01
2.914343633400159339e-01
2.817337877992294182e-01
2.926238023933123711e-01
2.954591107418215179e-01
2.816467236479182623e-01
2.955222656924045843e-01
2.803530331574007883e-01
2.687850785959686184e-01
2.787101471550074705e-01
2.534264348282170842e-01
2.364881110770321038e-01
2.969117935541890629e-01
