3.345322958573530014e-01
3.392755872974453357e-01
3.240159977923097734e-01
3.328228167085414690e-01
3.412015097451964740e-01
3.266388950345913700e-01
3.316080560054091020e-01
3.272969935676392494e-01
3.389465540669251431e-01
3.422951569178157016e-01
3.367995520540783549e-01
3.163031735514288401e-01
3.337207273323553602e-01
3.343832394589300039e-01
3.266259458903071344e-01
3.325514128128833069e-01
3.290389064479097847e-01
3.354704673325043518e-01
3.286193131575192994e-01
3.344973980770146182e-01
