2.765796182287419414e-01
3.105377106035588364e-01
3.030534731071914401e-01
2.821168953074204011e-01
2.884331889371979374e-01
3.030539271622373354e-01
2.970572873870282460e-01
2.725638445896443329e-01
2.782186493928927584e-01
2.782639353460881759e-01
2.919885971008072678e-01
2.855372813851730918e-01
2.863936919950389459e-01
2.739448884346216695e-01
2.939893812290181874e-01
2.862060549299458301e-01
2.484271690032532343e-01
2.782663656864340362e-01
2.973210573434253434e-01
2.962994202585253478e-01
