6.666666666770969529e-01
6.666666666644571748e-01
6.666666666663703111e-01
6.666666666666982710e-01
6.666666666664714525e-01
6.666666666665910235e-01
6.666666666665899132e-01
6.666666666666055674e-01
6.666666666666190011e-01
6.666666666666386520e-01
6.666666666666269947e-01
6.666666666666473118e-01
6.666666666666386520e-01
6.666666666666523078e-01
6.666666666666491992e-01
6.666666666666515306e-01
6.666666666666596353e-01
6.666666666666635210e-01
6.666666666666578589e-01
6.666666666666616337e-01
6.666666666666632990e-01
6.666666666666656305e-01
6.666666666666655194e-01
6.666666666666601904e-01
6.666666666666670737e-01
6.666666666666686281e-01
6.666666666666639651e-01
6.666666666666694052e-01
6.666666666666660745e-01
6.666666666666670737e-01
6.666666666666684060e-01
6.666666666666704044e-01
6.666666666666690721e-01
6.666666666666662966e-01
6.666666666666664076e-01
6.666666666666650753e-01
6.666666666666638541e-01
6.666666666666625218e-01
6.666666666666627439e-01
6.666666666666655194e-01
6.666666666666664076e-01
6.666666666666694052e-01
6.666666666666674068e-01
6.666666666666666297e-01
6.666666666666688501e-01
6.666666666666696273e-01
6.666666666666655194e-01
6.666666666666654084e-01
6.666666666666675178e-01
6.666666666666672958e-01
6.666666666666644092e-01
6.666666666666661856e-01
6.666666666666652974e-01
6.666666666666647423e-01
6.666666666666630769e-01
6.666666666666655194e-01
6.666666666666666297e-01
6.666666666666696273e-01
6.666666666666664076e-01
6.666666666666671848e-01
6.666666666666641872e-01
6.666666666666662966e-01
6.666666666666629659e-01
6.666666666666655194e-01
6.666666666666669627e-01
6.666666666666684060e-01
6.666666666666706265e-01
6.666666666666662966e-01
6.666666666666652974e-01
6.666666666666659635e-01
6.666666666666657415e-01
6.666666666666661856e-01
6.666666666666637431e-01
6.666666666666657415e-01
6.666666666666668517e-01
6.666666666666697383e-01
6.666666666666657415e-01
6.666666666666664076e-01
6.666666666666661856e-01
6.666666666666701824e-01
6.666666666666657415e-01
6.666666666666685170e-01
6.666666666666662966e-01
6.666666666666669627e-01
6.666666666666661856e-01
6.666666666666644092e-01
6.666666666666644092e-01
6.666666666666646313e-01
6.666666666666697383e-01
6.666666666666678509e-01
6.666666666666688501e-01
6.666666666666664076e-01
6.666666666666666297e-01
6.666666666666644092e-01
6.666666666666680729e-01
6.666666666666630769e-01
6.666666666666632990e-01
6.666666666666698493e-01
6.666666666666658525e-01
6.666666666666669627e-01
6.666666666666659635e-01
6.666666666666667407e-01
6.666666666666635210e-01
6.666666666666675178e-01
6.666666666666655194e-01
6.666666666666671848e-01
6.666666666666622998e-01
6.666666666666664076e-01
6.666666666666650753e-01
6.666666666666656305e-01
6.666666666666662966e-01
6.666666666666659635e-01
6.666666666666636321e-01
6.666666666666635210e-01
6.666666666666665186e-01
6.666666666666651864e-01
6.666666666666664076e-01
6.666666666666672958e-01
6.666666666666658525e-01
6.666666666666639651e-01
6.666666666666635210e-01
6.666666666666672958e-01
6.666666666666647423e-01
6.666666666666647423e-01
6.666666666666627439e-01
6.666666666666682950e-01
6.666666666666667407e-01
6.666666666666642982e-01
6.666666666666662966e-01
6.666666666666666297e-01
6.666666666666664076e-01
6.666666666666651864e-01
6.666666666666691832e-01
6.666666666666670737e-01
6.666666666666660745e-01
6.666666666666672958e-01
6.666666666666626329e-01
6.666666666666696273e-01
6.666666666666652974e-01
6.666666666666654084e-01
6.666666666666652974e-01
6.666666666666675178e-01
6.666666666666662966e-01
6.666666666666685170e-01
6.666666666666670737e-01
6.666666666666655194e-01
6.666666666666654084e-01
6.666666666666639651e-01
6.666666666666665186e-01
6.666666666666681840e-01
6.666666666666665186e-01
6.666666666666647423e-01
6.666666666666665186e-01
6.666666666666694052e-01
6.666666666666660745e-01
6.666666666666664076e-01
6.666666666666651864e-01
6.666666666666650753e-01
6.666666666666658525e-01
6.666666666666599683e-01
6.666666666666658525e-01
6.666666666666667407e-01
6.666666666666678509e-01
6.666666666666634100e-01
6.666666666666660745e-01
6.666666666666688501e-01
6.666666666666644092e-01
6.666666666666689611e-01
6.666666666666657415e-01
6.666666666666644092e-01
6.666666666666635210e-01
6.666666666666626329e-01
6.666666666666624108e-01
6.666666666666675178e-01
6.666666666666678509e-01
6.666666666666641872e-01
6.666666666666667407e-01
6.666666666666665186e-01
6.666666666666637431e-01
6.666666666666651864e-01
6.666666666666687391e-01
6.666666666666627439e-01
6.666666666666669627e-01
6.666666666666670737e-01
6.666666666666676289e-01
6.666666666666671848e-01
6.666666666666669627e-01
6.666666666666647423e-01
6.666666666666637431e-01
6.666666666666645202e-01
6.666666666666665186e-01
6.666666666666610785e-01
6.666666666666662966e-01
6.666666666666652974e-01
6.666666666666657415e-01
6.666666666666670737e-01
6.666666666666662966e-01
6.666666666666634100e-01
6.666666666666691832e-01
6.666666666666591912e-01
6.666666666666655194e-01
6.666666666666680729e-01
6.666666666666652974e-01
6.666666666666654084e-01
6.666666666666632990e-01
6.666666666666647423e-01
6.666666666666674068e-01
6.666666666666628549e-01
6.666666666666672958e-01
6.666666666666667407e-01
6.666666666666670737e-01
6.666666666666630769e-01
6.666666666666662966e-01
6.666666666666650753e-01
6.666666666666651864e-01
6.666666666666655194e-01
6.666666666666684060e-01
6.666666666666671848e-01
6.666666666666639651e-01
6.666666666666657415e-01
6.666666666666639651e-01
6.666666666666634100e-01
6.666666666666665186e-01
6.666666666666686281e-01
6.666666666666676289e-01
6.666666666666650753e-01
6.666666666666668517e-01
6.666666666666649643e-01
6.666666666666687391e-01
6.666666666666642982e-01
6.666666666666660745e-01
6.666666666666629659e-01
6.666666666666665186e-01
6.666666666666667407e-01
6.666666666666670737e-01
6.666666666666666297e-01
6.666666666666665186e-01
6.666666666666649643e-01
6.666666666666651864e-01
6.666666666666680729e-01
6.666666666666684060e-01
6.666666666666672958e-01
6.666666666666651864e-01
6.666666666666662966e-01
6.666666666666675178e-01
6.666666666666659635e-01
6.666666666666624108e-01
6.666666666666652974e-01
6.666666666666655194e-01
6.666666666666730690e-01
6.666666666666668517e-01
6.666666666666684060e-01
6.666666666666682950e-01
6.666666666666635210e-01
6.666666666666648533e-01
6.666666666666695162e-01
6.666666666666640761e-01
6.666666666666700714e-01
6.666666666666652974e-01
6.666666666666666297e-01
6.666666666666662966e-01
6.666666666666618557e-01
6.666666666666667407e-01
6.666666666666662966e-01
6.666666666666620777e-01
6.666666666666635210e-01
6.666666666666614116e-01
6.666666666666666297e-01
6.666666666666711816e-01
6.666666666666677399e-01
6.666666666666674068e-01
6.666666666666675178e-01
6.666666666666656305e-01
6.666666666666646313e-01
6.666666666666684060e-01
6.666666666666646313e-01
6.666666666666670737e-01
6.666666666666667407e-01
6.666666666666648533e-01
6.666666666666669627e-01
6.666666666666692942e-01
6.666666666666674068e-01
6.666666666666656305e-01
6.666666666666658525e-01
6.666666666666625218e-01
6.666666666666637431e-01
6.666666666666671848e-01
6.666666666666664076e-01
6.666666666666648533e-01
6.666666666666646313e-01
6.666666666666656305e-01
6.666666666666685170e-01
6.666666666666670737e-01
6.666666666666626329e-01
6.666666666666105634e-01
6.666666666666648533e-01
6.666666666666661856e-01
6.666666666666669627e-01
6.666666666666647423e-01
6.666666666666671848e-01
6.666666666666662966e-01
6.666666666666675178e-01
6.666666666666659635e-01
6.666666666666668517e-01
6.666666666666690721e-01
6.666666666666650753e-01
6.666666666666655194e-01
6.666666666666682950e-01
6.666666666666646313e-01
6.666666666666629659e-01
6.666666666666667407e-01
6.666666666666645202e-01
6.666666666666665186e-01
6.666666666666659635e-01
6.666666666666651864e-01
6.666666666666664076e-01
6.666666666666704044e-01
6.666666666666689611e-01
6.666666666666679619e-01
6.666666666666635210e-01
6.666666666666630769e-01
6.666666666666661856e-01
6.666666666666654084e-01
6.666666666666637431e-01
6.666666666666672958e-01
6.666666666666662966e-01
6.666666666666657415e-01
6.666666666666661856e-01
6.666666666666641872e-01
6.666666666666638541e-01
6.666666666666682950e-01
6.666666666666698493e-01
6.666666666666666297e-01
6.666666666666659635e-01
6.666666666666661856e-01
6.666666666666656305e-01
6.666666666666672958e-01
6.666666666666618557e-01
6.666666666666667407e-01
6.666666666666658525e-01
6.666666666666705154e-01
6.666666666666646313e-01
6.666666666666659635e-01
6.666666666666644092e-01
6.666666666666659635e-01
6.666666666666634100e-01
6.666666666666648533e-01
6.666666666666651864e-01
6.666666666666662966e-01
6.666666666666659635e-01
6.666666666666654084e-01
6.666666666666662966e-01
6.666666666666681840e-01
6.666666666666606345e-01
6.666666666666690721e-01
6.666666666666690721e-01
6.666666666666659635e-01
6.666666666666626329e-01
6.666666666666678509e-01
6.666666666666655194e-01
6.666666666666647423e-01
6.666666666666662966e-01
6.666666666666625218e-01
6.666666666666634100e-01
6.666666666666639651e-01
6.666666666666619667e-01
6.666666666666660745e-01
6.666666666666670737e-01
6.666666666666667407e-01
6.666666666666676289e-01
6.666666666666620777e-01
6.666666666666674068e-01
6.666666666666669627e-01
6.666666666666625218e-01
6.666666666666628549e-01
6.666666666666638541e-01
6.666666666666630769e-01
6.666666666666652974e-01
6.666666666666661856e-01
6.666666666666651864e-01
6.666666666666649643e-01
6.666666666666651864e-01
6.666666666666650753e-01
6.666666666666640761e-01
6.666666666666662966e-01
6.666666666666644092e-01
6.666666666666620777e-01
6.666666666666649643e-01
6.666666666666622998e-01
6.666666666666631880e-01
6.666666666666637431e-01
6.666666666666632990e-01
6.666666666666646313e-01
6.666666666666635210e-01
6.666666666666618557e-01
6.666666666666606345e-01
6.666666666666631880e-01
6.666666666666613006e-01
6.666666666666624108e-01
6.666666666666634100e-01
6.666666666666620777e-01
6.666666666666622998e-01
6.666666666666615226e-01
6.666666666666625218e-01
6.666666666666646313e-01
6.666666666666573038e-01
6.666666666666571928e-01
6.666666666666587471e-01
6.666666666666616337e-01
6.666666666666568597e-01
6.666666666666594132e-01
6.666666666666634100e-01
6.666666666666648533e-01
6.666666666666606345e-01
6.666666666666589691e-01
6.666666666666632990e-01
6.666666666666609675e-01
6.666666666666605234e-01
6.666666666666597463e-01
6.666666666666566377e-01
6.666666666666556385e-01
6.666666666666611896e-01
6.666666666666613006e-01
6.666666666666606345e-01
6.666666666666586361e-01
6.666666666666559715e-01
6.666666666666561936e-01
6.666666666666613006e-01
6.666666666666580809e-01
6.666666666666538621e-01
6.666666666666573038e-01
6.666666666666594132e-01
6.666666666666504204e-01
6.666666666666530849e-01
6.666666666666548613e-01
6.666666666666556385e-01
6.666666666666560825e-01
6.666666666666591912e-01
6.666666666666529739e-01
6.666666666666549723e-01
6.666666666666525298e-01
6.666666666666496432e-01
6.666666666666551944e-01
6.666666666666525298e-01
6.666666666666535290e-01
6.666666666666497543e-01
6.666666666666493102e-01
6.666666666666487551e-01
6.666666666666531960e-01
6.666666666666469787e-01
6.666666666666469787e-01
6.666666666666483110e-01
6.666666666666487551e-01
6.666666666666467567e-01
6.666666666666494212e-01
6.666666666666438701e-01
6.666666666666406504e-01
6.666666666666458685e-01
6.666666666666426488e-01
6.666666666666442032e-01
6.666666666666443142e-01
6.666666666666415386e-01
6.666666666666407615e-01
6.666666666666466456e-01
6.666666666666364316e-01
6.666666666666414276e-01
6.666666666666396512e-01
6.666666666666410945e-01
6.666666666666422048e-01
6.666666666666379859e-01
6.666666666666350993e-01
6.666666666666328789e-01
6.666666666666353214e-01
6.666666666666325458e-01
6.666666666666341001e-01
6.666666666666293262e-01
6.666666666666299923e-01
6.666666666666338781e-01
6.666666666666328789e-01
6.666666666666289931e-01
6.666666666666304364e-01
6.666666666666269947e-01
6.666666666666257735e-01
6.666666666666269947e-01
6.666666666666231089e-01
6.666666666666249963e-01
6.666666666666247743e-01
6.666666666666197782e-01
6.666666666666192231e-01
6.666666666666157814e-01
6.666666666666151153e-01
6.666666666666182239e-01
6.666666666666133390e-01
6.666666666666176688e-01
6.666666666666164476e-01
6.666666666666123398e-01
6.666666666666084540e-01
6.666666666666064556e-01
6.666666666666068997e-01
6.666666666666051233e-01
6.666666666666021257e-01
6.666666666666034580e-01
6.666666666666021257e-01
6.666666666666005714e-01
6.666666666665976848e-01
6.666666666665972407e-01
6.666666666665969077e-01
6.666666666665927998e-01
6.666666666665933549e-01
6.666666666665892471e-01
6.666666666665888030e-01
6.666666666665873597e-01
6.666666666665845842e-01
6.666666666665816976e-01
6.666666666665814756e-01
6.666666666665782559e-01
6.666666666665801433e-01
6.666666666665733709e-01
6.666666666665712615e-01
6.666666666665711505e-01
6.666666666665720387e-01
6.666666666665675978e-01
6.666666666665650443e-01
6.666666666665551633e-01
6.666666666665801433e-01
6.666666666665308494e-01
6.666666666666235530e-01
6.666666666665502783e-01
6.666666666665469476e-01
6.666666666665439500e-01
6.666666666665415075e-01
6.666666666665417296e-01
6.666666666665391761e-01
6.666666666665339580e-01
6.666666666665311825e-01
6.666666666665298502e-01
6.666666666665280738e-01
6.666666666665239660e-01
6.666666666665170826e-01
6.666666666665153063e-01
6.666666666665149732e-01
6.666666666665106433e-01
6.666666666665066465e-01
6.666666666665013175e-01
6.666666666664994301e-01
6.666666666664931018e-01
6.666666666664902152e-01
6.666666666664858854e-01
6.666666666664852192e-01
6.666666666664797791e-01
6.666666666664766705e-01
6.666666666664704533e-01
6.666666666664708973e-01
6.666666666664616825e-01
6.666666666664546881e-01
6.666666666664542440e-01
6.666666666664516905e-01
6.666666666664473606e-01
6.666666666664400331e-01
6.666666666664375906e-01
6.666666666664295970e-01
6.666666666664222696e-01
6.666666666664213814e-01
6.666666666664133878e-01
6.666666666664101681e-01
6.666666666664040619e-01
6.666666666664012864e-01
6.666666666663907392e-01
6.666666666663860763e-01
6.666666666663797480e-01
6.666666666663730867e-01
6.666666666663687568e-01
6.666666666663650931e-01
6.666666666663573215e-01
6.666666666663498830e-01
6.666666666663436658e-01
6.666666666663355612e-01
6.666666666663310092e-01
6.666666666663229046e-01
6.666666666663134677e-01
6.666666666663090268e-01
6.666666666663012553e-01
6.666666666662929286e-01
6.666666666662844909e-01
6.666666666662788288e-01
6.666666666662723895e-01
6.666666666662642848e-01
6.666666666662539598e-01
6.666666666662444118e-01
6.666666666662361962e-01
6.666666666662262042e-01
6.666666666662196539e-01
6.666666666662149909e-01
6.666666666661984486e-01
6.666666666661916762e-01
6.666666666661837937e-01
6.666666666661700269e-01
6.666666666661650309e-01
6.666666666661508200e-01
6.666666666661388296e-01
6.666666666661307250e-01
6.666666666661201779e-01
6.666666666661128504e-01
6.666666666661003049e-01
6.666666666660890916e-01
6.666666666660781004e-01
6.666666666660678864e-01
6.666666666660530094e-01
6.666666666660348017e-01
6.666666666660289176e-01
6.666666666660154839e-01
6.666666666660019391e-01
6.666666666659929463e-01
6.666666666659742946e-01
6.666666666659618601e-01
6.666666666659490925e-01
6.666666666659381013e-01
6.666666666659226692e-01
6.666666666659089024e-01
6.666666666658963569e-01
6.666666666658801477e-01
6.666666666658634943e-01
6.666666666658490614e-01
6.666666666658308538e-01
6.666666666658133122e-01
6.666666666657955487e-01
6.666666666657821150e-01
6.666666666657656837e-01
6.666666666657496965e-01
6.666666666657321549e-01
6.666666666657129481e-01
6.666666666656978490e-01
6.666666666656757556e-01
6.666666666656587692e-01
6.666666666656375639e-01
6.666666666656180240e-01
6.666666666656004825e-01
6.666666666655798323e-01
6.666666666655587381e-01
6.666666666655387541e-01
6.666666666655184370e-01
6.666666666654936790e-01
6.666666666654743612e-01
6.666666666654526008e-01
6.666666666654282869e-01
6.666666666654078588e-01
6.666666666653858764e-01
6.666666666653555673e-01
6.666666666653376927e-01
6.666666666653133788e-01
6.666666666652883988e-01
6.666666666652577566e-01
6.666666666652371065e-01
6.666666666652087958e-01
6.666666666651834827e-01
6.666666666651591688e-01
6.666666666651277495e-01
6.666666666650984396e-01
6.666666666650701289e-01
6.666666666650412632e-01
6.666666666650081785e-01
6.666666666649831985e-01
6.666666666649503359e-01
6.666666666649226913e-01
6.666666666648898287e-01
6.666666666648568551e-01
6.666666666648238815e-01
6.666666666647900197e-01
6.666666666647577122e-01
6.666666666647268480e-01
6.666666666646902106e-01
6.666666666646502426e-01
6.666666666646188233e-01
6.666666666645844064e-01
6.666666666645459927e-01
6.666666666645086892e-01
6.666666666644718298e-01
6.666666666644290862e-01
6.666666666643923378e-01
6.666666666643510375e-01
6.666666666643104033e-01
6.666666666642713235e-01
6.666666666642253603e-01
6.666666666641857253e-01
6.666666666641440919e-01
6.666666666641003491e-01
6.666666666640547190e-01
6.666666666640086447e-01
6.666666666639629035e-01
6.666666666639134986e-01
6.666666666638686456e-01
6.666666666638216832e-01
6.666666666637701688e-01
6.666666666637195426e-01
6.666666666636694716e-01
6.666666666636138494e-01
6.666666666635645555e-01
6.666666666635155947e-01
6.666666666634576410e-01
6.666666666634047944e-01
6.666666666633488392e-01
6.666666666632944382e-01
6.666666666632370397e-01
6.666666666631753113e-01
6.666666666631162474e-01
6.666666666630559623e-01
6.666666666629960103e-01
6.666666666629343929e-01
6.666666666628718874e-01
6.666666666628059401e-01
6.666666666627414362e-01
6.666666666626780424e-01
6.666666666626137605e-01
6.666666666625445936e-01
6.666666666624720960e-01
6.666666666624050386e-01
6.666666666623360937e-01
6.666666666622622639e-01
6.666666666621885451e-01
6.666666666621176018e-01
6.666666666620393311e-01
6.666666666619612824e-01
6.666666666618870085e-01
6.666666666618091819e-01
6.666666666617226955e-01
6.666666666616716252e-01
6.666666666616291037e-01
6.666666666614625703e-01
6.666666666599255775e-01
6.666666666597063085e-01
6.666666666569391886e-01
6.666666666737619540e-01
6.666666666610409075e-01
6.666666666609492031e-01
6.666666666608598302e-01
6.666666666607635738e-01
6.666666666606678726e-01
6.666666666605671754e-01
6.666666666604716962e-01
6.666666666603714431e-01
6.666666666602693025e-01
6.666666666601698266e-01
6.666666666600636892e-01
6.666666666599608826e-01
6.666666666598466406e-01
6.666666666597401703e-01
6.666666666596310353e-01
6.666666666595170154e-01
6.666666666594069923e-01
6.666666666592832025e-01
6.666666666591705148e-01
6.666666666590557178e-01
6.666666666589352586e-01
6.666666666588125789e-01
6.666666666586873458e-01
6.666666666585586709e-01
6.666666666584347700e-01
6.666666666583029865e-01
6.666666666581713141e-01
6.666666666580338685e-01
6.666666666579041944e-01
6.666666666577666378e-01
6.666666666576299694e-01
6.666666666574929678e-01
6.666666666573410893e-01
6.666666666572022004e-01
6.666666666570555400e-01
6.666666666569053268e-01
6.666666666567547805e-01
6.666666666566003485e-01
6.666666666564431409e-01
6.666666666562831578e-01
6.666666666561280596e-01
6.666666666559649679e-01
6.666666666557977683e-01
6.666666666556336773e-01
6.666666666554659226e-01
6.666666666552982790e-01
6.666666666551217535e-01
6.666666666549427855e-01
6.666666666547654829e-01
6.666666666545844055e-01
6.666666666544025510e-01
6.666666666542152564e-01
6.666666666540272956e-01
6.666666666538328956e-01
6.666666666536432695e-01
6.666666666534435404e-01
6.666666666532414798e-01
6.666666666530420837e-01
6.666666666528389129e-01
6.666666666526326335e-01
6.666666666524214691e-01
6.666666666522060858e-01
6.666666666519879270e-01
6.666666666517692130e-01
6.666666666515472794e-01
6.666666666513264561e-01
6.666666666510949746e-01
6.666666666508614947e-01
6.666666666506269046e-01
