3.170120446820248739e-02
6.199449035930978263e-02
3.812756743457745845e-02
6.748279598738339546e-02
5.603084858808880797e-02
6.483808001875833449e-02
9.879610618727381610e-02
7.818572849134447500e-02
1.033083644969223919e-01
6.779025776657619795e-02
4.589252068723607275e-02
7.612651104723830442e-02
9.761261152059608204e-02
9.518285441310346540e-02
6.606084194574507462e-02
7.008439057818921514e-02
6.003130307129907195e-02
6.783949413564709097e-02
6.276872505492056553e-02
6.203335284404231514e-02
