4.532456461884625670e-02
3.347243113263262404e-02
3.849202027320894337e-02
4.736992582700993992e-02
5.306645790742104546e-02
3.507444852668581414e-02
4.682390721335966122e-02
4.366819576333359765e-02
4.552757779736180122e-02
5.664354869614267318e-02
3.424062639290758464e-02
4.041690190339536359e-02
5.036378140331387171e-02
4.728424038835574855e-02
5.261046334478395453e-02
4.720235787457691817e-02
5.233628250269763832e-02
4.827018921208910823e-02
4.161095735522797601e-02
5.890222599038413137e-02
