8.886241066552522105e-02
8.182283341838501867e-02
3.619548185136527152e-02
5.066925775057214837e-02
8.015053282466319540e-02
7.458584569100852601e-02
6.245777575652790986e-02
4.957144024564759388e-02
7.825556636851807579e-02
7.874066910806344632e-02
7.466975214536633598e-02
8.309243351796818944e-02
8.027813266341379816e-02
3.122670558473375838e-02
6.496907241925566068e-02
7.981257589552329113e-02
7.794409014659296753e-02
7.533206611803346109e-02
8.974815527780756474e-02
5.536320184191840382e-02
