1.068433878821682115e-01
1.024543894025924523e-01
1.252606355730259691e-01
1.046494472580112717e-01
9.732462414918811866e-02
9.550666152734776926e-02
1.037200366309010413e-01
1.097725116003074319e-01
9.312934003831528640e-02
1.148308395065176374e-01
1.040713995577173673e-01
1.113118834682519653e-01
1.079805471028132124e-01
1.202373896705710571e-01
1.138753668099139332e-01
1.093505474469275707e-01
9.516235976249363959e-02
1.294659839233162080e-01
1.211228478711617318e-01
1.255815591172657342e-01
