5.575484781580644644e-02
2.174974137987737213e-02
3.442774016339199966e-02
2.500850381960394164e-02
4.388762079352928613e-02
3.924149603798384595e-02
3.569687145238527315e-02
3.004675493843972020e-02
6.633009955848974404e-02
4.806970886543673188e-02
1.353890699443427437e-02
1.901697822898571269e-02
3.836606619685042907e-02
2.173386099124760204e-02
2.750951798965871678e-02
4.881818975049769666e-02
4.485618994956547256e-02
3.343915487508233864e-02
4.845580767561819685e-02
4.092754035988206696e-02
