2.383586962412462817e-01
2.121849135495327277e-01
2.432120222932387110e-01
2.100899210907890002e-01
2.564535317708160345e-01
1.835372922912751337e-01
2.946815006271142900e-01
2.101508941644188999e-01
1.839429030785238450e-01
3.098316848529965584e-01
1.785111372535639895e-01
3.403249605888241658e-01
2.178185635554513444e-01
3.190490063823861466e-01
3.229476780482192222e-01
2.089044022156069103e-01
3.107940504461754738e-01
2.831651803372753351e-01
3.048136504915138212e-01
2.105595787522188678e-01
