4.287039331010614740e-01
3.762741535035613594e-01
3.762583370687371809e-01
4.293759197389114268e-01
4.082712821751405818e-01
4.084008746144789370e-01
4.022772063868149117e-01
4.035630642932642176e-01
4.149772192325126285e-01
4.159028514862107007e-01
4.230381391676450442e-01
4.167359795962136682e-01
4.170824370436633233e-01
3.600950534590627861e-01
3.666667173126569312e-01
4.179638417514693338e-01
4.163618180955143133e-01
4.481229278618201750e-01
4.470983499651506321e-01
4.195245060387433611e-01
