1.111035809535094454e-01
7.586298694684726063e-02
9.854661015219147446e-02
1.034818833186311599e-01
9.006743273958567331e-02
1.062603039680181799e-01
1.030267049391716955e-01
9.940364693110691208e-02
9.140091434665793824e-02
9.727953808494210763e-02
9.825246062476951370e-02
1.002571344971903006e-01
8.493709985255994133e-02
1.042901805271983923e-01
9.638854192469425985e-02
7.975310791730370885e-02
7.821892387218802589e-02
1.068932799698966984e-01
1.005118016136485187e-01
5.582267215853622261e-02
