8.408835705902706348e-02
8.078204086298476638e-02
9.685371311414450735e-02
7.708972268934334571e-02
8.364352326475210653e-02
6.786497426195130245e-02
7.790274332748052533e-02
1.048399252867878023e-01
6.712731358579442087e-02
8.745863176659615656e-02
6.816364272966926596e-02
7.565511721863019123e-02
9.280068310969293022e-02
9.628101739122069125e-02
7.948999773560391779e-02
8.063303249181558163e-02
9.908462622929681274e-02
8.382258199370772045e-02
7.514383911301703023e-02
7.691238450502918544e-02
