1.171779737493574697e-01
1.067720009406429443e-01
1.400665603590113273e-01
1.385397794847659236e-01
1.181059091478138395e-01
1.289779548636956208e-01
1.175263861935120918e-01
1.030423348082711577e-01
1.069742145717089699e-01
1.232111343288758293e-01
1.469227159591770526e-01
1.310006613746402260e-01
1.031944989497096676e-01
1.380122493803126738e-01
1.306026809908387432e-01
1.300730653041243523e-01
1.251003671453176924e-01
1.267230030405902264e-01
1.154072979815260469e-01
1.213025745828182622e-01
