3.596259163382036772e-01
3.724928426204951459e-01
3.550871536575380127e-01
3.489035587739521826e-01
3.345950521386599763e-01
4.164222008305883960e-01
3.225893347760818708e-01
4.076767806953535134e-01
3.842946570994455469e-01
3.852307618019873980e-01
3.923894880512602268e-01
3.584819783198334164e-01
3.572351949518551284e-01
4.155573347158035280e-01
3.873353034668081674e-01
4.369650063419499020e-01
3.546264716625616709e-01
3.705954955017359276e-01
4.032227624909180408e-01
4.113175668953905073e-01
