4.649302525618429632e-02
4.160515758971956163e-02
5.836481386626655998e-02
3.141819822843256588e-02
5.643792697069440617e-02
6.116482642955747145e-02
5.269986760010288845e-02
3.609326460855070973e-02
5.622274178230179942e-02
4.970556271850245372e-02
5.298188581599202335e-02
6.348019536619725622e-02
6.341392813315828436e-02
4.772685677816883298e-02
5.064801303009978939e-02
4.470332011292837276e-02
5.140808078067832243e-02
5.099096234506233366e-02
4.137240864984208927e-02
5.640283870289517637e-02
