1.221731639872289110e-01
1.248383977564962305e-01
1.014274535313736542e-01
1.199607760177514304e-01
1.345520273961379742e-01
1.312112643608389084e-01
1.357284546126939218e-01
1.220700774657707405e-01
1.356867773147777123e-01
1.383611444557521775e-01
1.343212513068346159e-01
1.230894513136743945e-01
1.242137995772950171e-01
1.112604888149070353e-01
1.314797456842558554e-01
1.301965143530620095e-01
1.297828486279996307e-01
1.118922566801218016e-01
1.440128452143406568e-01
9.213943877179162079e-02
