1.080450288879036269e-01
1.075336040575954749e-01
1.037761361953841166e-01
8.467348065577261218e-02
9.855805550668932102e-02
1.078305539052558937e-01
1.043864987418629958e-01
8.778410768877925596e-02
9.279090182349430949e-02
1.096821921160880398e-01
9.272535221010193285e-02
1.110957271593789181e-01
1.102473351729990336e-01
9.436543925605483940e-02
1.019939178971462357e-01
9.768695961164707009e-02
1.011712331324766262e-01
9.961212604448922703e-02
1.022097347308346255e-01
1.074546824736420103e-01
