7.089483928502818277e-02
5.177323658029263365e-02
2.941092578849687639e-02
5.698420456402208956e-02
1.072430893821718773e-01
1.249629773989302389e-01
2.674315881071063356e-02
1.004143784590546679e-01
8.632525276890337662e-02
9.315115145588510892e-02
1.253760524159615586e-01
1.255391358727393769e-01
1.128571944340859973e-01
6.430264011319318518e-02
1.622759028530285086e-01
5.710281594650214870e-02
1.063479937493748695e-01
1.290382680008618221e-01
1.231072082854549887e-01
1.367773500176165946e-01
