3.103085544985895866e-02
6.474111842021018637e-02
3.974457084829498971e-02
2.936176343472010966e-02
6.009453881068226727e-02
3.997984141545394415e-02
3.813772403890226814e-02
4.465379496207932258e-02
2.753028129998564069e-02
3.836048029409112881e-02
2.270157196367094191e-02
3.410672074969570838e-02
4.903430179893836921e-02
3.629797257594016835e-02
3.285914586355068862e-02
4.331520631882970762e-02
3.476564663817385825e-02
2.781075703111466832e-02
6.742146630039350108e-02
2.613035496551186637e-02
