4.287041400472617614e-01
3.762856482216729859e-01
3.762699679756169036e-01
4.293759191751811422e-01
4.082684274445235184e-01
4.083985902509533195e-01
4.022799548626604382e-01
4.035635787337084612e-01
4.149803273440755280e-01
4.159029212754388749e-01
4.230374896782506111e-01
4.167409029087547068e-01
4.170874457091944265e-01
3.601024526759456501e-01
3.666793775061352179e-01
4.179516041359969125e-01
4.163502569741686088e-01
4.481228599752961061e-01
4.470974484031012275e-01
4.195250643017007230e-01
3.682117862763900074e-01
4.113186181682398357e-01
3.596241563127129948e-01
3.649388004149449749e-01
3.111663266974643016e-01
3.541359960576661581e-01
2.831640218224852901e-01
2.432237041448306880e-01
1.555296967464490088e-01
3.816960294812895421e-02
9.909246345018189739e-02
1.039308021590751030e-01
5.654528158006106447e-02
