9.990274498378221013e-02
1.018719277160630710e-01
9.782047914334156269e-02
9.068037282929974907e-02
7.675646832159993549e-02
1.003072546628627770e-01
5.146737948154537362e-02
9.297279551796103214e-02
6.683122711661941551e-02
9.286192958457546720e-02
1.094886564949292124e-01
9.795996606824725061e-02
8.857723406393103183e-02
9.425203728584677365e-02
9.644298169024513590e-02
9.650973914658068920e-02
8.397543948941101066e-02
8.648285029776181521e-02
8.099822923234369088e-02
1.004740750607365785e-01
