5.589210011876426243e-02
6.172913025798054676e-02
6.144128523824139709e-02
6.085623765274890407e-02
5.762347822792347057e-02
4.540400566701036783e-02
3.278594994676718721e-02
4.007189122233940221e-02
5.897447013750919259e-02
4.818186944928967014e-02
1.479394180708912786e-02
3.718999397227171211e-02
6.139435520461138107e-02
2.616333816143307650e-02
3.752519106436759400e-02
9.369912769715836587e-02
2.899900962366220442e-02
3.988578513173324930e-02
6.928873608393087968e-02
4.866082373912198472e-02
