8.472991632792710448e-02
9.203010215781531889e-02
9.102084639142904443e-02
9.608209154910588023e-02
9.336524860040805451e-02
1.000916989491814485e-01
9.505641270605515170e-02
9.221034905268712945e-02
9.272075067375679103e-02
9.637130422181791611e-02
8.612863518160626675e-02
9.578927579453645758e-02
8.609949645433195853e-02
1.007552602623834614e-01
9.474074808144121451e-02
9.885750761482202387e-02
9.588378927783999806e-02
8.967148953314703352e-02
9.153995882912370485e-02
9.725822356167933280e-02
