1.751957802112840135e-01
2.224592208240744051e-01
2.031643546207720363e-01
2.085169100230227224e-01
2.330910427182013855e-01
2.268525624528399121e-01
2.114643596378057988e-01
1.993329447658061249e-01
2.105993022489106026e-01
2.067124792347921070e-01
1.886522006499934401e-01
2.028521906113013862e-01
2.139851185695332836e-01
1.871764670055656443e-01
2.068443475051851832e-01
2.410062774800109109e-01
1.857277684173118393e-01
2.084870880200934418e-01
1.786873383786324876e-01
2.087186158690533533e-01
