2.341224501516912526e-01
2.259462756460243194e-01
2.334288943120425841e-01
2.454973669227422384e-01
2.341143917769026306e-01
2.336170930346461172e-01
2.186903871838302149e-01
2.434181839583327844e-01
2.344201795743530714e-01
2.456924219058573278e-01
2.343360017260639749e-01
2.245310214636598856e-01
2.181195775245499957e-01
2.212025222154122006e-01
2.209299043601691548e-01
2.331088066493078592e-01
2.354764143640291629e-01
2.357291985436708870e-01
2.239875037976976901e-01
2.234091114919288246e-01
