3.328881338189095818e-01
3.238164699496418608e-01
3.317710410226860085e-01
3.331803939067126685e-01
3.330419814822343505e-01
3.320191597948342621e-01
3.395896340867150531e-01
3.347568281139693402e-01
3.325565853197110511e-01
3.113962343231027607e-01
3.273879146774791304e-01
3.369120154323074212e-01
3.336428928482961798e-01
3.301737409246899291e-01
3.182918408315696390e-01
3.253070629537923031e-01
3.324037611949738347e-01
3.297196977932578821e-01
3.333876422336556344e-01
3.213360290116440976e-01
3.323855468991923634e-01
3.348746192428182500e-01
3.381209660593926247e-01
3.283377849410791249e-01
3.334219093205346152e-01
3.308712924114324272e-01
3.192824703474571590e-01
3.219528013159093094e-01
3.349996524906059259e-01
3.288372784082642108e-01
3.361296447227665185e-01
3.321347991017813972e-01
3.381379549282389485e-01
3.320284081040260626e-01
3.292455135156731050e-01
3.361202636061622062e-01
3.264742423987214703e-01
3.361346039040271627e-01
3.355538590602293314e-01
3.237094747069865774e-01
3.338979314444717184e-01
3.313608294573062718e-01
3.304598829397913939e-01
3.299519376229819723e-01
3.319608917559764283e-01
3.239563183432533355e-01
3.218635833175492733e-01
3.340292221703686781e-01
3.308201638050489168e-01
3.384400120999789263e-01
3.291828387707096404e-01
3.309677195994361054e-01
3.316915287623250497e-01
3.248180774482025690e-01
3.304882544252111809e-01
3.365081802324226268e-01
3.298605490771841509e-01
3.352401409723860803e-01
3.316465802703148502e-01
3.312911603537105343e-01
3.361558616946162537e-01
3.293855835592188752e-01
3.336014007954451466e-01
3.316934973032217293e-01
3.314649136870500556e-01
3.283141068729242829e-01
3.255032251127200071e-01
3.235975570452183647e-01
3.354755831860620763e-01
3.362003518674715474e-01
3.304826462787771590e-01
3.369806218800771580e-01
3.352529167765773699e-01
3.234880609891205849e-01
3.321940084613589916e-01
3.297538440122433911e-01
3.250163454303516275e-01
2.936841448489544426e-01
3.399151846479608885e-01
3.245888203574269770e-01
3.356441030631733824e-01
3.260518891233066263e-01
3.335862286295006585e-01
3.284174038909467019e-01
3.344126482998118766e-01
3.336535881582639584e-01
3.321481794491167316e-01
3.341495035832744986e-01
3.376267690917961750e-01
3.329175534905187139e-01
3.361944346026441433e-01
3.357951378831532385e-01
3.353489111506801623e-01
3.359687412010112229e-01
3.364277794682800082e-01
3.318355276660823194e-01
3.313524013037770777e-01
3.257461503086936938e-01
3.303157820169921322e-01
3.292314911841426328e-01
3.288768324906138907e-01
3.309298836281929224e-01
3.229895648173055078e-01
3.313678219752416720e-01
3.301047339593670138e-01
3.335161940325385155e-01
3.332868380752460058e-01
3.367844414931021602e-01
3.344036307001329034e-01
3.334325057253237912e-01
3.208946661965257352e-01
3.316290699223423122e-01
3.271523777411096123e-01
3.317612380921109438e-01
3.330217976468874963e-01
3.328911753239054971e-01
3.358385389044908353e-01
3.254695793750385646e-01
3.327151425280117092e-01
3.406951907206278718e-01
3.364680790274048316e-01
3.344629139631163928e-01
3.295046855003739839e-01
3.376711617262426746e-01
3.397229249816228758e-01
3.254301013788918895e-01
3.293330757291679234e-01
3.376125345479059625e-01
3.337549928448554915e-01
3.335802595557641470e-01
3.320278843317119866e-01
3.393019422454554013e-01
3.285189849640684501e-01
3.323829815770864560e-01
3.248229930440947877e-01
3.325907550687467462e-01
3.159907148221454132e-01
3.242961739617518102e-01
3.384637376385257745e-01
3.299838480605287727e-01
3.238830810467731025e-01
3.362777862778532079e-01
3.295674927235963669e-01
3.289335836882201769e-01
3.314573319330947343e-01
3.278760969292641714e-01
3.343418611095806958e-01
3.346526766225147442e-01
3.273416763700840448e-01
3.246624659008328084e-01
3.314281865236908819e-01
3.350360924482984060e-01
3.313885608948872741e-01
3.224075839471580163e-01
3.290072727959597043e-01
3.124894441830531888e-01
3.350053424692784887e-01
3.321757991025029444e-01
3.321958075640790709e-01
3.352376780360057373e-01
3.299631880652094118e-01
3.360287534185263381e-01
3.274230125253314583e-01
3.268807123098019241e-01
3.233180997983564064e-01
3.341706185862181600e-01
3.286782565515093402e-01
3.248978458722367457e-01
3.404462819418415664e-01
3.364105799787808770e-01
3.310100064460926861e-01
3.300009594789281575e-01
3.348405252558988576e-01
3.324017636078558380e-01
3.180831100094262398e-01
3.382360038215819209e-01
3.372822351985012013e-01
3.343316577523188227e-01
3.239052944656630184e-01
3.356120399062452742e-01
3.274668494377936945e-01
3.308218843813518495e-01
3.281373641767099114e-01
3.382773951714764804e-01
3.289530284467415688e-01
3.355794410453777354e-01
3.336191005736533488e-01
3.337063670059273734e-01
3.339946717296470302e-01
3.306701797408047594e-01
3.314948351322826725e-01
3.369638166062791096e-01
3.348326204453341837e-01
3.318534305870007861e-01
3.293462044903875952e-01
3.205839024751742095e-01
3.357612974490652435e-01
3.234807280077930947e-01
3.306885386041782948e-01
3.313134877829701508e-01
3.308246173160831471e-01
3.304418552718519364e-01
3.221518824755595367e-01
3.246865860264296355e-01
3.252272778182241919e-01
3.251578045776243875e-01
2.980986392660139872e-01
3.342065440313581326e-01
3.343962713283124000e-01
3.168735391035227278e-01
3.342335702280573861e-01
3.331548318325068814e-01
3.320466139578420184e-01
3.253642285243258936e-01
3.257216815181128156e-01
3.343152791991040318e-01
3.254679321428158301e-01
3.342820010604118375e-01
3.352741279782244233e-01
3.338868553807714523e-01
3.277542956323791778e-01
3.281107131664774967e-01
3.277614629978313210e-01
3.194112666634287834e-01
3.269315487996112268e-01
3.364358981913472268e-01
3.252439838166467090e-01
3.257217313039400541e-01
3.294192458452550043e-01
3.374151457197687165e-01
3.280528549040629405e-01
3.349734745457309537e-01
3.300466048667630714e-01
3.284217933019611402e-01
3.232994631282417042e-01
3.361398646901533893e-01
3.269858029374954622e-01
3.314247425127164748e-01
3.208055074934325623e-01
3.202259066218712258e-01
3.051733175223825811e-01
3.328382842428255772e-01
3.287059269475625656e-01
3.244580768394189629e-01
3.329003548212799424e-01
3.203350537211477334e-01
3.260512830487964364e-01
3.312948205923791356e-01
3.316638197642585162e-01
3.141480740013296025e-01
3.280285790313842709e-01
3.290164865412434358e-01
3.209706827027960507e-01
3.231013617308581276e-01
3.327833046826192409e-01
3.336716092298431802e-01
3.385838304567591606e-01
3.282300467406685796e-01
3.240634854797008191e-01
3.282547360404613479e-01
3.282899465564478869e-01
3.344565930457278902e-01
3.293572255975856233e-01
3.267165798210466265e-01
3.379406085942009974e-01
3.202750963364586201e-01
3.331692438951271429e-01
3.258743048921933227e-01
3.357160171712005314e-01
3.327999965482420497e-01
3.363549159039571079e-01
3.278987323462239090e-01
3.315861726365820772e-01
3.329669349038325565e-01
3.278040341380991651e-01
3.345826629229841087e-01
3.291195726241443742e-01
3.328280281423099951e-01
3.228330912156583410e-01
3.350143136804897837e-01
3.324343178015974343e-01
3.249817332444348006e-01
3.303316801312965456e-01
3.312281474645614732e-01
3.354460955389965138e-01
3.368904780005689270e-01
3.287036919219390452e-01
3.335856148217052342e-01
3.323408814950669643e-01
3.331633021985948573e-01
3.312423775633364653e-01
3.330924735228638078e-01
3.340638591178467509e-01
3.352811165191625919e-01
3.263136776639267711e-01
3.222676069268091137e-01
3.278660386408068783e-01
3.205450600215408730e-01
3.218740133408792281e-01
3.316673225586748153e-01
3.267642131046909482e-01
