2.545622956322535768e-01
2.229683922694194187e-01
2.518601991458381817e-01
2.100410314366318032e-01
2.366740655066327526e-01
2.545327260063692254e-01
2.405716723008728408e-01
2.519098895565731744e-01
2.491743650130359700e-01
2.197662617818023911e-01
2.400250851117725071e-01
2.557977380038845561e-01
2.321404850820284749e-01
2.442393943244775545e-01
2.494117700798624826e-01
2.360179584025944854e-01
2.371722190644535710e-01
2.494004423460535191e-01
2.288885251849373803e-01
1.970091958337436278e-01
