1.971437223876151834e-01
2.259879825001900600e-01
1.703588920065993162e-01
2.465926325613458925e-01
2.560221952675494350e-01
2.847769708111538289e-01
2.621583062776325912e-01
2.461631574840830172e-01
1.833540486056384478e-01
2.663945607317990127e-01
2.159343618341821591e-01
2.410395077592737967e-01
2.774755412553694955e-01
2.470833127953394603e-01
2.048738329812164471e-01
2.309695521969683252e-01
2.129855101424362740e-01
2.557009313927466332e-01
2.499928260805124036e-01
1.705883421026829216e-01
