8.852967831987776370e-02
2.152246240393323462e-01
2.076287036792690277e-01
1.868487202560432936e-01
2.297053342456908953e-01
2.096356118269348257e-01
1.777704852583512074e-01
2.012878991818229379e-01
1.876437234203924276e-01
1.803056616878433716e-01
1.886940086675254202e-01
1.438444118183475062e-01
2.192472594661261931e-01
1.558909876633456093e-01
2.007359965811340574e-01
1.499790557010406145e-01
1.959963130643476992e-01
2.291113219037285986e-01
2.082020226487331371e-01
2.036227373225738546e-01
