1.987537826407279884e-01
1.885996346345068519e-01
1.063939203709411141e-01
1.552936837470522136e-01
1.319611502733844810e-01
2.372983927955126804e-01
1.142417079453819512e-01
1.931536541229499915e-01
2.066106211707842144e-01
1.921723778948911665e-01
1.867647719944807994e-01
1.890894250491939321e-01
2.212901417259620918e-01
2.008645518289496057e-01
2.002288222568157916e-01
1.781350489707174689e-01
1.881349359026067425e-01
2.126305591476062296e-01
1.736037631818872495e-01
1.742981134127438714e-01
