2.225737152324970547e-01
2.446176040853647315e-01
2.152539311237072484e-01
2.070770018912622412e-01
2.183202125415063810e-01
2.380498916697164902e-01
2.245403678280310511e-01
2.363081900037166949e-01
1.952329024298569138e-01
2.247379884177938825e-01
2.281315985328261353e-01
1.789152267869961455e-01
1.881614672500662444e-01
2.504296867451999420e-01
1.934876653442997307e-01
2.439380839057457839e-01
1.970072367392990409e-01
2.585479860097464333e-01
2.053169784238395579e-01
2.189597561120373570e-01
