1.574254057042675237e-01
1.220393220004282464e-01
1.695799698427351565e-01
1.443042246613678026e-01
1.337948444918200253e-01
1.645866435144553996e-01
9.091047644508222503e-02
1.585356996080594660e-01
1.133612293134001470e-01
1.726203269064773560e-01
1.876059412976375240e-01
1.656585278004752415e-01
1.641824913273062514e-01
1.402184578981182650e-01
1.186254199701697043e-01
1.934096722830007387e-01
1.309727325406948306e-01
1.531500161537334981e-01
1.787400538587370913e-01
1.595798120201289971e-01
