5.031257010171931443e-02
5.404841908417266222e-02
4.714823076421018055e-02
4.843453548737824965e-02
4.754878790975804181e-02
4.757047080500077102e-02
5.257800283810879632e-02
5.391218924218549313e-02
5.274396354521312946e-02
4.851437346367568765e-02
5.309811743274905210e-02
4.875027875588729825e-02
5.537537483156799306e-02
5.042703517127054141e-02
4.802835136805860827e-02
5.112646474833908161e-02
5.122179628497730564e-02
5.152977282110517837e-02
4.987001047703079615e-02
4.609547351737242754e-02
