2.730016731057296475e-01
2.816768218599156604e-01
2.768722984230430617e-01
2.902281316932018296e-01
2.428909245856298860e-01
2.691710154924878973e-01
2.865229290805460516e-01
2.717591918106720961e-01
2.699964300607980983e-01
2.883467678192426775e-01
2.536474217316059820e-01
2.882527085306897385e-01
3.009941176434810517e-01
2.651875559992578069e-01
2.855549669495846543e-01
2.527752851312703442e-01
2.966149769627444144e-01
2.879902216543683280e-01
2.977460243784141869e-01
2.631521108861966662e-01
