3.506099406077290564e-02
3.885429751797475628e-02
3.872294647950084989e-02
3.728643745838522428e-02
3.444028455098765984e-02
4.415165154044178170e-02
3.639279769857381441e-02
3.641793656435740600e-02
3.683573721004983897e-02
3.522992024680278444e-02
3.272395663860997589e-02
3.839530280372713267e-02
3.803770916909395700e-02
3.720495043155608306e-02
3.659770470989321539e-02
3.807155599360319970e-02
3.774273869312640833e-02
3.872788433876115516e-02
3.444135593961974995e-02
3.921563124233204412e-02
