7.471928535902773449e-02
4.519887416704482241e-02
5.892907734907036621e-02
7.848686456893298746e-02
3.916869418465507985e-02
8.067772726788972892e-02
4.235674075907629871e-02
3.513601985936566641e-02
6.302765870357990297e-02
4.596053916410628576e-02
7.241259838069835642e-02
5.116576648738196259e-02
6.393384955749728538e-02
9.691197627073219745e-02
5.305268550966343172e-02
8.478703478447841002e-02
4.881224136808066244e-02
1.372589252463464193e-01
6.547496695466800687e-02
8.151432828687021903e-02
