2.534315566624467109e-01
2.036007254938699274e-01
2.555306280508917727e-01
2.439111153114881525e-01
2.090844468379502441e-01
2.377257236366884796e-01
1.870518573364683690e-01
2.282417343865272563e-01
2.417617228462078383e-01
2.296746455358543715e-01
2.004477329254491236e-01
2.265711711869549394e-01
2.582196414457551548e-01
2.480225275928152895e-01
1.900499396630966342e-01
2.506411601832976288e-01
2.456821405043987661e-01
1.980832770278746491e-01
2.375470534728317540e-01
2.475850252048757139e-01
