2.432204236293803168e-01
2.637147765979671599e-01
2.352972103573151286e-01
2.624369833278550335e-01
1.907252135691806239e-01
2.060949758349393535e-01
2.311384065506946195e-01
2.554961772832629041e-01
2.733113021183427027e-01
2.371415208632554894e-01
2.643752210456076779e-01
2.406710315611028939e-01
2.483088540885977358e-01
2.451403181602513914e-01
2.559698149708516390e-01
2.474198897208109704e-01
2.224372006717762751e-01
2.760296005544466413e-01
2.588860952393333137e-01
2.431743358926659881e-01
