2.177276736533136914e-01
2.564481273095073899e-01
2.504974347437927129e-01
2.483793393834536622e-01
2.099792774435310094e-01
2.348297690207925281e-01
2.389588554907612905e-01
2.154347828802347653e-01
2.222801656033464857e-01
2.142770573667288347e-01
2.311793798601562144e-01
2.305678060927600637e-01
2.423326680932092192e-01
2.675923194677299888e-01
1.853233965819262863e-01
2.494928656187673788e-01
2.234520837462575238e-01
2.174439456428453599e-01
2.493204328029969552e-01
1.878032897349664609e-01
