1.746322606770538965e-01
1.675721229050185224e-01
1.913573497212957830e-01
1.818630641531297776e-01
2.222420579224424209e-01
1.176692534365392784e-01
1.642399120313366156e-01
1.702070244235730501e-01
1.947083765812711031e-01
1.027661736129393544e-01
2.012138533397677675e-01
2.039551407362794333e-01
1.772859151304937986e-01
1.846736970271372347e-01
1.832116484957087288e-01
1.780864755185421477e-01
1.940026203879567923e-01
2.229416215646781163e-01
1.512985996984634873e-01
1.892025532101080376e-01
