1.972173336827706680e-01
2.077509083835674397e-01
2.019362787913126789e-01
1.905502545862040875e-01
2.194505619478898661e-01
1.994007894868913278e-01
1.952858027535704921e-01
2.065995335578461600e-01
1.774616298794277625e-01
1.641380921951685612e-01
2.003343196824454442e-01
1.731926196366965764e-01
1.800446527617455272e-01
1.968599539925663389e-01
1.907832734553620013e-01
1.460901984946461896e-01
1.914301785817180690e-01
1.667003191315744037e-01
1.400393825709889961e-01
1.995985774419623271e-01
