5.154480294696377196e-02
4.418079019096944615e-02
3.848812999282694158e-02
4.992992932821965768e-02
5.949681887433014987e-02
4.205008510303336056e-02
4.291985941041256969e-02
4.574735384589785625e-02
4.738264546810679739e-02
4.093133096764663831e-02
5.724514640035803514e-02
4.525893514413942970e-02
6.100031670689795571e-02
5.785731359387671219e-02
5.030503673226526667e-02
5.775942515947755235e-02
6.517382576168839758e-02
5.056540758684002768e-02
3.700873197799341152e-02
5.242454977397911775e-02
