1.824789304145106039e-01
1.599322026972846700e-01
1.809789982637407812e-01
1.854071480794405036e-01
1.944118743950307149e-01
1.861691664822150982e-01
1.881078466099395941e-01
1.708211058707426733e-01
1.807072876675124840e-01
1.559446395384103123e-01
1.307315424528150694e-01
2.047616779568338374e-01
1.223571335680043587e-01
1.776877563934917137e-01
1.378036996933121872e-01
1.943642548320483332e-01
1.693610643683952088e-01
2.001375275038703716e-01
1.056076681304521647e-01
1.454298972891921726e-01
