6.525506377156320426e-01
6.588069936497356061e-01
6.430917524688637421e-01
6.665401394740422258e-01
6.099631265745120157e-01
6.180353174135603256e-01
6.299464518935686819e-01
5.503881037622789796e-01
5.755522709302141049e-01
5.877208557231383690e-01
3.602283888853788363e-01
4.672534958185738940e-01
3.778315795371427477e-01
5.753502729179882369e-01
3.766390706320268400e-01
2.675211314202375346e-01
2.760865827784882987e-01
2.668859775466186357e-01
3.924898492801983108e-01
3.173630449990061941e-01
2.152356595467347089e-01
2.244160990924386756e-01
2.094179872340134196e-01
2.570370903471962398e-01
1.410406691055763329e-01
2.683975758905740028e-01
2.128165509643765441e-01
1.389231732048986367e-01
2.087729371377326504e-01
1.715823559399830001e-01
1.658841868793996255e-01
2.833237509980713886e-01
2.088844114808309782e-01
8.322023640825408630e-02
1.358830672110572235e-01
1.557199074452856047e-01
2.701833438409250721e-01
1.434854893032365131e-01
1.667587473758546379e-01
5.307521648275908416e-02
8.958057256021176307e-02
1.665555914501286872e-01
1.484996132656241363e-01
9.545923467715011768e-02
9.742506647183497848e-02
1.195331002157313249e-01
4.872958281223242066e-02
2.241968972954126726e-01
7.816540018062984041e-02
1.983111587520449692e-01
9.781988573867256287e-02
9.840681932085562633e-02
1.207796539924273355e-01
9.699735627693063800e-02
1.632634191059441076e-01
1.043436673550200700e-01
9.305508220912259154e-02
2.182405868197906940e-01
7.134264584491928352e-02
1.305319506639749938e-01
3.613681820155099228e-02
4.878858737310678290e-02
3.711199052242696722e-02
4.257145993931790023e-02
1.327940469244192900e-01
7.668937534896318187e-02
4.313571285591813464e-02
9.037323232169151843e-02
2.607322363493070824e-02
9.808149889457837278e-02
4.580901468897678047e-02
2.799846646922172708e-02
9.256328322685007659e-02
3.333375964514637135e-02
2.917765762734194843e-02
3.950963682516261954e-02
4.380144535135994249e-02
8.203025753983439472e-02
3.012950078138790580e-02
4.707389598386787360e-02
1.201591558621878039e-02
7.542312724835908977e-02
9.427717367983095773e-03
4.073935824390303995e-02
4.184621208644363766e-02
2.716764049799546762e-02
5.800633446656595915e-02
8.188690732123077298e-02
4.260221706578161405e-02
6.467397488075929401e-02
5.397687683566081140e-02
6.953773663138135275e-02
6.137659831436104857e-02
4.249682811623536893e-02
5.761778597693555798e-02
2.888966819668054714e-02
4.750487493708011738e-02
7.884976771187576783e-02
4.097098557753592329e-02
4.370060920302738100e-02
8.410392467840667463e-02
5.930092014987176086e-02
4.851949985928588616e-02
1.746763454092352744e-02
2.057536181775675502e-02
2.606523030856718048e-02
6.899598317339555864e-02
4.958582114180069139e-02
1.923173688769711995e-02
1.555403794755617734e-02
3.056163180577600724e-02
5.193601532398226667e-02
1.253072707833617454e-02
2.092735841576782649e-02
2.795224990719056418e-02
1.278725649959033296e-02
2.213889710952066450e-02
7.390102720092830979e-02
3.614880683970632391e-02
2.701506566367201448e-02
4.883612456294084136e-02
5.492660095975500367e-02
2.558413465411938856e-02
2.910027917615911133e-02
2.490902060319075476e-02
3.147330884157616138e-02
2.508516714376790233e-02
2.275746476359990361e-02
3.171411136211928217e-02
1.429486994403550600e-02
1.244643297360874257e-02
3.924934181714123671e-02
1.893927477656955072e-02
1.694279651414802926e-02
2.325071527701480859e-02
2.419089237972827863e-02
2.816889856068365700e-02
2.988672183772034946e-02
2.469000102803953559e-02
2.070595615493705730e-02
3.304283827615191182e-02
2.626408906417598832e-02
1.860401385603407606e-02
1.156661054183633422e-02
4.937483768895122027e-02
4.413248813852787417e-02
3.590085023180922957e-02
4.456086671181388320e-02
1.245666653938953816e-02
1.210987038142400871e-02
3.928435654427107904e-02
3.281635675632321031e-02
1.940376084725956365e-02
2.811613431840309998e-02
2.083872168315098125e-02
5.282991421341527022e-02
1.539322428913874469e-02
4.565533599884501192e-02
1.498250993339112803e-02
2.735176258481776188e-02
2.087573241467642962e-02
5.135015500972012203e-02
5.473116121190035183e-02
2.002337402284939949e-02
1.632819035866472229e-02
1.692545092604499229e-02
1.324662119763092734e-02
2.354643018310944788e-02
2.207367546275957465e-02
3.537435928493439657e-02
2.409136805325614791e-02
1.717087132591002888e-02
3.074124567306617956e-02
3.305702017156495615e-02
2.616570268071125027e-02
6.660500774973532150e-03
1.114862785495285280e-02
3.476871800149855529e-02
3.776355194417864436e-02
1.963705797252553870e-02
1.555439899147586028e-02
2.480898760127019792e-02
4.879984381251927655e-02
2.127347212519397485e-02
2.355053350588798625e-02
2.993773403506921199e-02
2.159415078350705036e-02
1.635808312666352585e-02
2.245776591315148604e-02
4.108569123201120249e-02
2.281266820868997625e-02
2.597176533013620392e-02
3.172637354755211692e-02
1.905918011061317682e-02
1.260567440316091338e-02
2.168092816683315008e-02
4.020333349259395950e-02
3.596045455088694304e-02
2.834814248378238200e-02
1.379267094122583158e-02
2.834277901880691980e-02
3.573398162045991061e-02
3.955398375979551906e-02
2.113617338342789823e-02
1.225220730647590302e-02
1.794351775929509465e-02
2.975636041887262662e-02
2.507282023399616186e-02
2.412712038458311725e-02
3.996477361768959596e-02
2.111230750648362964e-02
1.498689679302623451e-02
2.182829719130851415e-02
2.887118623687709440e-02
2.380068387313642037e-02
1.976965790132145448e-02
4.507432078151778904e-02
2.432292456712036380e-02
1.488901884611009904e-02
1.651128104685396780e-02
3.326231459697606002e-02
3.539753524803841006e-02
1.044456156209662770e-02
5.814617782714770824e-03
2.423159730568100190e-02
2.893186288020535568e-02
2.793512147812564003e-02
1.590195970703945499e-02
2.133609336735376241e-02
3.211807322924068592e-02
2.098201231205660058e-02
2.000270932174432609e-02
1.210971427063246321e-02
1.357297904920249168e-02
1.494294705319893640e-02
1.750345350267473732e-02
4.855343432630537109e-02
4.584891462532190293e-02
2.029099810555645700e-02
2.429106564712336241e-02
1.493729258781749045e-02
4.242544440263328054e-02
1.404312630115764175e-02
4.728639943897065129e-02
2.044794762686366618e-02
2.343109079377312179e-02
1.683534972756843204e-02
2.370370524337648416e-02
3.463664333523085170e-02
9.838875169954462360e-03
1.133205331156632821e-02
4.093050078402594300e-02
3.305098014068483248e-02
3.729976710205049756e-02
4.417202259503232725e-02
9.317277036534423601e-03
1.622507219509167209e-02
2.217836168774441757e-02
2.835167056530963139e-02
1.929998530756216885e-02
2.205523343421695801e-02
2.347792554954142644e-02
2.335995108989359983e-02
2.039116862010179054e-02
1.970354076143684616e-02
1.327571243438144602e-02
1.562937289141331718e-02
3.101110164952732354e-02
1.075830497264918494e-02
1.282161975389537086e-02
2.449562415266531498e-02
1.712681948623141423e-02
1.945030256107051908e-02
2.587634975397089601e-02
2.045002609684101400e-02
2.382194503539012548e-02
2.062236412486979226e-02
4.389562135167628804e-02
3.917006365140585783e-02
2.090085013098798641e-02
2.646727684275251152e-02
5.827123337499589412e-02
1.811222425258611490e-02
1.100995309985560063e-02
2.241284245893717872e-02
1.682501694443895926e-02
9.581964453701715193e-03
3.998893923854878601e-02
2.520602951287296417e-02
1.200788698266771516e-02
1.435260029075219670e-02
3.640400717461078628e-02
5.026800778362260080e-02
1.975356336068748858e-02
1.519336286958852117e-02
1.295215647223281821e-02
3.679687993220699671e-02
3.910571561698319987e-02
6.083778879349232421e-02
3.044170758203406865e-02
3.180210177693697238e-02
