1.209211988210490973e-01
1.202112539103341732e-01
1.393995788090408583e-01
1.403566214182171423e-01
1.515948267420482998e-01
7.754545355005763863e-02
1.099428621505343234e-01
1.378325002187339721e-01
1.150549561271009963e-01
9.335870745158944550e-02
7.585141310716760066e-02
1.229134967936921785e-01
9.282620106810718363e-02
9.838688577833147597e-02
1.030159020544400977e-01
1.419964263190140463e-01
1.597505162921145638e-01
8.915256730555592979e-02
1.417770070955529649e-01
1.080045479295707878e-01
