2.192693402061716978e-02
3.919212949666600609e-02
3.953125721189769404e-02
3.642546830813965519e-02
5.212430381103813626e-02
4.285974301611120835e-02
5.084892999360964699e-02
4.249370928668166209e-02
4.692080976623937832e-02
3.900816342309465501e-02
2.706300684312919203e-02
2.617248488273137691e-02
4.081104446574384398e-02
4.424389236318113094e-02
9.802485556835389968e-03
5.070417799708323153e-02
4.773885337756762076e-02
4.443766746128148537e-02
3.219832833673601930e-02
2.669203620067225891e-02
