1.861109235790401883e-01
1.940076249513351669e-01
1.845317207223797495e-01
1.793129549752136842e-01
1.537263186562508044e-01
1.644391330834872322e-01
1.849289168411602791e-01
2.049134449639715416e-01
1.801867250556936917e-01
1.952879024928901308e-01
1.973958423714966826e-01
1.934344776049279069e-01
2.054189620583910525e-01
1.697614100410888560e-01
1.875452466616839287e-01
1.704234235498156835e-01
1.767683870956312242e-01
1.978842146654714029e-01
1.700445528002205164e-01
1.754508274791751199e-01
