1.400305592747393413e-01
1.546976226619090344e-01
1.418663586613956029e-01
1.690821187094502243e-01
1.620755284006170915e-01
1.730116461406021600e-01
7.965413353886115211e-02
1.638234790605873903e-01
1.025185797968404949e-01
1.452955162745829809e-01
1.542109565158669149e-01
1.544306067651519399e-01
1.269590387480826754e-01
1.635861340318421897e-01
1.618056992860218146e-01
1.498505130215699310e-01
1.215341391013049499e-01
1.465076502528739888e-01
1.648374009630954873e-01
1.611705753458056722e-01
