2.103309779782771283e-01
2.296304849684633331e-01
2.179751803605499416e-01
2.219947624129932351e-01
2.119318224028191588e-01
2.028778215644571892e-01
2.211063770861862732e-01
2.025977202463102311e-01
2.268877290416349002e-01
2.111773820622016296e-01
2.230218512673361464e-01
2.321166109283085699e-01
2.270684139645859079e-01
2.187514366412623701e-01
2.308357901817546798e-01
2.094794106622658303e-01
2.236836122511581537e-01
2.037751292796632918e-01
2.049890059203227366e-01
2.307537294630353508e-01
