1.778251105383193420e-01
1.825763764878567674e-01
1.965616397909282775e-01
2.033015676378354120e-01
1.838417509289648200e-01
1.704639543760122500e-01
1.927400137814623271e-01
1.756121059609122015e-01
1.571920535046336942e-01
1.890400242862862179e-01
1.636063505900446358e-01
2.007335723177061659e-01
1.763228013377265979e-01
1.670813490609485696e-01
1.804741590585019484e-01
1.878100154846062408e-01
1.934165144572904949e-01
1.945589968218330024e-01
1.769679259153168205e-01
1.861955265882926924e-01
