1.687661709026686552e-01
1.406239437483869370e-01
1.247997542667736159e-01
1.622177564599659172e-01
1.345384663819262361e-01
1.513042281601811034e-01
1.575744064565751945e-01
1.791148609636437627e-01
1.615980113214724179e-01
1.375551632684491876e-01
1.760857626615570937e-01
1.720848800660400302e-01
1.616022924673758132e-01
1.683959663000491880e-01
1.539472729963724529e-01
1.149580860504040292e-01
1.458029286453081386e-01
1.795973235328931772e-01
1.740819071158350162e-01
1.684117673069373267e-01
