1.450786374860237038e-01
1.580399318671344422e-01
1.795426948787706978e-01
1.871464641042027144e-01
1.862581085143891479e-01
1.532720102728745704e-01
1.533721308434666530e-01
1.935251762090122729e-01
1.774363182302242103e-01
1.848110981895988991e-01
1.893711368695081276e-01
1.863679967069843402e-01
1.702128598634176093e-01
1.853101909873473285e-01
1.983569117291185957e-01
1.295753524161077364e-01
1.810833896468391213e-01
1.717576185683923617e-01
1.836180281612346810e-01
1.878204357159914129e-01
