1.442387869348970009e-01
1.969966128599320021e-01
2.000015972311710577e-01
1.771483599678317089e-01
2.002531480971257161e-01
1.829536831487255377e-01
1.875917451072885989e-01
1.828540665055259640e-01
2.009012595998002360e-01
2.036927956511878912e-01
1.668903071718056408e-01
1.772232046212072754e-01
1.851422347880066488e-01
1.972664669227119638e-01
2.064752490078922975e-01
1.755025981825755754e-01
1.949305136654594373e-01
1.939164924940046109e-01
1.844936379435680451e-01
1.569910742223402933e-01
