6.408389403116897254e-02
8.056263027483213934e-02
7.015705482104181434e-02
7.016526006422253714e-02
9.045500546529257335e-02
9.081905501779254097e-02
8.931568972121478600e-02
6.272549757601918186e-02
2.797136858691194605e-02
4.346291276595977415e-02
9.324058314356128974e-02
6.550580464951166748e-02
6.197931319352744522e-02
8.433031604813248649e-02
8.865880224531808018e-02
9.379845719975017648e-02
6.842497840266303921e-02
2.532939491096757381e-02
6.219058516159960831e-02
7.806900692810324338e-02
