1.226679995781615289e-02
9.376747344452452185e-03
1.407292562457377119e-02
2.096509445300321142e-02
2.331560725275494059e-03
3.993183756663743790e-03
1.365919787922907115e-02
4.740361327414489845e-03
1.060516930865635157e-02
1.327741182217410248e-02
6.875241965127002440e-03
1.482129495049580928e-02
2.002316023902697695e-02
9.227402072193281735e-03
1.265958280811080132e-02
1.450459596618860515e-02
1.693515140007452111e-02
7.178674440500944220e-03
1.541667901851099566e-02
8.873003705899122975e-03
