1.852397746128878753e-01
1.819995810690752114e-01
1.742716707151066857e-01
1.808715124266434549e-01
1.837975589900410489e-01
1.792510655615969783e-01
1.515515989837286359e-01
1.756948681551205038e-01
1.774169869289688450e-01
1.724450242025263036e-01
1.698497037183760716e-01
1.840284194210415059e-01
1.755178569264034816e-01
1.808348984193240971e-01
1.798086101330443332e-01
1.806417637187479053e-01
1.627876530929017185e-01
1.824094771869705367e-01
1.574773516359756209e-01
1.788238781436550517e-01
