1.326573555486351523e-02
7.326788616203756301e-03
5.089893375250675867e-03
9.357608600740967286e-03
6.866794037154001079e-03
1.019843856295436259e-02
1.534608644824332971e-02
7.427236012250323406e-03
1.136900914562609735e-02
3.182238371302027746e-03
1.109156934812726043e-02
8.250456276314257695e-03
3.389635164939452938e-03
1.074783653723041660e-02
1.010995687651858495e-02
1.219439826688339078e-02
1.638542144211562173e-03
5.448658515309599999e-03
4.043459682305663473e-03
5.673900210082234545e-03
