2.046782263061887319e-01
2.013211136432591086e-01
2.000163586388228887e-01
2.056903007209682499e-01
1.976344150069893613e-01
2.100363109424924213e-01
1.881625857333734109e-01
1.991292100847819324e-01
2.093506548605084672e-01
1.905028497849790003e-01
2.020804205442332246e-01
2.083813780423204587e-01
2.086473691548556830e-01
1.912016992293161799e-01
2.019905651162721971e-01
1.925605833675499978e-01
1.832264222501369111e-01
2.032394924470790065e-01
2.007441357736700072e-01
2.123256272362103736e-01
