2.007749769180592891e-01
2.000267583870365129e-01
2.255227001006136212e-01
2.228280052998567740e-01
2.094747352968500675e-01
2.196214414081723298e-01
2.204982738680998922e-01
2.066407067910301654e-01
1.929831157076679071e-01
2.202628631613388066e-01
2.181309242124960524e-01
2.050806507560669900e-01
1.909372517777961353e-01
2.211735725956920084e-01
2.299099468795098300e-01
2.196425459887381415e-01
2.275125088277276109e-01
2.095422655169124904e-01
1.960320229601953956e-01
2.163299458678016318e-01
