2.169319102491487905e-01
2.140412560520867369e-01
2.168206675878034395e-01
2.156127008555785152e-01
2.117736859652846748e-01
2.151379568674796350e-01
2.123456914248707528e-01
2.108597686285396400e-01
2.154804085979470929e-01
2.200984456676103040e-01
2.076619701399727014e-01
2.137932234531503273e-01
2.128814243395261707e-01
2.194539386029708827e-01
2.160291518145293077e-01
2.160813467882514716e-01
2.014733443172946337e-01
2.160678619200341599e-01
1.958226839210603643e-01
2.220101448726215232e-01
