2.171008963988635687e-01
2.025256370911091008e-01
1.906726250656139987e-01
1.934941289120538643e-01
1.922613417770977495e-01
1.996351168687027222e-01
1.887967406080235389e-01
1.612382292394666516e-01
2.161760539531766001e-01
1.977161668730900712e-01
2.125849973723943631e-01
2.038586402681629717e-01
2.107400094823519143e-01
2.205552235574801401e-01
1.795710283790906414e-01
2.094321042407247535e-01
2.063533687064942890e-01
2.111167305193329680e-01
1.845993448683417304e-01
2.021307995552677206e-01
