1.633806800318316488e-01
1.520560381778908177e-01
1.761921880435145527e-01
1.658090986097944530e-01
1.549921115162171958e-01
1.586986325110889273e-01
1.444435927992820667e-01
1.588596481934850535e-01
1.352477063794642054e-01
1.685879705376341908e-01
1.711160394426728959e-01
1.849677354312828648e-01
1.718501448692350275e-01
1.458022881634235546e-01
1.790927805758851799e-01
1.726318475066367097e-01
1.633103304021818192e-01
1.724459685535340292e-01
1.758868317946934712e-01
1.756780664875899900e-01
