1.689948950264373029e-01
1.467815824307456829e-01
1.256787296028250844e-01
1.481535483398598585e-01
1.730887466544873410e-01
1.569280816186499061e-01
1.563038820149678376e-01
1.753686212108488962e-01
1.601258796851825761e-01
1.644200825927248921e-01
1.747588262845211626e-01
1.622604382421529712e-01
1.765211293395650971e-01
1.662993637794013269e-01
1.417969125544971676e-01
1.717971226693972564e-01
1.467607222791506016e-01
1.609024966609396423e-01
1.681291275603033486e-01
1.649435098095777263e-01
