1.952822810774167694e-01
2.074878890911917018e-01
1.947143706844305100e-01
1.680179236141476073e-01
1.897852514136490476e-01
1.903011622549091730e-01
2.158236664691195739e-01
1.946500873399761022e-01
2.250615860926951928e-01
1.915331123625732268e-01
1.963456910743165973e-01
1.946910934873762877e-01
2.148568936248481387e-01
2.102443101333943132e-01
2.053103327114554899e-01
1.772106162173624211e-01
1.999852262698526284e-01
1.896499844682306701e-01
1.767912978938929180e-01
1.905589513605525642e-01
