3.532415599902929753e-04
4.574328353198027692e-04
6.165536451587239064e-04
1.294411764373081843e-03
8.769144239946994983e-04
1.536510514834456796e-03
8.734233095747107175e-04
2.914569223932483659e-04
8.788069650024670290e-04
4.209477421355102382e-04
1.025472468430510889e-03
5.911009869361534639e-04
1.107404941418564182e-03
3.960486500598703807e-04
6.703291498503652964e-04
3.023610771590823061e-04
3.670654180665647889e-04
2.854649851641686436e-04
7.125801177006292836e-04
4.310153797190623788e-04
