2.071803031898635239e-01
2.032214959179794167e-01
2.229494661358914498e-01
2.164949747433450034e-01
2.106000993079511219e-01
2.207242311445088978e-01
1.903732236331380501e-01
1.925441767884168709e-01
2.182922030369769950e-01
2.061056779354991098e-01
2.096098505405084855e-01
2.144735486496980870e-01
2.087014036193809985e-01
2.050454304256564830e-01
2.307895612241028793e-01
2.027665161486266743e-01
1.948362308068764814e-01
1.969866875519697691e-01
1.915178222789399587e-01
1.849934198941720620e-01
