2.240620105503780268e-01
2.228362929457236574e-01
2.166269525789327466e-01
2.148372851428116403e-01
2.187968914558962585e-01
2.208737510603916987e-01
2.124214111911295888e-01
2.203454326407586761e-01
2.218641889968071823e-01
2.178166294785392754e-01
2.366210772288348807e-01
2.145381910114248503e-01
2.254679234496049234e-01
2.059494653618298698e-01
2.244259786586872696e-01
2.151137848553877352e-01
2.224076096602685126e-01
1.870970006098994221e-01
2.141299922433785585e-01
2.297812474338885580e-01
