1.746343234127382127e-01
1.628005510916759047e-01
1.440011320812563944e-01
1.777698909129022953e-01
1.647654519143415264e-01
1.611452621671752850e-01
1.411119525379904427e-01
1.814589503609224386e-01
1.831885992483045511e-01
1.534517639144296064e-01
1.677193104861704198e-01
1.378940732121558266e-01
1.362151893481264031e-01
1.750173060896345334e-01
1.630611497821673195e-01
1.681990360106346283e-01
1.367397340224000557e-01
1.582299551437864327e-01
1.925438082507707205e-01
1.743834839833999506e-01
