2.199288770353256765e-05
1.880236215741128576e-05
3.114487626966505498e-04
1.740765573047531323e-04
2.466221576323613041e-05
1.072026056660574627e-04
2.681556252531466854e-04
2.393833310416263978e-04
2.033227192605106912e-04
1.489919618089412040e-04
2.924648168950419371e-04
1.251241903557714322e-04
1.605728708600834211e-04
6.850803813447646788e-05
3.354140826929762976e-04
5.957709069001723874e-05
3.092401086613095107e-04
1.943529211493155013e-04
2.821578962128989260e-04
3.826929641583183030e-04
