4.440091930998616987e-01
3.983522419473866094e-01
3.971635536088427565e-01
4.437316882017497410e-01
3.975539688903105273e-01
3.968084270570427230e-01
4.428949052435264266e-01
4.430084662015269514e-01
4.117128158045867403e-01
4.145887790691702435e-01
4.439202108157527804e-01
4.077568050299698044e-01
4.088824673464753756e-01
4.391844982003387798e-01
4.392764797880779892e-01
4.411491637494018292e-01
4.476514125264004496e-01
4.006247597366973667e-01
3.998313002940171446e-01
4.443020145273661736e-01
