2.270249309596168996e-01
2.215531047039822343e-01
1.897007668149433557e-01
2.394095053013449159e-01
2.148860845185574797e-01
2.186388107126342184e-01
2.341940218840455334e-01
2.264820908539222077e-01
2.128898218128329189e-01
2.290022094789971319e-01
2.268095920238916430e-01
2.018189881934246699e-01
2.123645360128084414e-01
2.255969100574272412e-01
2.090051626200176982e-01
2.163275450900077335e-01
2.227385417141880264e-01
2.211278736161924885e-01
2.330830800286733673e-01
2.182686435359907084e-01
