2.283768303289404333e-01
2.238935258510225679e-01
2.222994499621048781e-01
2.294377264532740102e-01
2.060857147856790528e-01
2.263629511235879799e-01
2.193261943081242504e-01
2.131954585849441530e-01
2.185457674532017558e-01
2.203473505410799560e-01
2.111569194795852034e-01
2.200498529760217814e-01
2.276974916144275662e-01
2.229182828380883996e-01
2.109447940432261082e-01
2.133525900591529967e-01
2.242177302363654312e-01
2.250531585338965690e-01
2.261938874859690529e-01
2.195858880003595526e-01
