2.444428772480879619e-04
5.244597018178976484e-04
1.017060473964291395e-03
4.358661462195711502e-04
7.087746464900906420e-04
1.194542074829546899e-03
2.545505942786093216e-04
3.335834016300736211e-05
1.341591167316058683e-04
1.261348027956558752e-04
3.080772367140207518e-04
5.338248016788194831e-04
4.354370771228056311e-05
9.274889467453339249e-05
7.827230228361012083e-04
9.103279177951406956e-05
1.116677710971930148e-04
1.824545167898333916e-04
1.813919029414657767e-04
3.141050300096721176e-04
