5.033903533874067165e-02
6.281120412445279078e-02
7.232392344239180204e-02
5.858515907746117413e-02
5.098595496308658270e-02
4.665286629557508641e-02
4.213846813527306889e-02
5.179631725237299200e-02
5.540974820278742746e-02
5.028548077041703618e-02
5.773517050586003674e-02
6.399032075740183900e-02
4.872981542476562122e-02
6.216483039031500679e-02
6.004684359579736536e-02
8.402272274119693130e-02
4.039607562492016080e-02
4.183521572894753626e-02
6.992543758529592979e-02
5.227389780207838954e-02
