1.562632338708712099e-01
1.279896755319930579e-01
1.494047033435502991e-01
1.681025886515554180e-01
1.225315191620961891e-01
1.377914405955639188e-01
1.530395943079577714e-01
1.592788556573663250e-01
1.498782295901736894e-01
1.324962996476673482e-01
1.534509961486836549e-01
9.562825947201986088e-02
1.465267796546478318e-01
1.340292601704817788e-01
1.384919402037976532e-01
1.487850229877723529e-01
1.453641302150683601e-01
1.465948074237486132e-01
1.013101756026258543e-01
1.721552603744625487e-01
