8.712819755551315382e-02
7.138645575446178615e-02
8.868708021698466781e-02
6.088345437906085567e-02
1.135351877543854665e-01
8.938343085814666467e-02
9.954734503388555644e-02
1.153110912929697640e-01
1.014953987509486788e-01
3.674407131313686681e-02
7.082405689661958048e-02
7.771150458270315031e-02
1.068452670005567290e-01
6.857594965156819933e-02
7.771151899594773427e-02
9.040849533876400834e-02
6.241173219599509270e-02
9.328114317319098625e-02
6.422575430880078651e-02
8.547109056753116052e-02
6.592492059758958689e-02
4.710645314407745088e-02
9.669295868173191644e-02
4.717440495927477384e-02
6.813737069649233868e-02
7.301208785063631468e-02
5.200938749636475206e-02
1.311722504568235415e-01
7.530072170415451349e-02
1.160643353224825730e-01
5.329852435433862085e-02
7.921216663832093829e-02
8.712030378084492654e-02
6.800526965828733450e-02
8.276716333745653964e-02
1.234848611827705916e-01
5.015506886659684693e-02
5.900697064700768935e-02
7.187868832526633778e-02
6.518168910382779457e-02
1.203157671874198614e-01
8.485252615621842465e-02
6.190671759931880291e-02
7.040321163762762458e-02
6.277020481757927817e-02
7.679745365120900502e-02
9.744193197994960309e-02
1.099843801786650754e-01
4.467689270819270864e-02
5.745918975135134305e-02
5.366593775940626393e-02
1.271473848351538094e-01
1.064801921504882065e-01
6.189594978260919145e-02
2.208225257702423408e-02
4.888734529302194570e-02
6.310833114711511538e-02
9.668720942238347160e-02
7.067492409309023005e-02
7.089844257447280862e-02
3.528372653869816383e-02
3.461907821967318000e-02
1.165208429953084462e-01
5.362970951676148540e-02
7.737844580798568239e-02
6.888059931912314526e-02
9.404119956524990831e-02
9.832324062735055270e-02
8.918495783238171437e-02
4.468860311105740668e-02
5.114093747636169751e-02
7.097952927893816377e-02
8.665317874084851879e-02
1.123980130037136177e-01
3.481206657829550438e-02
9.924614179355438492e-02
8.917261863759179397e-02
6.896867946122263449e-02
5.880401486759015417e-02
9.661274589690441172e-02
1.267624690248553843e-01
8.801876525772046878e-02
1.406432659774965732e-01
5.972038531279477008e-02
8.700206514561481530e-02
7.281205300144899528e-02
1.382317232374046800e-01
9.485590096638053803e-02
1.093743136360609269e-01
1.024269635860263622e-01
7.462501961800961647e-02
9.638249687043098923e-02
9.451725233259486436e-02
7.954784330321609809e-02
1.125621461066257517e-01
1.144798458903621419e-01
7.278162086714382029e-02
1.057372114916625278e-01
7.930745162440810958e-02
1.171333745486288769e-01
8.090867296265136233e-02
5.331984895147483944e-02
1.013883355111507706e-01
1.318651625803458627e-01
7.138837114565026176e-02
9.848468232064588879e-02
1.017882503792986865e-01
6.978033487645049493e-02
6.388066063059436028e-02
3.431890676417836961e-02
6.727161503598812209e-02
1.321229434400963132e-01
4.816696192078118860e-02
5.250894296003909972e-02
4.837740660325588055e-02
9.782984159983712513e-02
2.778778489407464011e-02
4.877376687832266078e-02
1.161879254617058099e-01
8.206497918080236931e-02
1.165730761388697051e-01
8.502208169512444347e-02
2.980091271128149089e-02
1.207271129570018087e-01
1.170241644133748343e-01
1.071400925866713288e-01
9.970375208588116989e-02
5.888446894511604329e-02
1.172290331085985571e-01
6.657931252700896585e-02
9.103335689364509820e-02
1.047719245043946812e-01
1.261788302303589182e-01
1.004103805739559180e-01
6.487222203289860767e-02
8.945445712913857594e-02
5.357924447664345197e-02
6.596342332333113290e-02
6.925632787814291202e-02
1.303336935845274824e-01
8.586535908104417358e-02
1.307432808429192239e-01
5.935549829326725729e-02
1.616952964488204414e-01
7.169908208225658774e-02
1.283946042215222405e-01
1.208052124666034316e-01
4.513308183517625305e-02
1.522216098662492467e-01
4.910774558750057028e-02
1.292180056553612622e-01
9.401097269267784384e-02
9.792643616755646041e-02
7.943780901613871348e-02
1.088992309392682184e-01
1.161532651033483216e-01
4.394458157823350614e-02
8.473911910140730086e-02
1.367846659662498021e-01
8.799936331629265585e-02
1.086098547770470157e-01
4.903540862100549264e-02
5.937671668250850410e-02
1.068981800226753709e-01
1.367674242905503601e-01
3.761386011201311302e-02
1.260003468548741568e-01
4.828689713412882833e-02
3.504267667763585198e-02
8.126729700603214923e-02
1.352167354078072925e-01
1.042475531803963851e-01
9.898818509253537457e-02
8.389395938019948706e-02
1.259911441035569402e-01
2.728944833718343829e-02
4.641390905349463553e-02
9.236905858609931186e-02
5.152316220759033116e-02
1.124644329073995197e-01
7.783236988137831602e-02
1.519410404843647144e-01
8.869246537741877490e-02
9.247839295302481832e-02
9.009445547909901431e-02
1.290320198736603086e-01
1.555432200455801328e-01
6.116910909331130242e-02
4.606517081750430981e-02
1.010290760677176602e-01
1.003033028441874114e-01
1.994118799381736085e-02
7.402854984497209134e-02
1.355405133552337882e-01
4.098409538885801340e-02
7.796724558557850682e-02
5.715153220707725606e-02
9.156890627822113216e-02
9.463711719649429976e-02
5.276454606013780690e-02
2.632378602832617306e-02
4.888846681612830924e-02
8.981423352751373435e-02
7.569896208556090023e-02
8.285007085768886226e-02
6.632443963749118376e-02
1.466635179625721264e-01
8.846958514887874603e-02
1.002700502069246019e-01
1.204682848148556501e-01
9.001042243626740380e-02
8.104996192827559898e-02
3.583465806725982111e-02
4.351376375965634868e-02
1.088590590658671392e-01
5.969516160583619030e-02
1.308194761019800256e-01
4.029797382572730680e-02
9.900131434184851476e-02
2.184428593195246113e-02
1.436897073086502441e-01
5.488348184650455874e-02
7.681738197204991681e-02
1.238933356204254960e-01
7.162815482407874912e-02
1.089926041011705093e-01
5.308516633124039236e-02
6.615408127928702753e-02
1.037017938043095638e-01
6.023422510504018029e-02
8.070062765622765255e-02
1.433420373154502825e-01
1.082533948412157804e-01
7.469215400492409951e-02
8.074878255143597139e-02
7.289931774384754426e-02
1.416494299547665925e-01
1.567926263086384664e-01
4.313411722306100676e-02
1.209925294331966605e-01
6.582757339019949805e-02
1.131996797569605057e-01
5.713633269783225527e-02
3.961539445889852851e-02
1.681378366917401015e-02
1.225676445036333329e-01
5.378145022321375451e-02
4.841875553833144968e-02
1.143828085033591624e-01
6.329060823425940174e-02
8.093041900020803148e-02
1.096079656762298793e-01
8.037707257744088063e-02
1.190339191669264468e-01
5.086319603362964709e-02
1.561779797675223735e-01
1.210768040741461438e-01
5.038712872192090131e-02
4.791163532657080615e-02
6.756640834686993002e-02
3.938978381218946612e-02
8.402180052754372463e-02
1.031322994911999663e-01
2.810860830610635228e-02
6.685621951995825152e-02
1.242044221108960234e-01
9.789841697984190405e-02
3.232320816083263798e-02
1.089314798845723159e-01
5.265498505917820538e-02
7.734777576277770961e-02
4.322428898874804831e-02
1.128649497924875122e-01
2.572406094446641131e-02
3.434939974036989307e-02
4.691690481839055904e-02
1.454182771840482891e-01
5.837535663717610679e-02
4.710214456031344699e-02
6.362981304438908303e-02
3.374275108369391429e-02
9.419651994569881726e-02
9.975482693584307448e-02
9.521187210646402110e-02
4.555517961598427867e-02
1.024518382985703246e-01
6.674198451866809878e-02
8.417487111578116077e-02
4.626790718182544060e-02
7.555385965693502126e-02
1.274230389741925484e-01
4.277779413588506108e-02
1.432607728272163594e-01
4.267896382688293050e-02
8.343200853785895377e-02
1.085759008258204428e-01
5.418440505937922175e-02
8.773695917739426919e-02
3.305748315674401222e-02
1.058377238702486317e-01
5.849949492220960640e-02
