1.470886090008010905e-01
1.256319376389833375e-01
1.323003963520064385e-01
1.355888033703062656e-01
1.268426035544497343e-01
1.336455832234940688e-01
1.265043497545902673e-01
1.119537368472755118e-01
1.357031502601217798e-01
1.076273451061477010e-01
1.227675568569559644e-01
1.144122441430196896e-01
1.102705386572495616e-01
8.580435705728024776e-02
1.205697031456578472e-01
1.188651474995410101e-01
1.252740113233301311e-01
1.302716100937666432e-01
9.844683158820098645e-02
9.815767644498869793e-02
