1.044980746409424760e-01
1.085081612455862515e-01
1.343623119881398320e-01
1.442499734124963184e-01
1.045546107179824574e-01
1.274985676274962842e-01
1.267886424112722454e-01
1.194630274109886037e-01
1.059891750398042481e-01
1.117901173624549910e-01
1.079146110377820350e-01
1.109021655112531479e-01
1.017862775718276075e-01
1.332744105675010837e-01
9.227670667296380969e-02
1.150061732008744592e-01
1.331313028457237757e-01
1.087492836503623633e-01
1.098204532774683245e-01
1.104909636702406106e-01
