6.120527915521455781e-02
5.558994076631577907e-02
4.896842707223433844e-02
4.662089049585177447e-02
4.259785939380201364e-02
3.339432211157484370e-02
2.895318102158762549e-02
5.046304163608474752e-02
8.087580061690392841e-02
5.881089955972215039e-02
4.396065726137982771e-02
5.759097251669968026e-02
7.091742053675846591e-02
3.968288242153618361e-02
5.316250008573161073e-02
5.864938643477678182e-02
4.856130035371025722e-02
4.885204359233057125e-02
4.939979273101198498e-02
4.258459440963722337e-02
