1.100912103730857100e-01
8.896821003331614741e-02
1.112022298833202361e-01
1.082674519730520007e-01
1.008547850509275007e-01
1.144471141714876600e-01
1.087565796568494281e-01
1.270594513770658684e-01
1.046082558847947208e-01
1.200404282389454375e-01
1.156951141336877154e-01
1.076000819032427586e-01
1.239520295871772981e-01
1.039314153021830972e-01
1.332088910277409721e-01
1.292366527387742992e-01
1.077553606668221614e-01
1.082121690653856383e-01
9.189422429846262619e-02
1.118373876460238697e-01
