1.887240346917218314e-01
2.254591802101099662e-01
1.499375095712702499e-01
2.006820903104802045e-01
1.679087188887897208e-01
2.539978325116765134e-01
2.337273726916807848e-01
1.436199876246240237e-01
1.929453048409271454e-01
1.414071945274653352e-01
2.000630411377624096e-01
1.279383124412825645e-01
1.585158673600520207e-01
1.778762298065562353e-01
1.253485483696948066e-01
1.253582664209320630e-01
1.639337819334974466e-01
1.371047991743573058e-01
1.648470461940080567e-01
1.789616412049567507e-01
