4.381798541803009206e-01
4.106729162842340242e-01
4.100633286945883360e-01
4.386189621353512869e-01
4.338597385095834813e-01
4.367479857935301357e-01
4.230541915901693262e-01
4.231184599603202146e-01
4.369490993383696176e-01
4.386263922537101401e-01
4.357525227717443661e-01
3.880935207311566049e-01
3.701148071433150166e-01
4.274534886368576148e-01
4.183799357536646113e-01
4.368090282236917754e-01
4.393881977430465491e-01
4.070604431542870216e-01
4.080299503447966103e-01
4.412574460625855455e-01
