1.429080676742294775e-01
1.594864259069162793e-01
1.710040210006291694e-01
1.180138683614306017e-01
1.159094667233249581e-01
1.088945091820141819e-01
1.416596589341181933e-01
1.420924718344476201e-01
1.211254572053781370e-01
1.391650436429263671e-01
1.328657176733905321e-01
1.373405118551940807e-01
1.460698520282182888e-01
1.279736418186575020e-01
1.248226613633591220e-01
1.319842240720529858e-01
1.306388810581966820e-01
1.672285459133850127e-01
1.357414343425588366e-01
1.484837547215355491e-01
