9.900355614360134560e-02
1.194602112291621165e-01
1.198364126919028161e-01
1.225816134595182905e-01
1.281836810606959143e-01
1.118683156338776824e-01
1.226643563372747936e-01
1.184325413135483562e-01
1.166289069236868536e-01
1.173985665271613382e-01
1.059527170824509229e-01
1.227355492822864158e-01
1.381225519783054467e-01
1.034300165933242782e-01
1.197820248694277112e-01
1.245228142625996737e-01
1.192807178810376401e-01
1.127567629942075600e-01
1.293702053681707320e-01
1.258786486170027918e-01
