6.832258847844174809e-02
6.595431390732733878e-02
9.595312165925966308e-02
8.853701406295499954e-02
9.592713010626530146e-02
9.132842952800288017e-02
8.955836742811454365e-02
7.388454447860778873e-02
1.210154801501164140e-01
1.060233637808013218e-01
7.170279418512187641e-02
6.515470589816545199e-02
8.784285672141808887e-02
1.111997849894992840e-01
1.025018246040770159e-01
9.004753976380881764e-02
9.978718071740255713e-02
9.360752239497503735e-02
6.776604232669408701e-02
9.568781838542286811e-02
