8.707232421299362923e-02
1.027228356618398175e-01
1.104727665824274535e-01
8.534812485689548256e-02
1.301813440893062335e-01
8.569645241536039126e-02
6.157929064941689706e-02
9.845211426615238515e-02
6.427979643172428148e-02
1.311336211665996010e-01
1.286186082932286590e-01
1.040513770073521888e-01
1.519816242607656687e-01
9.851875622094480311e-02
1.264481362842972412e-01
7.972249640894800427e-02
1.034174613610022997e-01
1.156560606102980948e-01
6.234379618712702908e-02
9.354727026032569337e-02
