1.119600645445913145e-01
9.018928580587201593e-02
8.354134713556600478e-02
1.203559078466619331e-01
1.142220411199057900e-01
1.129999571083014770e-01
1.028068388847210857e-01
7.261167169493701334e-02
8.624113538392044753e-02
7.504804533028394675e-02
1.313976334163607929e-01
1.032106773840639896e-01
6.783246016104550746e-02
8.221306460242658321e-02
8.599897948064655351e-02
1.025274421011758003e-01
1.217103372501130987e-01
7.332754599656572669e-02
1.080465346335139770e-01
8.553980316526478556e-02
