3.179573732727840329e-02
9.394361886488278301e-02
4.690058789310897619e-02
3.777808952020520611e-02
2.918613728687755732e-02
3.772284717717416108e-02
6.608884750111032602e-02
5.153424202447543651e-02
5.479969209644931089e-02
3.604708067401398569e-02
6.541192974995733989e-02
4.629653511137424293e-02
1.240335177307173159e-01
2.192284428892833301e-02
1.106562255364391262e-01
3.432195741673313427e-02
8.720814215325740915e-02
2.273619734148515231e-02
2.510843087658647110e-02
2.960778858532676916e-02
