2.184015516826511849e-01
2.189179138479084297e-01
3.317851168028974063e-01
3.410162200731757243e-01
3.653535652180848192e-01
1.886042832136640146e-01
1.893007319513385078e-01
3.074656788342980396e-01
1.330590377394637591e-01
2.890104158351642361e-01
2.760500095287471978e-01
3.017080920418687140e-01
3.139628238741772326e-01
3.184630339146641287e-01
3.131011138120241566e-01
1.822868518949277150e-01
2.896878165901403124e-01
1.872804463921237395e-01
2.980952814002617024e-01
3.179807622122792776e-01
