3.922605096149567316e-01
3.788799860630563954e-01
4.291431952996118127e-01
3.188614878349686488e-01
4.301857410889919353e-01
3.889041992845877482e-01
4.006002332116752607e-01
4.128183758120305136e-01
2.394632156199033024e-01
2.789876358353917674e-01
2.586096530362181900e-01
4.259441228390512535e-01
4.263085978570514967e-01
3.996407210168290147e-01
3.655548411488602212e-01
3.646774374752116410e-01
3.443725744146954315e-01
3.525289763302836832e-01
3.575054101549572927e-01
3.618278154776158884e-01
