6.466231907564894132e-02
2.447753934059745257e-02
6.477293715362709980e-02
3.630051243947356870e-02
5.174886788722667802e-02
3.493122966669566509e-02
2.074922010151630455e-02
4.953666298648452121e-02
8.585646707449980097e-02
5.655634836812555022e-02
7.455004588011662769e-02
1.625889782685367366e-02
3.658064967333619216e-02
3.008191193566365704e-02
1.099634232050267918e-01
8.543541102717902569e-02
4.247488865422301835e-02
6.382105224759770934e-02
1.748104588217633606e-02
6.000702585184507221e-02
