6.042482011518417462e-01
4.413799720882355393e-01
4.769437851958579500e-01
3.494897121321601241e-01
3.809732274606466573e-01
5.294278652819237596e-01
3.460235694640115267e-01
2.949509203759908549e-01
2.522139992371708606e-01
1.721709349096976760e-01
2.861470443892339954e-01
2.341869699391928850e-01
2.859047827823440469e-01
1.261659392075546449e-01
2.069760909021804429e-01
2.215459435357635398e-01
1.764106231856106266e-01
7.708597592571257706e-02
6.462324758646839640e-02
3.866186531859306524e-02
1.656526456593506447e-01
8.522313875496735636e-02
5.647238086462840617e-02
1.445866312273934307e-01
1.244144339989193687e-01
4.512719368345357446e-02
1.323339780112094133e-01
5.959669574493240557e-02
5.869755317740373013e-02
1.548423643755134083e-01
1.532669589068938742e-01
9.417897409703240852e-02
1.408869289252443480e-01
1.058718713282291862e-01
4.676302767504066787e-02
5.771448951546500478e-02
2.160982574984177465e-02
8.513822114314677225e-02
1.009045887599441527e-01
3.927891469071247837e-02
3.979804123991419890e-02
9.462889303042781863e-02
2.818962510978270664e-02
4.197019397812772057e-02
8.491893607610653122e-03
6.034396170984441393e-02
4.934700181109234751e-02
1.033515113458717133e-01
6.396378443691748406e-02
3.553663815124544212e-02
2.269261258105566281e-02
3.593304438149036439e-02
2.226490987060585069e-02
3.673447988365011185e-02
7.637678308620060585e-02
3.840004438368044282e-02
5.315760399090790900e-02
6.042030275671233380e-02
1.025198142298419483e-02
3.310354545773399465e-02
4.504616683845701075e-02
2.897807205646574930e-02
4.173859807124803006e-02
1.615758519328784268e-02
2.533655643118092396e-02
4.468925762302552313e-02
2.404973788590127406e-02
7.829752261581831435e-03
4.313884749764863163e-02
4.103493082287361371e-02
2.398623081813213570e-02
1.752632086704855943e-02
5.479649216986471477e-02
3.412365328236539874e-02
3.076492618424315345e-02
7.147524236089945748e-02
1.709405273809472964e-02
8.145661813352475522e-02
7.455896502515804714e-02
1.667669220366763475e-02
3.089289956374474330e-02
2.516995977693352315e-02
1.059792844177376986e-02
7.327980732182711593e-03
4.711162432242550768e-02
2.887767206336291914e-02
1.079796455815777365e-02
1.221378967937047227e-02
4.445061382427833996e-02
3.846537491231943190e-02
3.091185946116350308e-02
3.872283233405021674e-02
3.217797922234608837e-02
1.235894952016775537e-02
1.343557121622156354e-02
3.119423158565706386e-02
2.991369530785553676e-02
2.865826660300341971e-02
1.372295465741604249e-02
3.988192919353444887e-02
1.977928097936316326e-02
1.335928684503489942e-02
3.941332789470708420e-02
2.516402809564101395e-02
7.460373218872383937e-03
1.126756569719226594e-02
1.715723015032947704e-02
1.923651267513577096e-02
3.314346268504294452e-02
8.105632628659363917e-03
1.832258986987987323e-02
2.282851436667129169e-02
8.455883862179797150e-03
7.773572837244411247e-03
4.608026833674550710e-02
2.144026716720725395e-02
2.384930945517366868e-02
2.040979890236711836e-02
2.274466003766513825e-02
3.382244759215381757e-02
1.315210828418371912e-02
1.461140324304802812e-02
1.775550396703871880e-02
1.955300568004691639e-02
2.219603273177957539e-02
2.575316866339493610e-02
2.418429365679037116e-02
1.358983735466932213e-02
1.134690459977614162e-02
9.217172352322318060e-03
2.904216308401647711e-02
9.141560428447357417e-03
2.387012803993890722e-02
1.577582685700618798e-02
1.190199807199818910e-02
1.127967888995205434e-02
1.711799964401097482e-02
1.571782177591788884e-02
1.222178006476268980e-02
2.068359338334893605e-02
2.077067013459590883e-02
1.812743345338564335e-02
2.752277712173455473e-02
2.047950496001371690e-02
2.413699450363207197e-02
8.606994106524568436e-03
1.159299427371996913e-02
2.106230942363520806e-02
2.797343495969764268e-02
2.877720770188201341e-02
1.451859714510115099e-02
1.061252095162582183e-02
1.405719912446271383e-02
9.328903729786891877e-03
2.231014009895723044e-02
1.115366155434576075e-02
3.676568684694506151e-02
2.128771917726282256e-02
1.121494281919367848e-02
1.632234266483875706e-02
1.667807147752353725e-02
1.815069214696025252e-02
1.809359675851136828e-02
1.632996040943500426e-02
8.004073145866872838e-03
1.540656711715012069e-02
1.496974140090687015e-02
9.293227422172813459e-03
1.042448225545280528e-02
1.922988234625937209e-02
1.979804668582499719e-02
1.534925939125687984e-02
2.403116981493845505e-02
1.023472764062317332e-02
1.984081125896374961e-02
6.336831827366815918e-03
2.091910008724833653e-02
1.909868226995290602e-02
1.032630585571808410e-02
1.427036441622716971e-02
3.685162816952974180e-02
1.509859354703792754e-02
1.129392015056596490e-02
1.389468958856212785e-02
1.049219883273042053e-02
4.644583148018873071e-03
3.553492966024464350e-02
2.453321361689581037e-02
9.176359781959931086e-03
3.512850443357222463e-02
2.087147443035660202e-02
1.701796167489710507e-02
2.786453515160267416e-02
1.012152426809513270e-02
5.792570612472246021e-03
1.707521848008215770e-02
3.385731006288967421e-02
3.753344770425918325e-02
1.721003537867191874e-02
1.244530650733410154e-02
1.720995818353748472e-02
3.749371488909439276e-02
3.353482047246732212e-02
1.681624081781193589e-02
5.508880766095905317e-03
9.578921111792893309e-03
2.636548756819161524e-02
2.038552756171320077e-02
2.016118584440352440e-02
3.560782000868221303e-02
9.684099027813832666e-03
2.289914411499305996e-02
3.707043643942867228e-02
4.005627593924302420e-03
1.045137444398728382e-02
1.238411363264935519e-02
1.190204810193064636e-02
1.487791046481440858e-02
3.558695078896541297e-02
1.493951554470843157e-02
9.428478275952369148e-03
2.173075319867604285e-02
2.088742088521656354e-02
6.457481595832921355e-03
1.964819555040923232e-02
1.083020931667361825e-02
2.484415808842857856e-02
1.495669779399905891e-02
1.993255949573326941e-02
1.944583123914381956e-02
1.068063617095193346e-02
9.482574596118275093e-03
1.502222186914821747e-02
1.135825199436456268e-02
7.772574150794638904e-03
1.569230367392188130e-02
1.654211974785805422e-02
1.697407323546670094e-02
1.437118255046559122e-02
1.642984221830365646e-02
1.384103373792101681e-02
2.339512516834775860e-02
3.662377005670677810e-02
1.274859358770980867e-02
2.124583990459393695e-02
1.054413922299712522e-02
1.312260015532547459e-02
1.058638433593396197e-02
1.477662833498495816e-02
2.917043097869635032e-02
1.335696684250865275e-02
2.196944994994572478e-02
1.122166748280838122e-02
7.767579245776870360e-03
2.151199517223359101e-02
1.961615440496522825e-02
2.719752206119149460e-02
1.610277055719938274e-02
2.191368311080180500e-02
1.971445116853749041e-02
1.246734061769578898e-02
1.364571836184446177e-02
1.581503877653511053e-02
1.146660451152557540e-02
1.048107615102329519e-02
1.349491938153575717e-02
2.269033118068765689e-02
9.701023438595397438e-03
1.937163502207801466e-02
9.711018204180793881e-03
9.125951336219323418e-03
1.439772659500761567e-02
2.095367432938785232e-02
2.215985315120189494e-02
2.421051668622335729e-02
1.341070219388451439e-02
1.480205047979522154e-02
1.353689223208548106e-02
1.052666345337715387e-02
2.317770131323045393e-02
1.361737923875445261e-02
1.623170743770278174e-02
2.082453323682477084e-02
1.128563213051304685e-02
2.538050619665212920e-02
7.657632651690839468e-03
9.233737796639208267e-03
1.586088823723200841e-02
1.447115443498278933e-02
6.677146825477926588e-03
2.682644204589250750e-02
1.596296516933140217e-02
9.857002592094507229e-03
1.083477724984252197e-02
6.171650144080829611e-03
2.097252582423387093e-02
2.141283723589571669e-02
1.174760098336402776e-02
1.757951192760988032e-02
1.636883248672405672e-02
1.045793268130247936e-02
3.275709421262525817e-02
2.387403677810160177e-02
2.571234215000493470e-02
1.055284346363226204e-02
1.037903526192567386e-02
2.153113512933784585e-02
2.159633502985255915e-02
2.771742752024531839e-02
3.111053167608060152e-02
1.778041668967981700e-02
8.801515889963534497e-03
8.646621008874364953e-03
2.109964061594922849e-02
2.794488683437124435e-02
5.172661174124307260e-03
4.690640016281060962e-03
1.082869939749097309e-02
1.877805700006155570e-02
1.172729356864719158e-02
1.763511806198685139e-02
2.582839162780128234e-02
1.022030409144913943e-02
3.533750882336562926e-02
1.250234084202171865e-02
1.833004132767845212e-02
2.352857375661890349e-02
9.784009986061043343e-03
8.161522570304826849e-03
2.102458263716677767e-02
2.199464481788089218e-02
5.327943181589123861e-03
8.801706762755327068e-03
2.496925773991493652e-02
1.440365051133504770e-02
7.539437720777779003e-03
2.295609801000966094e-02
1.624457297697652625e-02
2.492710806434286427e-02
1.529967597793028405e-02
5.664696034386820962e-03
2.984930093396729114e-02
2.481801519427490055e-02
1.332735572448683417e-02
2.483585070532517633e-02
1.525948300912273112e-02
7.650262716989051151e-03
1.263617463249512227e-02
6.897257115139745348e-03
2.431435590383811476e-02
8.752737980343814825e-03
1.960986241554776854e-02
1.805364503730988099e-02
1.401634468031230651e-02
3.901787830532320311e-03
1.532436718205915441e-02
4.063593554025468624e-03
1.798931079844640069e-02
1.080400377990110503e-02
1.038080506496348067e-02
1.171384042617788605e-02
2.687340939021023653e-02
9.916282256064464992e-03
1.492775509221608288e-02
5.284456088946842822e-03
1.657192754283927372e-02
2.277639692465054794e-02
1.219154038906782901e-02
1.484582193062551625e-02
2.246044670356300496e-02
8.140097068098357466e-03
6.512865095047211048e-03
2.029057345527652059e-02
5.696325395788881182e-03
1.174705254561995461e-02
2.135203463901463872e-02
1.021196801145538013e-02
7.802497045361687748e-03
8.564465642445642096e-03
3.523772113092552786e-03
7.195757832336059125e-03
6.018582314252950670e-03
6.686720136064697000e-03
1.524040391882139529e-02
8.510320306283432681e-03
2.949088081985136445e-03
5.305599184570419964e-03
1.730014569043280756e-02
5.302484700217381143e-03
2.844030123231436336e-03
9.217469637372244229e-03
4.675624291838749967e-03
5.216022625611332550e-03
1.162149166232345765e-02
5.267973921460381535e-03
7.838391177586756173e-03
4.803816039464833994e-03
3.546917828856342193e-03
7.130929694468685076e-03
6.098403859770553000e-03
7.113333891526488380e-03
3.527888396997353251e-03
4.765478937766735867e-03
7.763526478393120017e-03
5.201741291204757534e-03
1.144582906210221511e-02
5.119091781351682233e-03
4.583738072952483859e-03
9.024713644173582711e-03
2.775014426212518096e-03
5.157247340612095172e-03
1.691282971284337189e-02
5.150175278668327021e-03
2.847927056113902684e-03
8.240877879236255601e-03
1.473653145533674637e-02
6.465675196991409884e-03
5.753602492802979002e-03
6.918332011750191225e-03
3.349347161099468749e-03
8.210417210122299136e-03
7.475813672218020386e-03
9.811885719995758551e-03
2.102901243873991563e-02
1.129981442374294875e-02
5.339538964824039682e-03
1.974581523872172978e-02
6.161123409787443682e-03
7.747013970544360667e-03
2.175081888838136315e-02
1.407709018504577081e-02
1.178144044056430965e-02
2.193002412023047076e-02
1.563690059780273311e-02
5.044091189499217212e-03
1.418717337375167975e-02
9.306102938052536813e-03
2.727973951730540414e-02
1.144051210655803487e-02
1.021344276087176109e-02
1.027074270121450771e-02
1.778242995712488866e-02
3.646785320355818739e-03
1.490179559866872984e-02
3.412905450859524993e-03
1.374303660081217099e-02
1.791503340831084728e-02
1.936767951756952419e-02
8.350993986835890046e-03
2.382974947030395280e-02
6.493916107810290828e-03
1.288443270785738157e-02
7.289969885113815884e-03
1.488936648166519841e-02
2.497118928533371973e-02
1.299950415660328963e-02
2.454983460788408289e-02
2.991392986215015218e-02
4.997847934744225305e-03
1.507750133639355720e-02
2.509172781109942144e-02
1.537730889186216150e-02
2.252368171077999762e-02
6.900759070308140619e-03
1.413637572279195266e-02
2.590232083417651557e-02
8.311624028516251955e-03
4.912466738272534134e-03
2.228741154166496291e-02
2.045362912878268338e-02
7.768765009773366537e-03
9.807962084367195452e-03
2.509605444417031470e-02
1.956236976152455481e-02
1.336602548627625897e-02
3.613779516182680923e-02
9.640730977642576402e-03
2.561285252353968922e-02
1.733379395704469708e-02
1.150467814833456767e-02
1.971031441337354334e-02
1.136777397969259383e-02
4.384992315003171867e-03
4.797475896616209927e-03
2.894463413780686348e-02
2.135687461914804672e-02
7.940151495236226487e-03
8.708127811472714946e-03
1.857743634443123279e-02
3.316651095715417163e-02
2.837713698340033411e-02
2.226573938910957756e-02
2.213991935486554069e-02
1.019762388988192103e-02
1.014421841213689057e-02
2.683533853230085989e-02
2.358813833714035885e-02
3.126070043811408211e-02
1.073762904916062376e-02
1.834199948634920169e-02
1.742709836557937084e-02
1.196161978357233695e-02
2.263581486227278158e-02
2.194304114633405592e-02
6.054004964472015256e-03
1.081865688175824569e-02
1.015677086481876074e-02
1.631090334675738829e-02
2.794811515163990803e-02
6.519237296176138945e-03
1.419291427563011861e-02
1.633151350635369051e-02
8.901918749169988182e-03
7.690027786765287789e-03
2.891553335572860997e-02
1.197825637221675531e-02
2.190205700695047400e-02
1.671460084186479275e-02
1.492980831776509476e-02
2.551080506231938674e-02
1.078140870110930356e-02
1.382670215991108759e-02
1.537735850530469288e-02
1.435708139196506354e-02
2.328238360408400529e-02
2.343442383633519144e-02
2.191357727214358897e-02
1.402256677258070967e-02
9.722386286439845329e-03
9.452919551392439251e-03
2.086732933067383250e-02
9.434325881377519929e-03
2.284583900597999054e-02
1.398104087121534479e-02
1.093382630800687066e-02
1.137185744822286071e-02
1.629863623370545259e-02
1.379604995695478745e-02
1.225384438056210598e-02
2.018162057469817180e-02
2.133864473913064247e-02
1.661363522737524870e-02
2.727119116435375995e-02
1.997991904955780801e-02
2.255267361168783805e-02
8.182475502581502275e-03
1.140805392476020204e-02
2.135698632114986159e-02
1.614227911860882658e-02
2.873688197619803097e-02
1.457222620523271166e-02
1.058622441737576414e-02
1.313837165314606092e-02
9.290775014543494262e-03
2.182950720421790100e-02
1.180241811117644507e-02
3.668170160922983730e-02
2.221689269958687998e-02
1.223514907645775057e-02
1.626019417667991587e-02
1.542342304520158240e-02
1.725441208757075295e-02
1.735540339265787338e-02
1.605606271399448448e-02
7.895113744241072026e-03
1.271912310036359475e-02
1.493977577079664588e-02
9.369264063117698979e-03
1.048672737094669995e-02
1.929237376079316960e-02
1.985165991733588847e-02
1.518689893845270519e-02
2.435062858889762774e-02
1.045680340290593667e-02
1.974404739352853336e-02
6.373541159723571103e-03
2.089041137426565775e-02
1.969583974981306898e-02
9.991704889026967185e-03
1.449876189211869726e-02
3.638448438331548518e-02
1.492688181305376269e-02
1.144761426568039440e-02
1.335352222196095617e-02
1.043723825045708535e-02
4.402495476489381131e-03
3.581588047949376546e-02
2.396088095841165597e-02
9.224725048438391778e-03
3.518769289193025840e-02
2.057576512187435369e-02
1.757557713771459862e-02
2.735913335705722829e-02
9.938499225270075108e-03
5.696905705327951798e-03
1.698843477628451601e-02
3.374969118697498938e-02
3.752020135512952603e-02
1.721000965080613648e-02
1.244530654392294461e-02
1.720998392002921068e-02
3.750695707705695853e-02
3.364219461207948458e-02
1.690211009467667766e-02
5.602345677383204110e-03
9.757638681004357842e-03
2.685947570314851582e-02
1.858047990396208271e-02
2.033582892903578604e-02
3.534381562084434186e-02
9.379435473976203974e-03
2.341686072183341363e-02
3.631208017216010220e-02
4.188753875609713996e-03
1.042260414049457108e-02
1.285128459207833876e-02
1.164873108058201399e-02
1.484938393886574282e-02
3.596526162521565539e-02
1.472184461015621157e-02
9.694374737578651327e-03
2.055248141488662250e-02
2.088120931167736921e-02
6.414241802756968751e-03
1.968268303859967844e-02
1.065399407974777085e-02
2.461769859756902934e-02
1.505912761920488556e-02
1.989571528607177522e-02
1.936625513950818167e-02
1.057486741243895967e-02
9.431192023826093576e-03
1.496299166521802317e-02
1.177726383008872307e-02
7.823017102185419666e-03
1.585123123781325902e-02
1.687665776790189462e-02
1.701269651789031820e-02
1.476682239403990203e-02
1.632876851774034410e-02
1.309944535214090967e-02
2.288791984359333370e-02
3.664271287162244178e-02
1.232248499901167360e-02
2.149369533884180200e-02
9.689216408347845616e-03
1.304920643866697497e-02
1.058283975036634558e-02
1.467696086069283229e-02
2.894642195412289176e-02
1.411260039757197479e-02
2.167300871706864460e-02
1.129622482015175955e-02
7.932399789044867339e-03
2.187648172777107228e-02
1.974720112195437263e-02
2.719970736498991334e-02
1.623194098500081728e-02
2.168283143448608910e-02
1.989737420997935921e-02
1.236700676968117453e-02
1.361136380118561744e-02
1.597886213129345867e-02
1.142850228282158050e-02
1.062370402924638253e-02
1.361249145029831166e-02
2.269470895416356854e-02
9.597454416465072552e-03
1.972003004028108006e-02
9.607524265122907234e-03
9.303633516878998325e-03
1.425382237343543468e-02
2.125126201184818556e-02
2.259106493728566672e-02
2.385600044719440524e-02
1.363243429108060463e-02
1.494334144919603341e-02
1.362064058865101145e-02
1.055064773963189893e-02
2.384596153847323013e-02
1.394272678798500614e-02
1.631265678754481238e-02
2.119156921275718031e-02
1.140038047261400338e-02
2.635348750230026918e-02
7.667142961564803530e-03
9.112655741001377332e-03
1.591395779320339127e-02
1.429322514844802959e-02
6.588014808096025535e-03
2.712321035757132501e-02
1.602608178587069596e-02
9.884440627070530463e-03
1.081467600541213651e-02
6.105870649835512878e-03
2.126048035155076246e-02
2.166348078604429794e-02
1.179494957561150019e-02
1.747770366066912079e-02
1.686282721303609261e-02
1.051093435441135919e-02
3.224498085407708631e-02
2.369089450652434037e-02
2.603680357043180321e-02
1.037818028693468161e-02
1.028573282678255270e-02
2.163201280665166815e-02
2.169145853288254391e-02
2.790701987063357731e-02
3.176086550461897084e-02
1.791712073113075829e-02
8.741922875184854336e-03
8.397873042142282862e-03
2.111735671282004984e-02
2.814778397397165940e-02
5.039468518808522257e-03
4.577736254182093560e-03
1.094152696018671662e-02
1.900511917461955927e-02
1.162860751054721996e-02
1.747167669155254635e-02
2.566053126555543906e-02
1.001934019639398078e-02
3.546247035255103291e-02
1.271208945957237949e-02
1.864623026783171836e-02
2.391098179349513547e-02
9.765198529267467634e-03
8.023573822362120231e-03
2.080413703971548470e-02
2.202410287948334058e-02
5.195401965729934055e-03
8.640176171900600804e-03
2.519133997475048181e-02
1.429875465323490573e-02
7.342823392227750337e-03
2.279029987994110606e-02
1.596858897227830532e-02
2.493156074664885230e-02
1.520798334630322698e-02
5.465607613111803445e-03
2.981907436255557681e-02
2.470189812143702007e-02
1.321238203030384792e-02
2.482818017548786560e-02
1.513421890483804093e-02
7.538767626350033509e-03
1.268488890553919057e-02
6.776670992065345067e-03
2.415685686670816096e-02
8.630733710037700318e-03
1.951756223998287951e-02
1.799453546900216944e-02
1.392647560612313672e-02
3.763830691741777701e-03
1.519404718038522631e-02
3.946053389133796080e-03
1.791563652310533203e-02
1.065089614355125072e-02
1.032695375708072433e-02
1.163090540198137048e-02
2.696272604935835010e-02
9.746467149152735279e-03
1.472199824364076558e-02
5.217409628999752566e-03
1.631574242539468589e-02
2.254143053474748012e-02
1.207713065779791352e-02
1.463598474178417520e-02
2.226462215564993866e-02
8.033598404626680553e-03
6.417830616032673893e-03
2.014011747765899474e-02
5.600912386552717344e-03
1.162725134542576949e-02
2.126278086406743761e-02
1.010617575696478622e-02
7.716264485643830294e-03
8.471063017443479851e-03
3.478044104391937383e-03
7.123308603040268833e-03
5.949567766458434270e-03
6.629241113654238057e-03
1.510955883755795391e-02
8.440579762373457903e-03
2.922987600487106808e-03
5.265721723362279047e-03
1.720085585453932572e-02
5.265312500236778506e-03
2.826397214627779115e-03
9.168258449142863836e-03
4.652272641689355129e-03
5.191414981116598652e-03
1.157694916671593750e-02
5.251237056544630702e-03
7.819511708731923319e-03
4.794167733753339558e-03
3.542139451496778470e-03
7.126521900438977097e-03
6.098403859768312604e-03
7.117724010738017866e-03
3.532624797116383584e-03
4.774999466123634739e-03
7.782080295937985302e-03
5.218122013430890466e-03
1.148912371294011532e-02
5.142953379782199200e-03
4.606333669474561507e-03
9.071894459812532285e-03
2.791894800450027934e-03
5.192707229482719684e-03
1.700723758362563537e-02
5.188027267334055503e-03
2.872423892273272446e-03
8.305911797025852458e-03
1.485774112677830730e-02
6.518774141156016312e-03
5.817152299402413365e-03
6.984682181426406754e-03
3.390897539138069180e-03
8.294203234592303908e-03
7.553077922557923339e-03
9.906333598875211380e-03
2.110159682576577891e-02
1.140395267941927797e-02
5.422788811058648628e-03
1.986840878308359509e-02
6.242297124210076202e-03
7.837449146822569532e-03
2.191071407511373248e-02
1.425253316397546120e-02
1.187271994306284689e-02
2.211950418673481675e-02
1.584945372348747078e-02
5.097636184334771413e-03
1.435292545744291243e-02
9.442472537570413896e-03
2.716684502669383661e-02
1.149523520440304258e-02
1.024414263832088522e-02
1.038568750637528480e-02
1.781386040074750196e-02
3.738664399168237576e-03
1.498475368482965128e-02
3.520622644172042258e-03
1.379157283174991568e-02
1.792743532191029901e-02
1.939923752225875681e-02
8.431746162871090258e-03
2.391804818623752618e-02
6.576790202043896263e-03
1.281055311579641816e-02
7.360689842390607043e-03
1.495243191906418280e-02
2.490048149532227834e-02
1.305193612764640916e-02
2.457330682999729274e-02
2.985696960457396437e-02
5.135657578155629344e-03
1.510115858523921294e-02
2.501882212249563822e-02
1.554167182447836748e-02
2.258115532729202193e-02
7.027655366116714909e-03
1.416997671719526057e-02
2.566099634283396450e-02
8.399886712108022360e-03
4.991321116585183300e-03
2.217742059174190872e-02
2.052935163878224709e-02
7.832487630964495018e-03
9.781120733015177121e-03
2.469888411839061756e-02
1.926392665533638304e-02
1.314631152029512723e-02
3.587618453320685907e-02
9.737679876434698206e-03
2.557040916537777625e-02
1.733433365140331708e-02
1.152448415755079683e-02
1.947530404874850060e-02
1.121614177747683010e-02
4.430910096854475538e-03
4.858428152084887791e-03
2.866013063217653575e-02
2.125686346812288505e-02
8.056982998235675403e-03
8.702475795673519574e-03
1.832981250604810361e-02
3.276836950015556138e-02
2.823560868733978810e-02
2.204428634831155295e-02
2.195113434076809839e-02
1.020573707593221136e-02
1.018881500507620372e-02
2.659542748678423232e-02
2.357363533464851973e-02
3.152375873547290375e-02
1.065695152349072777e-02
1.785663586575933146e-02
1.741770659893993045e-02
1.190569129112611056e-02
2.229374448082164367e-02
2.174170587693332463e-02
6.055919794285329234e-03
1.081146862560984634e-02
1.004758907190415017e-02
1.621015277117995521e-02
2.769000624275783085e-02
6.521928103405489653e-03
1.418249606065427257e-02
1.617121997413608139e-02
8.955598494898032655e-03
7.683373328219920279e-03
2.812457248556282999e-02
1.176737957735271567e-02
2.171140990676917806e-02
1.657227516699944642e-02
1.461163045287445020e-02
2.501177328536595065e-02
1.069449662640718085e-02
1.376629090847817857e-02
1.524013731267371587e-02
1.412115359260882573e-02
2.342381301289928053e-02
2.320740290131163147e-02
2.172568533337376068e-02
1.407940425686238402e-02
9.600726865722475009e-03
9.489413754734710854e-03
2.049371639246154106e-02
9.474022531029727481e-03
2.278957999185681274e-02
1.386544497929158293e-02
1.084710238468670866e-02
1.138527520145443672e-02
1.621319131621835191e-02
1.371706308613250026e-02
1.227594930310011746e-02
2.011283705941553993e-02
2.142036482680045872e-02
1.649771770320909020e-02
2.724775349709947572e-02
1.992033325072317326e-02
2.237595136664574658e-02
8.122621624555558320e-03
1.138145709245983080e-02
2.142057986890896423e-02
1.551880532713431800e-02
2.877227243856574079e-02
1.459228843976664684e-02
1.058451940106994518e-02
1.309262939958902652e-02
9.336600638503091132e-03
2.175313931985425886e-02
1.191540196375843672e-02
3.667145352239178924e-02
2.236788609533019861e-02
1.241926302741997931e-02
1.626840214771515733e-02
1.526041622216100374e-02
1.717714258097408422e-02
1.724391133434690151e-02
1.601049865321830731e-02
7.878384700324562659e-03
1.245758701842415717e-02
1.494082329639835442e-02
9.382644274456636985e-03
1.050259700122855612e-02
1.930646260767234987e-02
1.986114755151843075e-02
1.515892716207425245e-02
2.440779926579141404e-02
1.049809455536218281e-02
1.972925488916995457e-02
6.381415904944727317e-03
2.088715769645739170e-02
1.984482117861295289e-02
9.929463175665868488e-03
1.454380796218866095e-02
3.629705200207702237e-02
1.490354642320356263e-02
1.148391125904446065e-02
1.325009154404276079e-02
1.043100451101991455e-02
4.357432289624273841e-03
3.589663077642686606e-02
2.384987902456887562e-02
9.246081807536964126e-03
3.521085171338076553e-02
2.052305248939608265e-02
1.773316088376436853e-02
2.725874470902120081e-02
9.902154651262437893e-03
5.677905623369772919e-03
1.697113323567566931e-02
3.372818208340512547e-02
3.751755230897036580e-02
1.721000493079332533e-02
1.244530664026149633e-02
1.720998866493564719e-02
