2.441298502876462495e-01
2.555532650147419038e-01
2.483588121735275100e-01
2.449483429080243635e-01
2.395097953278352565e-01
2.482972035985757941e-01
2.383312804319319966e-01
2.197053186297163452e-01
2.342935678506716246e-01
2.308929299758956111e-01
2.511045831343458046e-01
2.427649696786407518e-01
2.454103277443148989e-01
2.550193953545263903e-01
2.194387084269981691e-01
1.925641901903669961e-01
2.411287829060068666e-01
2.408980789033079439e-01
2.107600748546072100e-01
2.151977300503293278e-01
