4.017812116695234498e-02
2.970522461827920443e-02
3.322972689717372530e-02
3.920971641661548379e-02
3.966019956290869897e-02
4.225041690228464875e-02
4.362986342789165056e-02
4.238969000499247936e-02
3.666936105476441277e-02
2.823564925939357068e-02
4.187078671399091512e-02
4.253185110896543636e-02
3.346127162219953571e-02
4.088267199418151726e-02
3.416843957647251045e-02
3.935485843812588924e-02
4.125517157527459899e-02
4.244419567779763452e-02
3.936588006680617757e-02
3.877589876444395567e-02
