2.529803623693989700e-01
2.307686864556194872e-01
2.507313387177458330e-01
2.171620291098168010e-01
2.094364797342326279e-01
1.992425574856573622e-01
2.103634769199352328e-01
2.483163239600780781e-01
2.517960179196190862e-01
2.471772807647844017e-01
2.471548239325676577e-01
2.208733892031095047e-01
2.365914038048027579e-01
2.305018554033196887e-01
2.340080333971522597e-01
2.455895698304145225e-01
1.564444469943189198e-01
2.376292261331870437e-01
2.147279562399452835e-01
2.447938441904541629e-01
