1.986037610227786854e-01
2.340796364766652982e-01
2.083440326138117360e-01
2.419845695144875464e-01
1.897721009315096741e-01
1.972487064111728416e-01
2.317589181354748618e-01
1.941968692783350992e-01
2.170944175575677260e-01
2.387250560114005937e-01
2.194224738318497903e-01
2.175624728962842203e-01
2.504272647002639962e-01
2.201235559970067535e-01
2.522548152158419765e-01
2.517666903975511183e-01
2.249602897326449802e-01
2.557723464794971480e-01
1.763821217228259686e-01
2.500972561811291572e-01
