2.465543337464588813e-01
2.001625054678238813e-01
1.700129833119147227e-01
2.216090595427494536e-01
1.946603906598642075e-01
2.571575506994323024e-01
2.499913123886958188e-01
2.150962661852636182e-01
2.165074767889586249e-01
2.349567714724731249e-01
2.003850857834391652e-01
2.424834442742880569e-01
2.320346090112540560e-01
1.966499359611672271e-01
2.355518594461617488e-01
2.267798882611280487e-01
2.281005953187896507e-01
1.933767350746821156e-01
1.787389169439032588e-01
1.964735581518116114e-01
