1.204754744329979421e-01
1.170323862937109743e-01
1.203820851466980563e-01
1.204822936504696962e-01
1.231794963253175224e-01
1.172873127447908032e-01
1.182359917774040425e-01
1.201171519152566675e-01
1.192522849594219864e-01
1.223849990399968751e-01
1.233364892967870052e-01
1.162336728334164432e-01
1.297754155782502028e-01
1.180335240716077067e-01
1.132537924721951778e-01
1.218364597652505099e-01
1.233760621959808790e-01
1.110365184445121084e-01
1.067936333571422453e-01
1.217015467284523478e-01
