4.497150404380063915e-02
4.405449320587121603e-02
4.293084356127143536e-02
4.659191149393810544e-02
4.495155088167936130e-02
4.416851603016087174e-02
4.695422282374184936e-02
4.666840704932546241e-02
4.715152795493884885e-02
5.002718978373833086e-02
4.477246565520648369e-02
4.689828140424258385e-02
4.865440257788072181e-02
4.045345575827281187e-02
4.627472199814144926e-02
4.870972484163300226e-02
4.847140036673596580e-02
4.242829146972959542e-02
4.231330177419562188e-02
4.938595024406958189e-02
