3.186212773962754374e-02
3.447582514975223306e-02
3.433625537009442341e-02
3.750387823222571526e-02
3.632455880507048929e-02
3.357006378097691923e-02
3.421114143785810441e-02
3.687681293976964592e-02
3.515621135933264668e-02
3.151845740128515067e-02
3.624032466922722656e-02
3.636150658399368157e-02
3.245712404594317674e-02
3.241510756528596243e-02
3.111210069457112648e-02
3.090882008913097001e-02
3.868405767805976891e-02
3.097766960683920323e-02
3.059082370191386346e-02
3.378398805647538083e-02
