2.200617129004190098e-01
1.892705835813118243e-01
1.996738340074432350e-01
1.970026791984853254e-01
2.308696080611872536e-01
2.267939301606534397e-01
2.263399953002239451e-01
1.541680900434325430e-01
2.053104172775743752e-01
2.247100018133888766e-01
2.211931431578579299e-01
2.038661080885764698e-01
1.826281549806264837e-01
2.219929848567958330e-01
2.367882616252657835e-01
1.665214027209920289e-01
2.249045811282442131e-01
2.483892277629653478e-01
2.214640699725519135e-01
1.923815890073080070e-01
