2.537909079277614888e-01
2.130391574948545530e-01
2.524641314423804461e-01
2.298508581876197165e-01
2.465982920083350238e-01
2.353441888325990550e-01
2.285961993921905022e-01
2.527318643862202507e-01
2.468374243527602929e-01
2.111021991335803039e-01
2.359695751360175731e-01
1.875778036526840054e-01
1.791844738897852285e-01
2.179994327528313180e-01
2.513711604631285179e-01
2.488835732538977052e-01
2.055995538295898872e-01
2.401906067030182557e-01
2.404330914445991507e-01
2.592318802961538493e-01
