7.913319348696859490e-02
7.877971743511100189e-02
8.609898234487735336e-02
8.618965750060368636e-02
8.422210457169757025e-02
8.583237300085644339e-02
8.846088804977446374e-02
8.703564792931216265e-02
8.138219958102302365e-02
7.879813593471565736e-02
7.590474597288572600e-02
8.724129836683966466e-02
7.992330510430256663e-02
8.573108821656574841e-02
8.628663950020044882e-02
8.528407515099015179e-02
8.260734351753111493e-02
8.617924238597862718e-02
8.425735888732821532e-02
8.423818009740521862e-02
