1.804309889791996802e-02
6.787035275356558157e-03
1.570664594534110919e-02
1.880035978276735006e-02
1.714769400903303972e-02
1.470347520026619309e-02
2.083931615470621321e-02
1.772470154680437157e-02
1.682350057628754017e-02
1.781929696945658975e-02
1.499257984344289085e-02
1.868058428715458144e-02
1.800798166500243783e-02
1.973222556383230630e-02
1.746301071426860016e-02
1.681923817323047882e-02
1.901130072188702766e-02
1.685913886956179678e-02
1.730645418445505776e-02
1.496895538752366153e-02
