7.896643525997538993e-02
8.421116871249430258e-02
8.345295429917291841e-02
8.647588565881100808e-02
8.361055022399953296e-02
8.646754717932482459e-02
8.451212258148217693e-02
7.108083693031387595e-02
8.224643587682578527e-02
7.748953532884453321e-02
8.160550500991524403e-02
8.034972977171539466e-02
7.874530077584832033e-02
6.962275755625554896e-02
8.287591916573715245e-02
8.240666157786288859e-02
8.641681485604646440e-02
8.770167657360491975e-02
8.402832248003820614e-02
7.028544708243360251e-02
