2.695023876629998316e-01
2.354138357295570416e-01
2.580005359005428378e-01
2.549133093581541498e-01
2.536339352296427263e-01
2.385682711100611531e-01
1.803470509928127852e-01
2.530543443801428483e-01
2.733108633214769156e-01
2.427383787460223319e-01
2.688661492908877015e-01
2.699164382143799390e-01
2.081614431777298324e-01
2.719540631999565750e-01
2.679657263633121733e-01
2.279243713084431466e-01
2.578055930397157303e-01
2.381146784729653021e-01
2.682737248286667375e-01
2.251210576030334698e-01
