3.212339138352108270e-01
3.057669627689507119e-01
3.309004551588834442e-01
3.174209271629278017e-01
3.273353232871293872e-01
3.176490086536025159e-01
3.004784235667892767e-01
3.163905145763762361e-01
3.063766618285894694e-01
3.230103073763905264e-01
3.103492053020777686e-01
3.211534803977609265e-01
3.105809227450310184e-01
3.195232007126650453e-01
3.232003606543289442e-01
2.952639762986357108e-01
3.194366979282005636e-01
2.974538023271510179e-01
3.118167830333340440e-01
3.172412456276743065e-01
