6.744862108759408503e-02
7.912788872330460410e-02
7.058232504304223776e-02
8.319299589288899066e-02
7.520702833508007001e-02
7.749768117194044681e-02
7.405370041370994139e-02
6.914368000033434269e-02
7.362266268869081809e-02
7.633646281514841481e-02
6.917523137869939498e-02
6.803244534661097298e-02
7.540042783209777166e-02
6.527395349851615458e-02
7.909385227359051751e-02
6.584333186210315769e-02
6.923328007267104400e-02
7.076633044539887285e-02
7.519119163964174679e-02
6.780386492161147305e-02
