4.375564112774367742e-01
3.956396685389820256e-01
3.954019938286336133e-01
4.381914655614760901e-01
4.175200855454023197e-01
4.181015909521358931e-01
3.952296752293790738e-01
3.958004594083470162e-01
4.372870159552439406e-01
4.371444102244551044e-01
4.382172085233403402e-01
4.088986325381441800e-01
4.079308762714187742e-01
3.737703445209554221e-01
3.754965426411695506e-01
3.863262822232840787e-01
3.851118327053221213e-01
4.219554357453444426e-01
4.217824082031839672e-01
4.371560620663073049e-01
3.899414164545870198e-01
4.333049420582039679e-01
3.941420898333545253e-01
3.722959041994238216e-01
3.955844623235899027e-01
3.835433827904602411e-01
3.936306295970267155e-01
3.844960101424022558e-01
3.509827777898510970e-01
4.152417177916309377e-01
3.758107918220404131e-01
3.519097670061796523e-01
3.067830423579324672e-01
