2.582460049540610814e-01
2.115974282528633732e-01
2.251969906130543431e-01
1.391089689057617151e-01
2.412948524348483559e-01
1.705549575375913951e-01
1.198573162769789313e-01
2.657986635959621591e-01
2.410091584774492479e-01
2.417300491299193277e-01
2.208728291321316595e-01
2.479832368965983747e-01
2.348919871473011678e-01
2.418960198691079977e-01
2.344342612060157094e-01
2.373974346731133334e-01
2.064994175998827453e-01
2.179213981740205086e-01
2.296828562610099822e-01
1.097254813153673847e-01
