9.040648250137381381e-02
8.692287329261844109e-02
8.767698715354456385e-02
8.506585553131103261e-02
9.385104160071980339e-02
9.455579251075109382e-02
7.304006085179980123e-02
8.931513052500944516e-02
9.065785137174738051e-02
9.182384137857660389e-02
9.600670081000275968e-02
8.893078864212093648e-02
9.081621783013399396e-02
8.619256628948569754e-02
8.928540562503857470e-02
8.839283746537077158e-02
9.190650784631432257e-02
9.270141922413981106e-02
8.977179997258097344e-02
8.745412093927686092e-02
