2.395497776222188235e-01
2.008675681363391585e-01
2.112372227149280912e-01
2.219131886152083677e-01
1.878521120862086946e-01
2.116685726444833548e-01
2.084486281590096357e-01
2.156016266137130155e-01
2.092751468282642580e-01
2.129615125019654331e-01
1.754565127546160730e-01
2.479055192416051434e-01
2.289014245550096693e-01
2.145519404656471285e-01
1.819328630733908769e-01
2.423572354791566630e-01
1.856553646235633293e-01
1.943472464320562254e-01
2.219821604932666614e-01
2.164736074738896898e-01
