1.032208520761355997e-01
9.838439058868239662e-02
9.873303099418134776e-02
1.014243834995723348e-01
9.640327311251055409e-02
9.364158169252423392e-02
9.277405696533864987e-02
8.805812222810899259e-02
1.013981642719620074e-01
8.611184822723332022e-02
9.042579000242718934e-02
7.099606785971256107e-02
8.916575304018117820e-02
9.712645810562772763e-02
9.540863413794728465e-02
1.004542060670604586e-01
8.815191911708890327e-02
8.675044654320512860e-02
8.905179164580905027e-02
7.513513738029339861e-02
