7.686905478847891326e-02
8.105281220671954612e-02
8.114294625463344679e-02
7.372630634363588897e-02
7.556043351697795674e-02
8.350305179465809802e-02
7.678997009424197440e-02
7.613292239712862730e-02
8.434215518974771952e-02
7.969297576742054301e-02
7.766886311113249675e-02
7.938481238087777281e-02
7.925437903892845748e-02
7.892928650515097788e-02
7.698234586746319219e-02
7.683514503559557562e-02
7.870700036796585142e-02
8.050635980004022807e-02
7.593895151427899892e-02
7.448386176302218553e-02
