5.483244203139793493e-02
4.187383028729940032e-02
5.513924423914375733e-02
5.011289888700243972e-02
5.640600872760911932e-02
5.808851349842922285e-02
4.970897861868853185e-02
5.658451265005244590e-02
4.479185881628951899e-02
5.030598177871736104e-02
5.625170242874223681e-02
5.541354011804694446e-02
5.244723820841089290e-02
5.652028153484497247e-02
5.276803609191835220e-02
5.395662938992286384e-02
5.333146672590214493e-02
4.974672650830824772e-02
5.245725244642087531e-02
5.649592537468643705e-02
