2.343013578334245117e-01
2.462655949149148149e-01
2.364161160009074225e-01
2.057367497895306041e-01
1.999813631402225511e-01
2.629480228632044003e-01
2.241755196496741376e-01
2.192168357950964597e-01
2.118534245215623890e-01
2.095631889141061355e-01
2.289586413808252507e-01
2.251859170694484047e-01
2.099094139390751679e-01
1.987602539845090832e-01
2.231786221367353662e-01
2.150545073597794898e-01
2.387116522786476291e-01
2.370549129307693570e-01
2.450991521304587417e-01
2.251639066852350879e-01
