1.901780649924699751e-01
2.397225906601773149e-01
2.281906498630807134e-01
2.290564019083936587e-01
2.232804501254979368e-01
2.294385622132529279e-01
2.188705146718325223e-01
2.355627712558637510e-01
2.522361382903333671e-01
2.218975740680394215e-01
2.176738081818328507e-01
1.625696907129087487e-01
2.119508043880510562e-01
2.576845487164912685e-01
2.304470556478786791e-01
2.487151845905753444e-01
2.104811008721179377e-01
2.319705175574988676e-01
2.430803264454886314e-01
2.110454174529504956e-01
