5.083818191781625667e-03
7.285276746514437324e-03
7.325276946613911745e-03
6.132310687531683686e-03
6.627734390366042151e-03
4.929444339790058777e-03
6.886117785681314905e-03
8.650444910067467755e-03
6.685985795491988445e-03
5.118905750543679273e-03
4.983017526894708595e-03
7.026534524692365155e-03
8.882006290721656400e-03
5.973146184630552524e-03
6.722443642116841291e-03
6.355218624090087920e-03
5.564588294009151746e-03
7.163258381153848539e-03
5.436299780633037718e-03
5.583226114440975087e-03
