5.455664284669376612e-02
6.008059494050918548e-02
5.386719086566262721e-02
6.198340743488202353e-02
5.663302962593349393e-02
5.701379793014985792e-02
5.394264012536639091e-02
5.625940698691162672e-02
5.158755599734970998e-02
6.214644663058722929e-02
5.550863469770131453e-02
5.175298052173550600e-02
5.899433373893229332e-02
5.864729202028648447e-02
6.526367012422272518e-02
5.395284043174569666e-02
6.042663497379210241e-02
5.674514540916297117e-02
4.216573359459861031e-02
4.981327088530695946e-02
