5.775515465192174736e-01
6.239028131233026464e-01
5.702475244445485147e-01
4.989618310673745727e-01
3.924965048671453238e-01
4.549511505580820514e-01
5.777940902541985890e-01
2.494888046654124003e-01
2.775535232271658104e-01
2.159240648541606300e-01
8.158090498917802691e-02
2.492026645677004604e-01
2.564955881767403967e-01
1.256172581193533144e-01
1.279553821103581734e-01
3.122518192902172807e-01
2.759772571323164114e-01
2.232694800996429807e-01
1.160978110349679682e-01
4.478289537795383801e-02
1.446441768215480095e-01
1.039740628515116311e-01
1.719067732699062351e-02
1.920888124851819478e-01
7.642627055708717254e-02
1.960656436328752639e-01
7.292190890848773699e-02
7.813429805733394795e-02
1.220744382909006442e-01
2.081086474065230521e-02
1.263839167750334669e-01
9.581355918374963310e-02
3.262933265329161225e-02
5.180905022233434076e-02
8.264588090797260478e-02
4.794156949617752600e-02
3.535194851114192849e-02
6.874454508068872371e-02
3.446783186639430785e-02
6.249947963577325710e-02
5.353477440315520391e-02
1.503211782145194922e-02
5.852687756261117091e-02
7.724838192703088746e-02
6.626848877845413488e-02
2.719424320564945222e-02
2.782776098373282436e-02
7.945323136020124299e-02
2.756743489754840196e-02
5.158733927853668966e-02
1.540225619338429774e-02
3.434214851752089015e-02
6.249533603213718036e-02
1.633853353820358817e-02
3.647138036784845078e-02
1.727289062247740897e-02
1.588708882834650310e-02
7.280239778007380202e-02
4.787839274094538022e-02
5.287059459712885323e-02
2.904329223355223491e-02
3.565979754209346736e-02
3.980262941412323480e-02
4.868843516690876672e-02
1.861490824771504932e-02
6.092259147809255676e-02
1.835794955491499431e-02
3.434517845648692169e-02
2.387879915800519490e-02
3.186389951381727453e-02
2.474589123539170515e-02
4.167448000857418983e-02
4.113787103504719378e-02
1.736458861763862452e-02
2.816091752664065528e-02
1.844302988656068218e-02
4.499043068171239973e-02
7.186276767858847114e-02
4.180413048492586520e-02
3.522565579538249059e-02
3.281778050206315273e-02
1.620825920578347970e-02
3.183117134581486124e-02
1.864592088291722183e-02
3.996599769618493919e-02
3.105792265621179840e-02
2.070785675891505251e-02
4.006830831033088292e-02
1.278805348962794991e-02
3.869296500201409306e-02
7.307066553603491776e-02
3.061390360942574385e-02
2.121860797904976878e-02
1.859526489719389927e-02
7.102500516479728909e-02
4.207918684876624238e-02
2.066537609851210044e-02
3.455429099883462057e-02
1.006347761652266054e-01
1.828455737775287054e-02
1.005509531941994883e-01
3.402723647358796982e-02
1.955139497969132431e-02
4.076166399405919960e-02
7.198921996240041643e-02
1.967432869950204791e-02
2.113448996153824422e-02
3.050002774576378653e-02
7.066408247437845624e-02
4.414779944451117932e-02
1.306072648973186610e-02
3.971300687950703873e-02
2.195247064660665187e-02
3.031256575425570615e-02
4.022259961341723838e-02
1.901740708654856005e-02
2.300962607730638182e-02
1.571055940282436655e-02
3.150900306546928348e-02
3.082763892750957010e-02
4.579566875427544537e-02
7.121770097721562276e-02
4.289031035244168788e-02
2.081977702035244654e-02
2.626214404950156719e-02
1.570650112321209102e-02
3.931150520471519277e-02
3.965954087275747053e-02
2.530781231065847015e-02
2.749552080087612135e-02
2.102712642536778975e-02
3.254837205654823734e-02
1.952828692203469399e-02
3.955905940493546769e-02
1.966071315357287644e-02
4.222011586036669706e-02
2.730966679161605723e-02
2.974258830887793401e-02
2.684317400847714002e-02
4.232109186171062465e-02
4.188230081748245404e-02
7.067671064582871365e-02
1.582477590509632701e-02
1.904597161768160213e-02
2.841714268127284310e-02
1.337333290525171726e-02
5.303221289048706821e-02
1.979553819907526810e-02
1.272630114357736070e-02
4.242502848498836548e-02
2.444708244133947384e-02
3.315512200738542081e-02
2.127284563991241675e-02
2.126269190041431625e-02
5.080417966409243175e-02
6.313396122032408075e-02
4.230995785424627315e-02
1.049043768540417962e-02
4.728708047805718628e-02
3.830212875801423944e-02
2.061792480406736405e-02
3.730292281207991251e-02
1.950863694470256551e-02
1.651774115034598117e-02
5.302812482279323919e-02
3.005744582827531153e-02
1.474237898123495656e-02
4.757753632369165347e-02
5.777693572104971448e-02
1.143853986057334800e-02
5.922255122006867684e-02
2.721543169975612977e-02
2.649605699994148772e-02
2.787559000101704626e-02
4.875265855189588743e-02
2.588971076853167214e-02
7.853446623147531877e-03
2.602512677952771927e-02
5.789562829420701745e-02
2.108677614945116824e-02
2.627602765647057623e-02
3.217444629016499857e-02
3.096593355776690662e-02
4.117287432863796226e-02
1.858749458248590281e-02
1.301706667839725405e-02
2.429270763218680657e-02
1.413116158471939936e-02
7.342836052200717861e-03
1.223459367103969624e-02
2.191888387101878152e-02
1.429939573664201595e-02
1.508104577336544586e-02
1.049948822134393056e-02
7.926917385194251833e-03
7.313294977274832805e-03
1.715261355344174440e-02
1.826232661562664575e-02
1.125654370003338275e-02
1.129718010706651753e-02
1.120055096128367081e-02
1.809170002907789163e-02
1.692875273035233941e-02
7.174043091958795353e-03
7.737253025194771108e-03
1.018250276056183873e-02
1.463713517496187215e-02
1.379076131776385029e-02
2.122150723806743092e-02
1.169575004201356058e-02
6.976978683809344217e-03
1.356064544279937147e-02
2.339441554626981931e-02
1.232851160834578380e-02
1.772117221429126560e-02
3.973818981727982036e-02
2.943897210551429944e-02
3.034073278199306625e-02
2.497383110097265921e-02
1.983048234088958042e-02
5.993929972164182413e-02
2.524055963022608234e-02
6.851263499072649324e-03
2.579083579379738006e-02
4.705945564378031382e-02
2.682097460140543330e-02
2.708091679862574541e-02
2.659941328874338567e-02
5.940032037129488324e-02
1.011228125674787370e-02
5.680261193953230897e-02
4.554820179199305097e-02
1.345406729049555133e-02
2.948212995049244098e-02
5.626659920213113869e-02
1.574940032904819515e-02
1.958736230429539843e-02
3.983050277863822708e-02
1.948106479712389746e-02
4.022029086663798242e-02
4.866620743439067226e-02
9.791345141665304397e-03
4.290360185227160006e-02
6.711993451759759588e-02
5.438427767098785032e-02
2.050103789317483244e-02
2.185882071374256955e-02
3.714806913704574859e-02
2.483347963834593372e-02
4.466460674515484314e-02
1.253921441706197168e-02
2.042382730127818846e-02
5.528153689398497550e-02
1.307551151732144236e-02
2.797864216289947664e-02
1.830075069644546137e-02
1.583008499422099841e-02
7.146585255264290004e-02
4.402462149450863532e-02
4.543514041665255160e-02
2.748316841997671539e-02
3.091619927158952008e-02
2.932429919266828916e-02
4.415596279031961530e-02
1.911990701661093334e-02
4.302752984178376955e-02
1.897205421975681899e-02
3.299059361569876836e-02
2.193477690047800771e-02
2.784522030473663562e-02
2.485381973548279194e-02
4.063253742567530385e-02
4.009033204199018152e-02
1.652828786721998941e-02
2.631766231161859412e-02
1.838257850455359346e-02
4.404294522208862528e-02
7.154194542406108748e-02
4.356410358316565451e-02
3.288679735668924992e-02
3.225637674427670604e-02
1.597576973841251941e-02
2.599362205454381486e-02
1.879504916687555621e-02
4.006822055205743610e-02
3.074701241454582193e-02
2.117162237554575874e-02
3.988377601925851418e-02
1.287283559775459323e-02
3.994600045279526196e-02
7.218633329266968546e-02
3.035994897205687021e-02
2.110852315137059024e-02
1.871271792475000945e-02
7.114011990112471817e-02
4.151866790152512060e-02
2.028959671773003168e-02
3.437765723699363202e-02
1.006068356556191618e-01
1.828455737817973395e-02
1.005788908992513858e-01
3.420197493617996992e-02
1.991828459139588850e-02
4.107298040897931074e-02
7.145400644235216925e-02
1.904391318598307181e-02
2.107859798623350558e-02
3.031203342011363003e-02
7.138813083303185980e-02
4.172284963226878529e-02
1.296465220186034800e-02
3.977114079929104651e-02
2.158381169242934786e-02
3.050476633337894511e-02
4.015227115860223878e-02
1.891655703842414285e-02
2.393811538796580471e-02
1.582034681371260326e-02
3.183578997008909561e-02
3.161441762714663206e-02
4.483503993885506328e-02
7.134693856796502087e-02
4.338005340783586405e-02
1.916793160951150293e-02
2.612572699097187590e-02
1.603348740951244730e-02
3.959436704766408632e-02
4.004090673687712987e-02
2.509748276478554821e-02
2.744025669566373463e-02
2.131282778935263481e-02
3.265817910677416142e-02
1.931255771034426361e-02
4.040460280453721936e-02
1.944459953902138299e-02
4.282233607225386512e-02
2.779527856087515500e-02
3.003435841207653320e-02
2.703723148556005929e-02
4.330633772033606887e-02
4.261286492000002091e-02
7.094909803743225385e-02
1.582368457029251912e-02
1.877523400415071625e-02
2.810084716561523852e-02
1.319996603372530081e-02
5.369835573508667526e-02
1.985918580697208780e-02
1.260932397573789020e-02
4.310257202694362660e-02
2.452688376726947297e-02
3.415832717268454943e-02
2.138718068482859183e-02
2.092983471020201311e-02
5.188222959685253460e-02
6.439822048181131908e-02
4.236725004903086483e-02
1.023793899366203311e-02
4.769850028826881638e-02
3.877203311443725570e-02
2.022134009739724736e-02
3.795391957019227797e-02
1.947947027784477717e-02
1.624540480037079890e-02
5.389772683596560920e-02
2.983356423079417535e-02
1.434577602752322087e-02
4.690888275490869008e-02
5.738703907157569062e-02
1.104110046424983810e-02
5.917488998121078064e-02
2.699486365583252112e-02
2.661624499171941563e-02
2.754696106629050956e-02
4.823254611267442649e-02
2.582462488441330042e-02
7.568568355836586235e-03
2.578192435047507725e-02
5.839812049556786927e-02
2.073618115270461915e-02
2.591358507542149137e-02
3.167120435001188200e-02
3.054727433170886450e-02
4.077742127284860602e-02
1.835214861584993570e-02
1.283060127244057755e-02
2.405154882450167425e-02
1.398035457167121770e-02
7.246671553406733302e-03
1.209394509928153442e-02
2.173655552354710266e-02
1.416744390765980847e-02
1.496677453149863890e-02
1.041809602949541648e-02
7.878375584020706757e-03
7.277849113282287494e-03
1.709574651517123747e-02
1.821924541713350332e-02
1.124248002212335264e-02
1.129718010708711216e-02
1.121448385472349589e-02
1.813393485471565328e-02
1.698382524827799986e-02
7.208230664189636816e-03
7.783560687462570508e-03
1.025964114179011948e-02
1.474488212737765612e-02
1.391324177169729788e-02
2.138808757281443138e-02
1.182469048781910510e-02
7.063896066198201498e-03
1.369537823997940378e-02
2.360307842128307049e-02
1.248701722965482250e-02
1.791989718232670295e-02
4.006192648364768905e-02
2.978575458855994840e-02
3.075683330547697089e-02
2.526469002883690099e-02
2.011038123335531780e-02
5.942158092443837469e-02
2.539351391077671743e-02
7.070316042506809805e-03
2.577877304230343294e-02
4.739486949400619625e-02
2.702541709066219600e-02
2.691176644976133250e-02
2.669393131109975420e-02
5.927489991805270919e-02
1.038513864881816622e-02
5.691732916955335314e-02
4.591286400271008677e-02
1.371008782634394914e-02
2.955617012540408955e-02
5.551571298113116421e-02
1.587199812916366068e-02
1.952667166839072363e-02
3.922054665817625158e-02
1.966929314777963664e-02
3.973906644936535393e-02
4.838068586637767760e-02
9.901517958460299279e-03
4.268572488801428838e-02
6.635052855995457466e-02
5.365106185003781086e-02
2.057865116997728908e-02
2.169234269719868061e-02
3.616897469136969717e-02
2.472852703514741637e-02
4.420922628883054706e-02
1.253332389049981350e-02
2.019974276583158881e-02
5.481504997774552801e-02
1.307684628098628940e-02
2.793646297776112772e-02
1.842207592834303048e-02
1.582739209803657801e-02
7.132862807965194285e-02
4.364610897665727185e-02
4.483501507310320294e-02
2.735541997249742174e-02
3.063865613991691855e-02
2.883151051762873271e-02
4.377837442052517902e-02
1.919681368033290467e-02
4.218568191873838663e-02
1.905500482979450433e-02
3.288876160930902931e-02
2.176078497754559138e-02
2.767646139616323012e-02
2.490255790422436430e-02
4.048947984250220872e-02
3.996397191819164169e-02
1.641000604208412567e-02
2.622327596873512412e-02
1.847452095184726195e-02
4.389226026351516347e-02
7.149554285415807287e-02
4.385009193378214959e-02
3.257439586915497620e-02
3.216287488207542067e-02
1.593983772850716268e-02
2.542473128730015491e-02
1.882129849907529517e-02
4.008631752325735043e-02
3.069377480933805150e-02
2.125790297626767300e-02
3.985613489379925128e-02
1.289073951427033640e-02
4.025628184535165466e-02
7.202022044922162802e-02
3.033312046611456175e-02
2.109597793397693932e-02
1.875973587193252232e-02
7.118635542331380739e-02
4.141980275433326114e-02
2.021497810955749999e-02
3.434244490506078301e-02
1.006012444518583071e-01
1.828455737775601039e-02
1.005844798617140795e-01
3.423703564653078624e-02
1.999219173495840607e-02
4.115208127545345179e-02
7.137432895580431147e-02
1.895713341512451217e-02
2.107793316183141294e-02
3.030390188129335541e-02
7.154148956461835185e-02
4.132044413854085718e-02
1.294587324150913051e-02
3.978882848957145113e-02
2.150508863706795601e-02
3.054871897359659125e-02
4.013667801851691919e-02
1.889409393800950063e-02
2.422261481887513779e-02
1.584705824761251103e-02
3.191124616699597683e-02
3.181907361172271048e-02
4.460993066140345881e-02
7.137941648562437513e-02
4.349620673136942589e-02
1.894535604128665118e-02
2.612244998388562472e-02
1.611559323804214947e-02
3.967085038919410112e-02
4.013785276831100673e-02
2.505027661490219493e-02
2.745958779675824676e-02
2.139838093590382823e-02
3.269778906668661944e-02
1.925723423723159355e-02
4.070258674542991811e-02
1.939034225541575937e-02
4.300342994344444336e-02
2.796773676277565512e-02
3.013684942320519339e-02
2.709674398481828547e-02
4.359801241374599429e-02
4.281857336811913800e-02
7.102521344822614047e-02
1.582396281869145188e-02
1.870224475783726845e-02
2.803944629124277901e-02
1.316312771384751772e-02
5.390357193330241881e-02
1.990063000704037077e-02
1.258495764615799768e-02
4.330820402292619858e-02
2.455810595038797339e-02
3.449549110739663638e-02
2.143302982126719242e-02
2.084694047254648241e-02
5.220986048718097988e-02
6.477077128701995423e-02
4.240487709856319981e-02
1.016828491944682909e-02
4.782417140016047979e-02
3.893196200272944912e-02
2.010945677593231964e-02
3.816877022384413537e-02
1.947873355220919311e-02
1.616890083232850467e-02
5.417850882875469704e-02
2.977304522615338914e-02
1.422646188827322682e-02
4.671395898690423876e-02
5.728254968743992648e-02
1.091993649260512324e-02
5.917505721295747423e-02
2.693272984897830333e-02
2.666082801352467196e-02
2.744827255034677088e-02
4.807542093213090090e-02
2.580967307549077508e-02
7.479297574874088639e-03
2.570864907533575161e-02
5.856721069490060383e-02
2.062521647225425137e-02
2.579869449931872227e-02
3.151061085546327106e-02
3.041359599190096227e-02
4.065143358060731987e-02
1.827666727595254198e-02
1.277071134288972933e-02
2.397375784949975011e-02
1.393135441232929914e-02
7.215344145663701858e-03
1.204797571689330410e-02
2.167700680182109776e-02
1.412419326579204999e-02
1.492918468274387345e-02
1.039129078545933220e-02
7.862365213595953056e-03
7.266129082342205614e-03
1.707692626200714436e-02
1.820494845737507042e-02
1.123780187165626145e-02
1.129718010707471756e-02
1.121913778490309446e-02
1.814807508572238021e-02
1.700231321346513252e-02
7.219717707895345268e-03
7.799157416044167138e-03
1.028565886480167606e-02
1.478126417547989332e-02
1.395473937586911781e-02
2.144472202528647370e-02
1.186849327079035100e-02
7.093512716346319670e-03
1.374140494002348833e-02
2.367486086979484969e-02
1.254174074549959349e-02
1.798861172571592990e-02
4.017466460546736257e-02
2.990615762499172076e-02
3.090133615991859720e-02
2.536636889894514080e-02
2.020830515249978990e-02
5.924971702903040344e-02
2.545018392884317374e-02
7.147477571911718675e-03
2.577954465843244197e-02
4.751806334610863408e-02
2.710128278951977332e-02
2.685822053783683619e-02
2.673297304267531829e-02
5.924308916229038824e-02
1.048350311568586532e-02
5.697153791442911841e-02
4.605222022631831613e-02
1.380370185896920635e-02
2.958936545210280947e-02
5.525700464821556301e-02
1.592126885496655125e-02
1.951115059171684360e-02
3.901352597727732185e-02
1.974340731033673302e-02
3.957759999772857834e-02
4.827805988283164623e-02
9.945579987816290102e-03
4.261977991091375068e-02
6.606740898940913209e-02
5.338648869312070944e-02
2.061633712754694717e-02
2.163789353544471120e-02
3.583757521857276751e-02
2.469350433950487367e-02
4.404435137378276410e-02
1.253634793761967091e-02
2.013075907702384718e-02
5.464699479748796884e-02
1.308404746950381572e-02
2.793623368853134434e-02
1.846906451877745187e-02
1.582654912839145944e-02
7.127645411181579571e-02
4.350291142753975188e-02
4.461362858822653932e-02
2.730857056475056305e-02
3.054155182190118611e-02
2.866169399707280477e-02
4.363919080194764849e-02
1.922769229335047347e-02
4.189501308038970362e-02
1.908785373196949034e-02
3.285243203774895759e-02
2.169619889098043861e-02
2.762368500798303636e-02
2.492381374380877798e-02
4.043264578953281035e-02
3.991491678476379035e-02
1.636277609247620973e-02
2.619460119751432225e-02
1.852390376047276938e-02
4.383078528329412138e-02
7.147696622323154725e-02
4.396725543296556293e-02
3.245104867158854489e-02
3.212438016936400992e-02
1.592527422514376789e-02
2.521186589225788213e-02
1.883222917092988377e-02
4.009386303054991718e-02
3.067174752599179446e-02
2.129426821349737070e-02
3.984512358679521277e-02
1.289849127977066821e-02
4.039582650812213738e-02
7.195005550141266026e-02
3.032418164154465981e-02
2.109159005875768308e-02
1.878260356879566870e-02
7.120863938789050163e-02
4.137886679214306668e-02
2.018305344432974255e-02
3.432736554035770854e-02
1.005988494564629410e-01
1.828455737765068145e-02
1.005868747504434085e-01
3.425207323768639234e-02
2.002392046410507789e-02
4.118757640069886650e-02
7.134283567789916070e-02
1.892334296130379623e-02
2.107868329689440226e-02
3.030321901228311132e-02
7.160814240743965109e-02
4.115555994557304476e-02
1.293788112282133647e-02
3.979710160323501889e-02
2.147080426736539330e-02
3.056819356669823046e-02
4.012982113375379578e-02
1.888420447620287740e-02
2.435919470988536992e-02
1.585909603619334654e-02
3.194478721843669461e-02
3.191310866837830662e-02
4.450946398035993817e-02
7.139419015636673527e-02
4.354821911340231444e-02
1.886013957468863494e-02
2.612531444856335330e-02
1.615296171774020101e-02
3.970640668800779621e-02
4.018213518670150919e-02
2.502961092890640046e-02
2.747366391852784986e-02
2.143939290294854388e-02
3.271763573869641145e-02
1.923190051624320412e-02
4.085249779918274926e-02
1.936567306005485684e-02
4.309045247011535767e-02
2.805467584653636992e-02
3.018823777825288893e-02
2.712549049702684539e-02
4.373768433425667679e-02
4.291554449262921511e-02
7.106100132080514498e-02
1.582417717117821920e-02
1.866831221057753745e-02
2.801509812105877281e-02
1.314774510025387873e-02
5.400314575379001197e-02
1.992425149700203374e-02
1.257492892470173096e-02
4.340755324687059491e-02
2.457427015171402898e-02
3.466409177052738599e-02
2.145698535326396456e-02
2.080981848041707147e-02
5.236828433573628705e-02
6.494906184945939409e-02
4.242649793011127324e-02
1.013578997777355752e-02
4.788504863384816096e-02
3.901229397486302014e-02
2.005686139235573345e-02
3.827569914285995634e-02
1.947983026242928670e-02
1.613302816915090226e-02
5.431720816216988046e-02
2.974515498978397288e-02
1.416899636551581694e-02
4.662124604827638796e-02
5.723462015108145284e-02
1.086128778894749312e-02
5.917786079249836434e-02
2.690361493880612589e-02
2.668388774773711170e-02
2.740081857748376606e-02
4.799967982252303228e-02
2.580337167800897738e-02
7.435658247160368932e-03
2.567337656200890939e-02
5.865201402186626806e-02
2.057078436709366964e-02
2.574230775626625001e-02
3.143159714752426920e-02
3.034781224552139667e-02
4.058948982132810912e-02
1.823946194089670625e-02
1.274117506969546336e-02
2.393533359614681555e-02
1.390708581407269773e-02
7.199813401887046431e-03
1.202515858573216870e-02
2.164745768909714929e-02
1.410270289674817219e-02
1.491048225024244403e-02
1.037794836114019036e-02
7.854391567799644605e-03
7.260286762398152766e-03
1.706754132379333100e-02
1.819781183245399239e-02
1.123546461697614955e-02
1.129718011243036058e-02
1.122146656196816063e-02
