6.583751794112115974e-01
6.649854034783917456e-01
6.540150549804489843e-01
6.658639376881690941e-01
6.364363870173116444e-01
6.447955173290960129e-01
6.333347144303241860e-01
5.906203935721150433e-01
6.285837739476829444e-01
6.108998512925261082e-01
4.278009617779503504e-01
5.873673430969718057e-01
4.708831355879481984e-01
6.127032528179484627e-01
4.039559085307108388e-01
3.005415205446724247e-01
2.738547035489063974e-01
3.162111185391210388e-01
4.888859658436970346e-01
4.315817978020295986e-01
2.091302760154607199e-01
3.710979894924548717e-01
3.668019258683330452e-01
3.687288380281506517e-01
2.470176917853517395e-01
2.572130937511794557e-01
1.362428845434158209e-01
2.039969056313520879e-01
3.478967161656030260e-01
3.303505848348283758e-01
4.414815123320099399e-01
1.924106424289708239e-01
3.724170039072031146e-01
2.716176711390215215e-01
2.770728835755529862e-01
3.047550019549080669e-01
1.170331591710510599e-01
2.701481100314350736e-01
2.684836700559317668e-01
2.531960567230142067e-01
1.288623057047768861e-01
1.815188139351168461e-01
1.736654184503340081e-01
1.645910608336271508e-01
1.609061669366034786e-01
1.207299102264667717e-01
2.891398406384572684e-01
3.419605227061938146e-01
1.933713498405908726e-01
2.923068983915154129e-01
1.808432495168919574e-01
1.594365541438316769e-01
1.276542354177329919e-01
2.088953931063535219e-01
2.471859115721015410e-01
7.182501464359357379e-02
1.021633196759152706e-01
1.545704858075070132e-01
2.057566054570731107e-01
1.537363862167818451e-01
5.780569156945671722e-02
6.296794890132051403e-02
1.012975199775321272e-01
8.872178404322375589e-02
5.171701373892269998e-02
1.445387414944348803e-01
1.216200852153783984e-01
6.114077962310376230e-02
1.247050315199770970e-01
8.344241997961250601e-02
5.385178457970427740e-02
4.746644036099684910e-02
1.186933413997910691e-01
5.862069531288414959e-02
4.547844799205288252e-02
6.295420670164880717e-02
1.108935605572488603e-01
7.078132318776329812e-02
6.770536612867088244e-02
4.248566046482640801e-02
1.235403833968958254e-01
6.321153050440234122e-02
4.878774290815799525e-02
4.624709768039510227e-02
4.414864282003296003e-02
8.540953980927323830e-02
5.950901982482236646e-02
9.400999568519485816e-02
8.642484761762406209e-02
1.819654847591037627e-01
1.370365084723372262e-01
1.250306754634965614e-02
9.221937834927672328e-02
7.174030727346257519e-02
6.667173595498727956e-02
5.057453419752006712e-02
6.114191072687669842e-02
4.837077695223849366e-02
5.065935622845777614e-02
4.743669622449488144e-02
8.253185602477042249e-02
6.717187552519532368e-02
3.109819536275630278e-02
3.362192325148062599e-02
1.191449799091940098e-01
3.979174086344265671e-02
4.420247197371211106e-02
6.651457105064187414e-02
3.156034537773142606e-02
3.463678900032025887e-02
7.566272974920208727e-02
4.105058867312479792e-02
3.262094232619810324e-02
5.034277027933772852e-02
2.316869550255386961e-02
1.080152578113586920e-01
3.446510680614726235e-02
4.164291068417579067e-02
6.794105750186407722e-02
5.167993502677550866e-02
1.168469713737309984e-01
3.809792273618150399e-02
4.779402453285493124e-02
7.475704901028298877e-02
4.053560979981399304e-02
4.027124382324365898e-02
4.884639158055412156e-02
6.100194323618422787e-02
4.803883580128809339e-02
4.547332140601809125e-02
2.465349739653521430e-02
4.905593379594051784e-02
2.906996145809882109e-02
4.082163778269557591e-02
2.781347291207885916e-02
4.469659275396590387e-02
4.703251844336653331e-02
4.625039396649083256e-02
6.883733059865689008e-02
5.086642484065622555e-02
1.670051081184587352e-02
3.618615614549487713e-02
6.310180811598188610e-02
6.075438029031313830e-02
2.875337518116071259e-02
8.445701804712278660e-02
3.041571782675178692e-02
5.936374677635074260e-02
5.779996124670608998e-02
1.535398994677237942e-02
4.913107230501950057e-02
2.885074982763272122e-02
4.797043967182777757e-02
3.482994759271490492e-02
3.582411861472418330e-02
6.765364305723606253e-02
6.540363869254556262e-02
2.175936760397088540e-02
2.613132233142447317e-02
3.902396103120704673e-02
3.840317578051116731e-02
2.973979419146691172e-02
3.640717865628252670e-02
6.558498170932509919e-02
5.835517047222832376e-02
4.276096050755449213e-02
5.993959704256240223e-02
3.326153600437061625e-02
3.443237144431511576e-02
3.770137789483991170e-02
3.372439324067458277e-02
1.789989300267625510e-02
2.185126436960404053e-02
5.113650075346375806e-02
5.249528664901920855e-02
3.158764952026372336e-02
3.726671466051666853e-02
4.108781549423685953e-02
5.615806982100034206e-02
5.374577961002052762e-02
4.415936442274488033e-02
2.036804605054397602e-02
3.965910979067668179e-02
4.737115506018599320e-02
8.889877164049965474e-02
5.385765290525353771e-02
3.517873082515211858e-02
2.686851479108632104e-02
4.976692992474461563e-02
6.168419888314324862e-02
4.664395490430694319e-02
4.000379133378764024e-02
4.416823404515468621e-02
4.212374189223718618e-02
3.541934324624138042e-02
3.489864091271358687e-02
6.847057938887007866e-02
6.129776482330957788e-02
4.925459255136582781e-02
2.523937494124269681e-02
4.918899177109957443e-02
6.045616921764703638e-02
6.743649519497836586e-02
3.446518718835036438e-02
3.561892584472077516e-02
4.110300870641712956e-02
4.317299722543768009e-02
4.271535302333387407e-02
4.730737750359819555e-02
6.577322706532168217e-02
5.404323635462822406e-02
2.653560706873271322e-02
3.851127592609168704e-02
5.524653357763228273e-02
8.720852628393351014e-02
5.043217739356573026e-02
4.210437656025099729e-02
2.097150114137531079e-02
4.634834611828132084e-02
5.115976177002528463e-02
5.549729009194239587e-02
4.039202693583644060e-02
3.479255741703485283e-02
3.252704434405408185e-02
4.926292217390805528e-02
5.328617654092925732e-02
2.357534021039533328e-02
1.962676826003885780e-02
3.324304720207037211e-02
3.893846657071204503e-02
3.602709395033042855e-02
3.479968888307463648e-02
5.911013128099019964e-02
4.179234317784142477e-02
5.588141285239268258e-02
6.095480651725459359e-02
3.913310921564455702e-02
3.266511610271164573e-02
3.702653991520540866e-02
4.096243556165044680e-02
2.184089600424848551e-02
2.375537926940961622e-02
6.691097847145029143e-02
6.863498983281916821e-02
3.740480749436377039e-02
3.541644319428961796e-02
4.166829355667067691e-02
2.743925456070400726e-02
3.877611789048408808e-02
1.595543926527957096e-02
4.271776649829871209e-02
5.622099270658827141e-02
2.705125029332104691e-02
6.590218313518048099e-02
3.473907931246835584e-02
5.902292284424475594e-02
6.554118136831693642e-02
3.538904070308108996e-02
1.716877932767583992e-02
5.278274233411292538e-02
5.876754634598538307e-02
3.961594966673389479e-02
4.404946335235383065e-02
3.625463836644913368e-02
2.529365187383757207e-02
4.630195411204370004e-02
3.498272234805966524e-02
4.270691920477302089e-02
2.708340257856036923e-02
4.575243573285010801e-02
4.409393092974239065e-02
5.422958332482848143e-02
4.533119475901439821e-02
3.727002654751728622e-02
4.125980117507167810e-02
6.895007833026421673e-02
4.300775335555362400e-02
4.019525131220018366e-02
1.133770918993565607e-01
3.282793451165568616e-02
5.391411700211701935e-02
3.516446690349826765e-02
3.419974054829826027e-02
9.755556886226224300e-02
1.426576505324808966e-02
3.822512561968900019e-02
2.711408292374907145e-02
3.947707046889609162e-02
7.819888291900832511e-02
3.777578346950393601e-02
2.409651032103080071e-02
3.552065551056434595e-02
3.987799520349012694e-02
3.431796639997081177e-02
1.025469633364354677e-01
3.398276332018339979e-02
3.153324351223272398e-02
4.971776182516340209e-02
7.573661503020084895e-02
3.063226570362594103e-02
3.315398586827091043e-02
3.414301381142564873e-02
4.967068792492375373e-02
4.626822106552654079e-02
6.891008479748528259e-02
5.415520603823893026e-02
6.861720771396748186e-02
9.191337910805688627e-03
1.111137886181689793e-01
1.647553564554368466e-01
6.552553931341513482e-02
7.531364416939466400e-02
5.400214202583463602e-02
7.610223351638605027e-02
3.898825282647173235e-02
3.365773006461302008e-02
5.198041825341302019e-02
5.072395537253102799e-02
8.173095151002998660e-02
4.286926575528739181e-02
6.278352150710492241e-02
4.160915443993431356e-02
8.157052034705226939e-02
4.298248848764795599e-02
3.954915285431782196e-02
5.810577962385730932e-02
6.404730478928637172e-02
2.411802471655892163e-02
3.796383552342927348e-02
5.205040729136573008e-02
4.872424455318893899e-02
3.547280290681852771e-02
1.048290311461964053e-01
1.109375958565037706e-01
4.245671671527696811e-02
6.999035428773893452e-02
5.716375001531382588e-02
5.158677424265781936e-02
3.480130098705638136e-02
9.101543014389366915e-02
1.460729956674980123e-01
1.172678339589698776e-01
9.695671450890439025e-02
5.065356341843058052e-02
1.916038263517722273e-01
1.628482787831572187e-01
6.565727286777590932e-02
1.520836828095591953e-01
1.135288168511335849e-01
1.916579182515790736e-01
1.518976795941495150e-01
2.336567538460164462e-01
1.723025932087347001e-01
9.204535143149736309e-02
1.109832277415771645e-01
1.357827912816054750e-01
6.550969286157376503e-02
1.266899058432267855e-01
7.311445593307765167e-02
1.957628671093679662e-01
1.746260739701466780e-01
1.851083514954583176e-01
9.694594584730818754e-02
1.958300390565678173e-01
2.248441485294954967e-01
1.571575610534582945e-01
2.194274958887879323e-01
8.364082844213475976e-02
3.102835090866362111e-01
2.561206617524598439e-01
2.884551786656390227e-01
1.184454783369016384e-01
6.240789207638087338e-02
1.800202382340387597e-01
1.595384756838961193e-01
2.282654993335388183e-01
2.173292821035545663e-01
2.436647390738433117e-01
1.344043243720397518e-01
3.015543971190008943e-01
3.273805848130429963e-01
2.167392095303201371e-01
1.407255769824045100e-01
2.285357851888988323e-01
2.295743878792144976e-01
3.477770226762793015e-01
2.943116364104646498e-01
3.177767454241563483e-01
2.400594168717324062e-01
3.871383759580212525e-01
3.930083339246356888e-01
3.382881495985192166e-01
4.027334148079151910e-01
4.014518304494752998e-01
3.931093597540327722e-01
4.022001746452181226e-01
4.340653557617242808e-01
4.359832156134102465e-01
4.125735250587496683e-01
3.153841530582303654e-01
4.129614341699620050e-01
4.367992668472684969e-01
4.351687949004028888e-01
4.036658186757998146e-01
3.949709595118038874e-01
4.038049563625353278e-01
4.057216569433794717e-01
3.411861912639350125e-01
3.962516131931924090e-01
3.902516996164901442e-01
2.428532153598558785e-01
3.220147572977152817e-01
2.978692191476134954e-01
3.522927567141989624e-01
2.324974179435528865e-01
2.307920822995777332e-01
1.431161846167575968e-01
2.203633259852300352e-01
3.339715233901767166e-01
3.067241184098058460e-01
1.369424694917686647e-01
2.480755021321378595e-01
2.229406249881387414e-01
2.336728325506167436e-01
1.627201286360169807e-01
1.838564816353643327e-01
6.466456780262941351e-02
1.226137647741493836e-01
2.927955290874579286e-01
2.607233160347478540e-01
3.177078309978589310e-01
8.657469544878017287e-02
2.278186290835695627e-01
1.631303320933715773e-01
2.290343455357953806e-01
2.025100499277228405e-01
9.805405935084152147e-02
1.911778066085609851e-01
1.808832299430648827e-01
2.007597341867412011e-01
7.614751354350988988e-02
1.310864439703285367e-01
6.944057784208725048e-02
1.383549284946939684e-01
1.159625036218919630e-01
9.444088821382977395e-02
1.823116946838019281e-01
2.440754767826851246e-01
1.554360304828336370e-01
2.003242897964755964e-01
1.197727006623809376e-01
1.527827199812231695e-01
6.981658644858534934e-02
1.687152238415888794e-01
1.985132277095418285e-01
5.273382389671002479e-02
9.770444191105547016e-02
1.217327695786063896e-01
1.523121098744593949e-01
9.673398116883584474e-02
3.708096993369359301e-02
5.271718610884402328e-02
6.184871052406903935e-02
7.302015819789892115e-02
4.424982223780807300e-02
1.167304154183314846e-01
1.077708583876781090e-01
3.776012960480235742e-02
5.430334108914026264e-02
5.559446277764593797e-02
3.980234734004223229e-02
2.638638664904324055e-02
6.986764840624111461e-02
5.821882488917511089e-02
4.068506796461606595e-02
4.515545139529549695e-02
8.718698897834512018e-02
4.434536829354109033e-02
6.382387293882310630e-02
4.264258699555005527e-02
8.765250015043336840e-02
5.223201448733199442e-02
5.092711389957965684e-02
3.587199575660646178e-02
4.041207675724590304e-02
7.899525009732719094e-02
5.540850595386383887e-02
7.961405735880004719e-02
6.979849230031670571e-02
1.693146201080582003e-01
1.175345846232569019e-01
9.420609847265372372e-03
7.340411425153674230e-02
5.870237821191739286e-02
6.808633664233440519e-02
4.748924532862186521e-02
5.208824401551305494e-02
3.689527225618353251e-02
3.629329857601906739e-02
3.363251249836980705e-02
7.780656191912185826e-02
5.367419595596369108e-02
3.124474146818874074e-02
3.377829771963671013e-02
1.076218849384847354e-01
3.558088989027898691e-02
4.123665189746448384e-02
4.066398198832781030e-02
2.621320308188559295e-02
3.647001249884185975e-02
7.712725357535551995e-02
3.997967019779706532e-02
2.888580878165390373e-02
4.132857593420361658e-02
1.623117213559087391e-02
1.015599344622161448e-01
3.431093206619846570e-02
3.717043055874895419e-02
5.929144242721690744e-02
3.675809420943602218e-02
1.142147369401429330e-01
3.921862254295624406e-02
4.489630498213188770e-02
7.117005315353522321e-02
4.084422289388529165e-02
3.861117737923150384e-02
4.688363225411047719e-02
5.678416947121009417e-02
4.570606561010935598e-02
4.561807315254936407e-02
2.588746000130756966e-02
4.500776888379607460e-02
3.143784635083596984e-02
4.353307272868137817e-02
2.636067799424276700e-02
3.939696568384933734e-02
4.529347788732170088e-02
4.239383855568126108e-02
6.325635936286161387e-02
5.180850124509925325e-02
1.692644756141963719e-02
3.559887770079404185e-02
6.428970087795164712e-02
5.978281262896968651e-02
3.143655672871684820e-02
7.286532612188162394e-02
2.836491870009845082e-02
5.756812052815031555e-02
4.767635889614197514e-02
1.561412542458692765e-02
4.354819847616979434e-02
2.812306120250003191e-02
4.430413212577154203e-02
3.506192774666862244e-02
3.652557117569780326e-02
6.808901520336074764e-02
6.604145955125735601e-02
2.262328858449319177e-02
2.374958851642185870e-02
3.984894361548865088e-02
3.781537747330067367e-02
3.090289793058144732e-02
3.744324988052617764e-02
6.366702947374293375e-02
5.731855712164298650e-02
4.226830277817376219e-02
5.957805919230312053e-02
3.375556155930040797e-02
3.506392438296199870e-02
3.814491576494409564e-02
3.352789804151528469e-02
1.847829117393597065e-02
2.249685914713398308e-02
5.189168910150750852e-02
5.114997596582088191e-02
3.192094264872043924e-02
3.615970831165093297e-02
4.073210987292823215e-02
5.587565367026781776e-02
5.269656615533248323e-02
4.481949097057529724e-02
2.058267548429085561e-02
4.049173175734820801e-02
4.825165971154151551e-02
8.826983453032546945e-02
5.434643664326310047e-02
3.632527340983678771e-02
2.674386005907923580e-02
5.109023368096515111e-02
6.297598248496497075e-02
4.687129813190359096e-02
4.085479894126714528e-02
4.381597028293333224e-02
4.177415155061607599e-02
3.548451050873631385e-02
3.475120023205256065e-02
6.812434704272715691e-02
6.101649430746593217e-02
4.923271937896653294e-02
2.523937494038437299e-02
4.921085245588586315e-02
6.073596280842036982e-02
6.777965497851520804e-02
3.460673067343022352e-02
3.555104686155769605e-02
4.143401097633148816e-02
4.348428847054883195e-02
4.175797540232047134e-02
4.709237551558975027e-02
6.433861493076065141e-02
5.251384470293920387e-02
2.663350124319625867e-02
3.743557461601002695e-02
5.480871126983097308e-02
8.770974423966608480e-02
4.927192567244357418e-02
4.130684640324973345e-02
2.078340686013674735e-02
4.555207804279816364e-02
5.185264761419641766e-02
5.566043265825915132e-02
4.050929783825386182e-02
3.537411783306286528e-02
3.223387996814872786e-02
5.010199602839768285e-02
5.260859534276249999e-02
2.306745700663413376e-02
1.905566792763249348e-02
3.337108650882115307e-02
3.855714935711063857e-02
3.558747143196273888e-02
3.427395169159352939e-02
5.931157430889205662e-02
4.197626707929209833e-02
5.651765962643195279e-02
6.216416539926090945e-02
3.834392525160982418e-02
3.186148240382383201e-02
3.737237681837182746e-02
4.047337805902739144e-02
2.254975502156568098e-02
2.326287316960332432e-02
6.652861852076077942e-02
6.840076299269544358e-02
3.702767167326627418e-02
3.525540020324008372e-02
4.261264405095455121e-02
2.770667075064700904e-02
4.059816263657561874e-02
1.580704855075721130e-02
4.431543474983784536e-02
5.670984465179570305e-02
2.750519870965954447e-02
6.829604066048552968e-02
3.333082222321816224e-02
5.930273051571673809e-02
6.503263541408151049e-02
3.543407684325647344e-02
1.706976668740090020e-02
5.238911734621062855e-02
6.045248335791945232e-02
4.062531991561298822e-02
4.449810633808377186e-02
3.733442831905363357e-02
2.568347240714769636e-02
4.518755008616147373e-02
3.338150856860145482e-02
4.348468345504113292e-02
2.661037774871527137e-02
4.569986643912467977e-02
4.467321734427003033e-02
5.511307639111708706e-02
4.591144259019444562e-02
3.777432209038228406e-02
4.108631117054420412e-02
6.972212155377280340e-02
4.367623238246946121e-02
3.982007392088024456e-02
1.135808471201541214e-01
3.393345468134035398e-02
5.580067363322396834e-02
3.580452123495466571e-02
3.424009828437493685e-02
9.895697481213888702e-02
1.483857595177371161e-02
3.915756095561143124e-02
2.769349911867063224e-02
3.963764377717176463e-02
7.780668725663660024e-02
3.730131427708711228e-02
2.476380800690221318e-02
3.694426281656385674e-02
4.031884417368390011e-02
3.467971383554480785e-02
1.041830840045734341e-01
3.390222405702034147e-02
3.141715988633322215e-02
5.088399900451198721e-02
7.640288005842230112e-02
3.147038621841660722e-02
3.403117711838720555e-02
3.492364253850385736e-02
5.036241473994804152e-02
4.665186185734700869e-02
6.862564071389426479e-02
5.556036489886442831e-02
6.999851659806698156e-02
9.225730930058070184e-03
1.130710817038860089e-01
1.661652130496768798e-01
6.676477414511540476e-02
7.659971121702027763e-02
5.443315359459862529e-02
7.704535112943454445e-02
3.943625174249686810e-02
3.428054350362025327e-02
5.163052424719165312e-02
5.108848998800613606e-02
8.333545706969514022e-02
4.278658389568331527e-02
6.308628162093436742e-02
4.229318968717461075e-02
8.319838053005236544e-02
4.353089335471586191e-02
3.987505291768931454e-02
5.813881033802351800e-02
6.559076098658332687e-02
2.471307413179464618e-02
3.844539097671297728e-02
5.299125285969891880e-02
5.016747777260497504e-02
3.605866904635851578e-02
1.056649686762108492e-01
1.125917055326558225e-01
4.297973028678309104e-02
7.084380993943638349e-02
5.841988609304929470e-02
5.187023015832487732e-02
3.540488407579337610e-02
9.251280574655572353e-02
1.477200359591640810e-01
1.184722307962231685e-01
9.716026996988182118e-02
5.119956821970643446e-02
1.934830661423492248e-01
1.644524185744228040e-01
6.672507206840505578e-02
1.522566228811629563e-01
1.151876318485773598e-01
1.939356823226719428e-01
1.528095570603824060e-01
2.364345626479152640e-01
1.749532141422851794e-01
9.266541441464312689e-02
1.123200784237255584e-01
1.364569993347315158e-01
6.649629095299108839e-02
1.278440737787471249e-01
7.388765451759408964e-02
1.970825151965361066e-01
1.762512677386096904e-01
1.866941592288064167e-01
9.722034697786044455e-02
1.975582932933205860e-01
2.259478948449011870e-01
1.586958958470072178e-01
2.215965941714179155e-01
8.436880524256548664e-02
3.121988909055548600e-01
2.573134011035426716e-01
2.895956084211873116e-01
1.195205667963189500e-01
6.297839953896111620e-02
1.810082818740577637e-01
1.603446084173960062e-01
2.296457647693671555e-01
2.187630455504935567e-01
2.447848694266876457e-01
1.350495088340883665e-01
3.028788857957818714e-01
3.290744773502681797e-01
2.176670042919108539e-01
1.413240044152078712e-01
2.291094582532668122e-01
2.303059447229409973e-01
3.489110312944008752e-01
2.952097551516099094e-01
3.188434161721420690e-01
2.407622196321068941e-01
3.879202094563204972e-01
3.938243579345674372e-01
3.390166144199298071e-01
4.034864609333251861e-01
4.020430752988710110e-01
3.935764306537165580e-01
4.025673690043665709e-01
4.343419099760899571e-01
4.361876430934961690e-01
4.126705770078795688e-01
3.153841530424729700e-01
4.128645316171402624e-01
4.365956688497293348e-01
4.348936312881156452e-01
4.033001980170662915e-01
3.945072402693818314e-01
4.032196495493221566e-01
4.049805743937551217e-01
3.404656700469114172e-01
3.954460532701242759e-01
3.894769903551000834e-01
2.421592035093214634e-01
3.209625596496944455e-01
2.969886568019474149e-01
3.511692424243569866e-01
2.317678189055431826e-01
2.302376690545434590e-01
1.425196593030989278e-01
2.194788803140111377e-01
3.323693747236400875e-01
3.054636099137820193e-01
1.363187888985048224e-01
2.469907542569939052e-01
2.215688168251215562e-01
2.323497360417063062e-01
1.619361053398427619e-01
1.829263525141487934e-01
6.410716769560348416e-02
1.216044590936168901e-01
2.917644876510578911e-01
2.596147970523984827e-01
3.159115845929882926e-01
8.583759186354035509e-02
2.257920271552379954e-01
1.616826322892936652e-01
2.280419529087723551e-01
2.008989223380761024e-01
9.777619099683121373e-02
1.897284221070584809e-01
1.793802751244305826e-01
1.995800074166257099e-01
7.540580010794822874e-02
1.300420730497885702e-01
6.846427787927328312e-02
1.377437440100401922e-01
1.148062315752732127e-01
9.386502612566538506e-02
1.799545546206093860e-01
2.416396908795695742e-01
1.545825444695201334e-01
1.982695730775935472e-01
1.183077461743543973e-01
1.526089219831257837e-01
6.880773909861756521e-02
1.673798586077162032e-01
1.969324662348221344e-01
5.224097861925651454e-02
9.753404848613950184e-02
1.207031098970565292e-01
1.508428110868155481e-01
9.537520521863961098e-02
3.654509214147046159e-02
5.243952602921896772e-02
6.076064066344828707e-02
7.235235460042156730e-02
4.386897699167808390e-02
1.154714424297591940e-01
1.071289613123279222e-01
3.720669812757566863e-02
5.296098214588643854e-02
5.476540747472714160e-02
3.936774007346168641e-02
2.584907119936408898e-02
6.850355264234417318e-02
5.819498031024502444e-02
4.044012277531089383e-02
4.462643372147250681e-02
8.598682256538645041e-02
4.367213868203673882e-02
6.360325863509636024e-02
4.267867585033834066e-02
8.629884493801784351e-02
5.185529826937670950e-02
5.111943285611441484e-02
3.538491303836753532e-02
4.013474428793400300e-02
7.845481014919279683e-02
5.512652880781170051e-02
7.872759712045263036e-02
6.888860013606325217e-02
1.684099552988281567e-01
1.162387565282877316e-01
9.347787962918484295e-03
7.238013996952981366e-02
5.779825215460536458e-02
6.822967515515460102e-02
4.725157755083397165e-02
5.156868895586638052e-02
3.629687791189149110e-02
3.560005618555359130e-02
3.296972855968778593e-02
7.741462748463416588e-02
5.284812456972522859e-02
3.128444444393781859e-02
3.380763216728351062e-02
1.066627451771530594e-01
3.531153951825178466e-02
4.098198919214440100e-02
3.951629166156118977e-02
2.580251373844296911e-02
3.668278960384566828e-02
7.730023212838986468e-02
3.988440799786375363e-02
2.855686470777427099e-02
4.069653537701174717e-02
1.581663895152960256e-02
1.008753629162069121e-01
3.429281594346401951e-02
3.678852171793593057e-02
5.837447471106063657e-02
3.590346839269489138e-02
1.140191944109795602e-01
3.936628010297239799e-02
4.457823930814836660e-02
7.078828038792353561e-02
4.089925251445419158e-02
3.840238997086086598e-02
4.663999586099473738e-02
5.634179657942562508e-02
4.543980882229215618e-02
4.563787760376724484e-02
2.606095234480726094e-02
4.459895187964910829e-02
3.185810745502568042e-02
4.392512585670802633e-02
2.618821971031029885e-02
3.884871449409633276e-02
4.508945793320243839e-02
4.194169184497043706e-02
6.255604398691003154e-02
5.194568442010995962e-02
1.696002225799733004e-02
3.554824679013755123e-02
6.446447421045689574e-02
5.966176761034084480e-02
3.186593780474474696e-02
7.165270004467182152e-02
2.813871130299638521e-02
5.734966688100250759e-02
4.674779021012546998e-02
1.565718448271735327e-02
4.282080013783445133e-02
2.802239367968521744e-02
4.386981377515276198e-02
3.510354275238162375e-02
3.663887275573207702e-02
6.815935421234314839e-02
6.614918379218250044e-02
2.276603747956114712e-02
2.344886211864387338e-02
3.998728416629451776e-02
3.771709263843427834e-02
3.110912040572839238e-02
3.763337053898417606e-02
6.333796972358753108e-02
5.714228930003677209e-02
4.219784863424978771e-02
5.951832720275575944e-02
3.385796305272760487e-02
3.517640347018913954e-02
3.822988329676405700e-02
3.349377913248337280e-02
1.859405353044740056e-02
2.261654313523023263e-02
5.203820064438605814e-02
5.092003529672142759e-02
3.198514909869860229e-02
3.598165481913894598e-02
4.067791041211424319e-02
5.582778406114834169e-02
5.251341924787812643e-02
4.496052445875129561e-02
2.062389110561542449e-02
4.065616022353454179e-02
4.844455931799755699e-02
8.815265711027035767e-02
5.444094339904882035e-02
3.655017909116722863e-02
2.672070770901145004e-02
5.136676973364029397e-02
6.324281068581058540e-02
4.691600881693082370e-02
4.103120024791052228e-02
4.374799427772474436e-02
4.170537763791046237e-02
3.549770911117489103e-02
3.472207007729775224e-02
6.805528568316619731e-02
6.096032892242909257e-02
4.922834549864629761e-02
2.523937494324895309e-02
4.921522533667867239e-02
