4.394731039302968711e-01
3.970381255951721533e-01
3.870231105250411807e-01
4.184026081073701775e-01
2.839160655729081051e-01
3.938233587892834286e-01
3.206231531222511477e-01
3.590895557834051788e-01
3.316265812622152809e-01
2.713997254063937881e-01
3.093961850684379122e-01
2.514860802655597416e-01
2.552180084562614693e-01
1.115363160973166234e-01
3.447052281614321201e-01
2.290747774716559437e-01
1.889511587140577653e-01
3.155416107506122669e-01
2.314813651003028439e-01
2.078260828640253466e-01
