1.744862453013051040e-01
1.766561866126256652e-01
2.069400004232249957e-01
2.090121558538479973e-01
1.230743619347676038e-01
2.185020831560631482e-01
1.586155944919198091e-01
1.215299796464517218e-01
2.178642873092511423e-01
1.651139814952662654e-01
2.002289941083333080e-01
2.121462064060367358e-01
2.284904482917887725e-01
1.673046360503596952e-01
1.767508576990864111e-01
2.325050616329848441e-01
6.237913906215746679e-02
1.698605371675044051e-01
2.102355650960098243e-01
2.489009853285125695e-01
