1.938158095731091490e-01
2.388787970646434888e-01
3.204313905430916654e-01
2.135536976553087107e-01
2.454068038571015908e-01
1.313470678850451601e-01
2.404660461430575824e-01
2.130012457283893546e-01
2.393767084542197388e-01
2.875766911498113254e-01
2.072110596888869227e-01
2.413112828115770991e-01
1.416257890402101982e-01
3.000215876851652919e-01
1.964406290574944314e-01
2.886838290543184971e-01
2.769633925680502484e-01
2.669418240968671197e-01
1.545845196161729773e-01
2.182220147558710799e-01
