1.545845196155924417e-01
1.082131992149612670e-01
2.769633925680289877e-01
2.820303228852970023e-01
2.205935002512271204e-01
1.964406290487620832e-01
1.416257890403014585e-01
1.441262685995973736e-01
2.257637239620782221e-01
2.413112828115879516e-01
2.393767084541957857e-01
1.973456819660572015e-01
2.130012457282832727e-01
2.762806855109411486e-01
2.638785139558098014e-01
1.313470678849404938e-01
2.135536976552662447e-01
1.995466941065671129e-01
2.388787970647933689e-01
4.533273410384774937e-02
