1.998585126547876567e-01
1.492195406126828050e-01
1.883837531251519037e-01
5.618261938481224071e-02
1.688781848916809103e-01
1.766208292456558360e-01
2.226558490770310650e-01
1.661870624509876049e-01
2.000119224777152371e-01
1.232093132891944609e-01
1.651288968893518949e-01
1.732391808178406767e-01
2.425759739127882342e-01
1.894202545818478300e-01
1.190068049505665498e-01
1.691848423330870321e-01
2.135364341403749311e-01
2.060940104233711379e-01
2.131477983565143453e-01
1.990172483295049588e-01
