3.938233587892720489e-01
2.839160655729050520e-01
3.206231531222542008e-01
4.184026081073673464e-01
3.590895557834038465e-01
3.316265812622161135e-01
3.870231105250311332e-01
3.970381255951702659e-01
2.713997254027346595e-01
3.093961850626880672e-01
2.514860802655539684e-01
4.394731039302596232e-01
2.552180084562588602e-01
1.115363160973461415e-01
3.447052281676281638e-01
2.290747774472141063e-01
1.889511587172543472e-01
3.155416110352788905e-01
2.314813640657213401e-01
2.078260828773075553e-01
