2.478186622397214323e-01
2.151388124170027505e-01
1.458648017816449316e-01
2.286387562598193868e-01
2.537439136190016709e-01
2.127473226301410947e-01
2.270554863867013107e-01
2.016330400952404678e-01
2.289175027662872508e-01
2.367544094468325977e-01
2.195590097782198769e-01
2.421632552391217164e-01
2.177517720653099065e-01
2.292206131820227755e-01
2.349090056198476495e-01
2.229097576004184511e-01
2.229860457047898870e-01
1.781129153107507690e-01
2.604428500580986960e-01
2.348814992735054896e-01
