1.467940628058592711e-01
2.206545637569302665e-01
1.758548829449139705e-01
1.007828235385999360e-01
1.488186248702980385e-01
2.071016715299772437e-01
2.088052270920986719e-01
7.713728830715613216e-02
1.630045479271947650e-01
2.110118931760056049e-01
2.433279668250392103e-01
3.230271093584324293e-01
2.518962560276606366e-01
2.707760635592640353e-01
1.998286111326052217e-01
1.013725764386671779e-01
1.732695629124002823e-01
9.842495761428919632e-02
3.248018179054480425e-01
1.926927643134504209e-01
