4.443966350154024969e-01
4.441220708838548581e-01
4.446839887199141583e-01
4.444902796340579054e-01
3.832803364487234465e-01
3.844220735411441048e-01
3.827488429669717585e-01
3.834931743905704571e-01
3.817232891744204437e-01
3.827099204506966279e-01
4.448706420050456689e-01
3.906346289517711456e-01
3.910379249690137948e-01
3.816480457210583710e-01
3.832745158824280574e-01
4.168111084507025721e-01
4.164926841983637162e-01
4.015015613296186725e-01
4.019582334258037237e-01
4.442392688119707334e-01
4.013650621599477719e-01
4.022317223711094902e-01
3.912636135012547145e-01
3.906151649172307505e-01
4.020968663853497493e-01
4.018952262644105988e-01
4.143298721738468138e-01
4.207861440086833604e-01
4.183723191579281075e-01
4.190683182898761183e-01
3.926045896774490451e-01
4.155613065091701697e-01
4.046043280116672913e-01
3.803137287153596779e-01
3.804084211745507038e-01
4.219629075251607464e-01
4.232578649877820620e-01
4.412249818200190132e-01
4.410414538559791486e-01
4.078715947369068173e-01
4.023956373505820361e-01
3.667890911380372043e-01
3.813646910525843592e-01
3.566781146911628952e-01
3.771038516967947785e-01
3.807698761081329542e-01
3.814503256566986189e-01
4.410878918546312089e-01
3.877391529770521927e-01
3.853968712399422070e-01
4.416077224497904630e-01
4.432529837569851305e-01
3.889443048946231163e-01
3.904645691545703956e-01
3.768949265960174766e-01
3.755250862758175989e-01
3.755368918855551130e-01
3.675011885631512265e-01
3.596706539262626290e-01
3.642681662921564145e-01
3.820253800664941690e-01
3.820838490141760801e-01
3.739484097907084803e-01
3.802850345364854334e-01
3.766935708915103431e-01
3.786417119682448651e-01
4.298658739121292705e-01
3.742984244410123007e-01
3.775111035212288524e-01
3.791214836279924172e-01
3.710960266355485260e-01
4.050946903044087555e-01
4.056771188771451375e-01
4.071572364755761675e-01
4.064332837351751215e-01
3.826411039952997695e-01
3.826275535117242277e-01
3.985512322960279574e-01
3.935583341366178933e-01
3.950298560466544151e-01
3.852709767084003811e-01
3.703634585692678338e-01
3.835495195474649677e-01
4.195690326456664176e-01
4.236634269232904537e-01
3.768801627991916758e-01
3.703830808560096832e-01
3.611244804227203842e-01
4.132091527275563725e-01
4.256139562855962843e-01
3.888580538502952044e-01
3.939935106622239891e-01
4.041130826671504583e-01
3.752100024115180288e-01
4.096985962972493622e-01
4.202340640370424985e-01
3.772389371022630833e-01
3.725338133069625579e-01
3.766831234606361489e-01
3.574682417904919141e-01
3.707283462053112544e-01
3.530231280179219611e-01
3.788673401301720367e-01
3.771554015532556647e-01
4.070020284503462760e-01
4.159867127484546678e-01
3.858245266607925883e-01
3.827374984590881102e-01
3.844031631319577702e-01
3.804296757548618624e-01
4.251950680107004499e-01
4.242701970382024013e-01
3.832049874426870506e-01
3.773334386521580708e-01
4.177170298580705210e-01
3.986170956100641427e-01
3.985271425114840782e-01
4.208590942566013959e-01
3.773454079106265402e-01
3.465926065953069957e-01
3.855240388942705598e-01
3.777305255158308062e-01
3.660265081958767874e-01
3.853968014281657362e-01
4.244600757205382324e-01
3.700058437212055962e-01
3.648338263029605177e-01
4.034306912928999900e-01
3.645881845613225813e-01
3.961306692830346976e-01
4.005481190050634854e-01
3.636508452040499439e-01
3.694350000347589869e-01
3.642694790660321313e-01
3.781117020369987869e-01
3.901455874417034675e-01
3.877404205087554567e-01
4.131850649871009473e-01
4.050710456868225062e-01
3.936944065219098454e-01
3.892250644294329431e-01
3.602285663916928726e-01
3.605623062730005102e-01
3.951135778169509449e-01
3.871218930363263810e-01
4.154368966991759948e-01
3.758772787670240367e-01
3.844047783978206678e-01
3.561527524708776316e-01
3.849310851174551629e-01
3.864848129709566038e-01
3.879577391082416615e-01
3.800789623674283302e-01
3.786806051074092516e-01
4.225807794232687153e-01
3.978065041635402421e-01
3.437363766565150747e-01
3.596615189150271785e-01
3.618359723452482801e-01
3.609179909098336747e-01
3.582567759467654156e-01
3.655928835260720544e-01
3.471554964723715386e-01
3.629742208791476576e-01
3.627811916223455113e-01
3.612470571868007796e-01
3.921180227533923035e-01
3.495329645788965989e-01
3.523147514131453883e-01
3.837028115523871130e-01
3.499361943699050848e-01
3.551247457678046171e-01
3.889751984243215444e-01
3.841531614668186601e-01
3.682645566059369324e-01
3.631284301499849154e-01
3.542100370221442085e-01
3.478733229412145911e-01
3.511933087805593212e-01
3.872293622760761833e-01
3.656911847479499822e-01
3.693123219777713073e-01
3.890744023249645966e-01
3.418317727129224215e-01
3.587863487300896881e-01
3.400699168297409147e-01
3.553046821815123435e-01
3.363477992357525315e-01
3.534825045751966432e-01
3.475209493931289417e-01
3.582931928885977335e-01
3.468683535940399465e-01
3.458319772546632476e-01
3.542919399519018353e-01
3.562538261335194134e-01
3.644875936033356578e-01
3.567509811487916682e-01
3.865347475553361223e-01
3.907917628590732440e-01
4.025215820232700414e-01
3.932491409357896095e-01
3.742107072449367133e-01
3.772890342365698979e-01
4.015708344872465085e-01
3.998695840809298740e-01
3.609463343975685135e-01
3.657532909994888892e-01
3.506615269190911377e-01
3.544467509663294935e-01
3.310705072239942814e-01
3.525082295412225730e-01
3.484328372526108164e-01
3.470359016617472481e-01
3.493765989803762628e-01
3.424462607336662967e-01
3.290949323637467061e-01
3.565700760095477095e-01
3.471825743185972812e-01
3.608369675599923387e-01
3.698724949679575436e-01
3.580275051565914857e-01
3.675500359939809503e-01
4.168074299841118546e-01
3.557767858894174684e-01
3.510431423800194350e-01
4.053828307214468740e-01
3.559755685342348430e-01
3.706936375980335319e-01
3.497256109177040995e-01
3.461804858346684832e-01
3.708470339843464858e-01
3.516364184071393839e-01
3.572565587633044770e-01
3.477973353956507196e-01
3.404992780539100594e-01
3.807076111384770645e-01
3.636548783035972732e-01
3.712940849453334469e-01
3.381733298349404726e-01
3.407251571693619696e-01
3.478526075522433425e-01
3.651208360480447945e-01
3.520243433741195860e-01
3.560324045648985969e-01
3.563719044548843695e-01
3.248956929456819354e-01
3.539441339452454316e-01
3.523930434704669601e-01
3.336173171894404876e-01
3.368023564621730470e-01
3.418176130717541228e-01
3.235301006704037752e-01
3.421515793666081717e-01
3.344638454304493802e-01
3.707329050152040062e-01
3.394818706336019676e-01
3.409859257727642090e-01
3.706326128676555864e-01
3.824613620738658293e-01
3.604909856400899670e-01
3.358458471096247844e-01
3.521903267296546125e-01
3.400038184305225752e-01
3.540361870314657766e-01
3.329184867261925640e-01
3.484559739182341853e-01
3.410442812354616549e-01
3.621661799497412071e-01
3.238000185367221895e-01
3.142675461234447076e-01
3.332025548583963381e-01
3.721718618785883614e-01
3.129868970832803132e-01
3.339566312655048441e-01
3.450058229510649110e-01
3.415436356027574116e-01
3.179343603002709462e-01
3.382171333559342297e-01
3.379428982863727504e-01
2.957470346980412002e-01
3.490372728354772525e-01
3.298957832896236009e-01
3.221376971060164185e-01
3.233237821566814496e-01
3.218753048577279730e-01
2.892946719655368759e-01
3.300709103992515159e-01
3.003353464803469874e-01
3.552776073743003082e-01
3.361547555715674318e-01
3.306049612380172475e-01
3.072849182576469218e-01
3.082482754589923601e-01
3.272675775694356970e-01
2.818139811489032143e-01
3.036431485372014238e-01
3.617646771323087540e-01
2.846799726759730587e-01
3.297146351589796964e-01
3.561313442830532083e-01
3.228828795908211258e-01
