2.673679876017758250e-01
1.545138232753420215e-01
2.216094933800245304e-01
2.228687661586434277e-01
2.255107765457889379e-01
2.228729633775509977e-01
2.116203320162990953e-01
2.550398195327609474e-01
1.427416645349215141e-01
2.063751562261772476e-01
2.216947895926622836e-01
2.640815208839484840e-01
1.326304499375353663e-01
2.747839171628500554e-01
2.199431534499858287e-01
1.993082505837089347e-01
2.506452135683747140e-01
1.763280771927199508e-01
1.840730351204260540e-01
2.345372378321923523e-01
