2.436633499401850700e-01
2.054653884681787723e-01
2.217412201476981759e-01
2.300527150617556749e-01
2.415040708881663056e-01
2.306616815864945269e-01
2.022579158319473547e-01
1.929892172598440536e-01
2.006926722812999442e-01
2.353044752634435577e-01
2.013315648452993489e-01
2.063906634153312714e-01
1.898804569358264749e-01
2.437473269521553687e-01
1.969269486907040956e-01
1.992744128335838250e-01
2.195203398458134281e-01
2.451455013803816307e-01
1.911507047307746676e-01
2.648770303076150023e-01
