2.651501123438404495e-01
1.604644208891140011e-01
2.650970344580257931e-01
1.964848185009410719e-01
1.603948819266346193e-01
2.366432378685950910e-01
2.011264830522705438e-01
2.271854625004629813e-01
1.907078174933845294e-01
2.331794082204113050e-01
9.643473927037650439e-02
2.004446559330719801e-01
1.650607001164279553e-01
2.289714044732152898e-01
1.212711354814394044e-01
1.632454180437610813e-01
2.391456840257159822e-01
1.916170552995307419e-01
2.410921280676817935e-01
4.533273410698000078e-02
