2.327650909863411277e-01
2.022071634810321261e-01
2.787811677225981999e-01
1.154855962085347687e-01
2.342796843047611210e-01
2.448778133587388994e-01
1.999293250426469604e-01
1.869230089682578089e-01
1.963296618094448609e-01
2.331126875658691422e-01
2.404740828864317115e-01
1.399386864680874643e-01
2.704752858014353722e-01
2.548146152409270782e-01
2.209128590255976798e-01
1.894464437537994594e-01
2.249690208108900691e-01
2.321763893580872651e-01
2.769034192874459399e-01
1.561530530038227615e-01
