2.229204422047956768e-01
2.207624523706690489e-01
1.252226350441859315e-01
2.138698874220717472e-01
1.035249424257241035e-01
2.096476372170767155e-01
2.651052399923959357e-01
1.684357842934293970e-01
1.838255298478807809e-01
1.580875730875663243e-01
2.400121205595126539e-01
2.511549685446279878e-01
2.281279542420811268e-01
1.442679071352891695e-01
2.264912522985043086e-01
2.106483290861176361e-01
2.596627070182317976e-01
2.744061878405686383e-01
1.561530530448299869e-01
1.852510377116914631e-01
