4.533273410388478919e-02
1.916170552993542442e-01
1.995466941065056621e-01
2.638785136841514389e-01
1.632454181491231615e-01
2.762806861730214836e-01
2.289714044774151525e-01
1.973456819660175388e-01
1.650607001166061460e-01
9.643473927037303495e-02
2.257637239625836234e-01
1.907078174934116466e-01
1.441262686007627469e-01
2.271854624937224842e-01
1.603948818193248194e-01
2.205935007275625082e-01
2.820303228851867017e-01
1.604644208889832724e-01
1.082131992144517024e-01
1.545845196342642280e-01
