1.613594162080742855e-01
3.248018179055433552e-01
1.947750755887221741e-01
2.078260828937556481e-01
1.013725764388132278e-01
2.707760636073308635e-01
3.230271093583820252e-01
2.314813640655440374e-01
2.110118931760943117e-01
3.155416110357324166e-01
7.713728830722293983e-02
1.889511587171296692e-01
2.088052270912769681e-01
2.290747774725963304e-01
1.488186248757920604e-01
3.447052281660364370e-01
1.115363160811424226e-01
1.467940628058159169e-01
2.206545635481928780e-01
1.758548831142417723e-01
