1.926927643166407855e-01
9.842495761429313761e-02
1.537032158345419119e-01
1.732695629125050041e-01
2.218067041629497305e-01
1.998286111323881453e-01
1.792503963059059180e-01
2.518962560280268437e-01
3.255430361886636481e-01
2.433279668252079919e-01
1.630045479262413888e-01
2.646873193428854187e-01
1.598759305859723534e-01
2.071016715204923586e-01
1.007828235385744980e-01
2.111886148525561335e-01
1.758548829451221651e-01
2.206545637570429264e-01
2.279740465580597786e-01
2.182220147688082312e-01
