1.115363160973119050e-01
2.552180084562419848e-01
2.514860802655849992e-01
3.447052281614593205e-01
2.290747774715488905e-01
3.093961850626311683e-01
1.889511587172804652e-01
2.713997254027715189e-01
3.155416110352392001e-01
2.314813640656798732e-01
3.316265812621842501e-01
3.590895557833945761e-01
2.078260828936012161e-01
3.206231531222759057e-01
1.947750755694667435e-01
1.613594157368755111e-01
3.938233587895731413e-01
3.248018179055559562e-01
2.839160655732093086e-01
1.013725764389335204e-01
