1.884443188019289395e-01
2.259495353038931675e-01
2.496183964929802601e-01
2.702252255486963239e-01
2.662492960385476892e-01
2.173685481486895554e-01
2.544381200995132764e-01
2.588293288067529119e-01
2.823718982391700827e-01
2.592233453214664030e-01
1.649371938378760838e-01
2.309079018677341888e-01
2.489215459487927884e-01
2.323232604837920656e-01
2.712036440054904074e-01
2.315062853400367271e-01
2.036096622473341777e-01
2.099941221320162366e-01
2.145041282458928222e-01
2.624277184669798202e-01
