1.990172483296583361e-01
2.410921280676435463e-01
2.060940104234504910e-01
1.691848423330760132e-01
2.391456840257272509e-01
1.190068049401615535e-01
1.212711354848244882e-01
1.732391808179007675e-01
2.004446559330650690e-01
2.331794082204954877e-01
1.232093132883821801e-01
2.000119224791915562e-01
2.011264829787305641e-01
1.766208292223518384e-01
2.366432378685626725e-01
1.964848185004968439e-01
2.650970344577763815e-01
5.618261938484753887e-02
1.492195406174672834e-01
2.651501123738692622e-01
