1.356256330003389188e-01
2.021785658883245018e-01
2.493876035112314593e-01
1.956349982103292307e-01
2.034677202632379778e-01
1.127847858326814362e-01
1.599687476709031886e-01
1.536840346332521146e-01
2.098098976278801875e-01
8.172375442152379765e-02
1.388723747869248237e-01
2.438771994308158164e-01
1.914262841240484403e-01
2.094784851433533213e-01
2.649382193260946261e-01
1.749049703890793450e-01
2.218758280703933550e-01
1.984460969155381338e-01
1.993513708664664541e-01
2.321763893579908145e-01
