2.182220147518471320e-01
2.669418240962177502e-01
2.279740465581245601e-01
2.886838290599897383e-01
2.111886148523921813e-01
3.000215876850755858e-01
1.598759305850563361e-01
2.072110596888074863e-01
2.646873193429880589e-01
2.875766911497396050e-01
3.255430361887331481e-01
2.404660461431486485e-01
1.792503961933099299e-01
2.454068037997488849e-01
2.218067041630179814e-01
3.204313905430857812e-01
1.537032158345046640e-01
1.926927643216276298e-01
1.938158095942282277e-01
2.388787971376568897e-01
