6.666665864427593347e-01
6.666676176031415268e-01
6.666644998595030458e-01
6.666643152435263175e-01
6.666725306998043665e-01
6.666605873972427654e-01
6.666564641668063507e-01
6.666571409223481792e-01
6.666446857040843055e-01
6.667071856312000167e-01
6.666187882133641773e-01
6.666513264669252647e-01
6.666247124933686319e-01
6.667143540430674475e-01
6.666408401439360976e-01
6.666592009825532683e-01
6.667329160844671643e-01
6.666593423993136813e-01
6.665291073841026481e-01
6.666941945753229737e-01
6.667215785160817143e-01
6.664865566300356425e-01
6.665492845917353470e-01
6.668394737606552214e-01
6.666319048198513508e-01
6.665581573154347739e-01
6.664011598548750248e-01
6.666031612622811409e-01
6.664332006150163190e-01
6.666755492383796833e-01
6.665499063223407905e-01
6.668609342848412780e-01
6.667218749204398831e-01
6.667164511450175413e-01
6.665179694440637181e-01
6.664951149581522793e-01
6.661999537482089506e-01
6.654394291531139372e-01
6.665380159403189175e-01
6.664592283453554256e-01
6.666601279639561284e-01
6.665611957039384583e-01
6.666528267985402101e-01
6.644842891806397311e-01
6.661969040653850094e-01
6.658712332511610432e-01
6.670766478338084893e-01
6.667799608488373941e-01
6.656186904744811894e-01
6.665065264872895856e-01
6.661839465449117537e-01
6.662736438997882704e-01
6.672036494753444957e-01
6.654702163877780352e-01
6.669921210639460085e-01
6.645741304112837700e-01
6.670525984060807767e-01
6.653434959978046237e-01
6.653724183262560432e-01
6.660342135971402122e-01
6.665979877084688976e-01
6.638448826522309609e-01
6.653003114845329469e-01
6.663211256512434622e-01
6.657111967093454208e-01
6.664712105109380502e-01
6.665176269922581387e-01
6.666687817897545276e-01
6.616668114503471143e-01
6.608648979015768754e-01
6.639046464827502714e-01
6.520573032750545117e-01
6.552011537585282763e-01
6.580465642109314395e-01
6.548143920541121821e-01
6.486722812458258769e-01
6.581930409593244047e-01
6.595170167042706533e-01
6.656923386666268039e-01
6.635427456950427905e-01
6.633706237151079099e-01
6.626888491060499708e-01
6.601497004620253684e-01
6.582324323421300249e-01
6.575371275884557276e-01
6.644371431498261593e-01
6.558049356750812464e-01
6.496246995775986077e-01
6.408695334899932039e-01
6.618143233566017303e-01
6.556081360642145306e-01
6.620875389313084503e-01
6.514375575870845481e-01
6.430103690784215731e-01
6.601666185354976291e-01
6.545064920591360247e-01
6.514915993655916449e-01
6.256361148466087485e-01
6.541417167753088568e-01
6.698422740624256910e-01
6.402905148402447955e-01
5.916453412124197397e-01
6.359293405190160620e-01
6.287445054793965316e-01
6.563960746198176377e-01
6.190596224970360550e-01
6.466660576414708927e-01
6.549636930140940727e-01
6.533355661217973287e-01
6.557660556921791617e-01
6.341389260146397255e-01
6.385357686107717701e-01
6.279197804084754031e-01
6.333500082215282045e-01
6.358817181493873205e-01
6.248532100644921261e-01
6.570336044207957249e-01
6.289682199517154793e-01
6.473857039734538521e-01
6.293672439385804562e-01
6.387360978146940926e-01
5.876634158355458215e-01
6.106415252882102518e-01
4.943871204955493370e-01
5.273420167777544965e-01
5.741781000858366957e-01
5.266109406751725563e-01
4.940510817302218305e-01
6.287257633012833802e-01
5.846068154047961984e-01
5.572970985612901718e-01
6.343197371577465882e-01
5.473360379574145895e-01
5.328811332891389974e-01
6.313494860948306586e-01
6.066202022504374458e-01
6.292800612465859755e-01
6.296471419984213114e-01
6.124608309861541144e-01
6.394717209510650813e-01
4.943546339222663066e-01
4.826223521099664571e-01
4.563763873721521369e-01
4.314874668951274028e-01
4.645352537273536586e-01
5.364231116024060775e-01
6.111062466861694187e-01
4.972147876521536003e-01
5.922686942509656216e-01
5.287522396813936210e-01
3.228528979414570510e-01
4.153376005091424239e-01
5.044789695662206253e-01
5.756906303181403839e-01
4.241578689004478209e-01
4.772216194074425100e-01
4.638532974936696585e-01
5.638330040783965380e-01
5.294612155931952557e-01
4.832075394331915574e-01
4.010191990931598616e-01
2.947032002165452802e-01
4.185435394379160567e-01
4.429473103850887217e-01
5.741700814958384802e-01
4.031110626797007046e-01
4.340922411232076561e-01
2.816102738719296061e-01
3.907813940227396476e-01
3.363476933274161529e-01
2.707893350618307826e-01
2.231333854364032088e-01
2.252969560161980911e-01
2.613625754078839347e-01
3.476632558535626694e-01
3.599194539282247751e-01
4.922430709208258648e-01
3.427005743490252887e-01
3.115898316906584586e-01
1.879011990294989221e-01
2.386155480689101105e-01
1.955894626165099182e-01
3.314512876380730777e-01
3.139757012758901955e-01
3.387995494094052096e-01
2.316642886321656214e-01
1.853964857817280432e-01
2.537022937231590558e-01
2.350570216295787551e-01
7.815118747559238188e-02
1.141839631158507173e-01
1.654713679645371527e-01
2.450500295625588631e-01
1.847484696372484747e-01
2.116118277616122756e-01
3.085233806003671586e-01
2.361022651327318866e-01
9.519901251103607409e-02
1.163157719021426367e-01
1.829962620058896150e-02
8.830532196094104114e-02
5.135507216118458812e-02
5.320639427837862284e-02
1.285523776121231532e-01
1.379248120227840879e-01
5.588852501409961870e-02
2.083392905501144921e-01
2.185583867602005903e-01
1.535418173473840631e-01
6.175323853995481199e-02
2.010566728055489805e-01
2.045441386081698620e-01
1.372914516925954620e-01
1.831311410051153221e-01
2.698969243580345290e-01
1.830671803028069700e-01
1.630961704207028740e-01
6.552822747290308614e-02
1.231095749664549294e-01
1.827629091918064053e-01
1.489918010240670887e-01
1.290748131690690748e-01
3.160391041339430385e-01
2.326604193786156183e-01
1.631064180707503808e-01
4.847424575351360482e-02
2.602886847083366595e-01
1.632517856398452705e-01
2.074228332397396735e-01
1.238523745993948960e-01
8.918007311626494071e-02
2.443706856908106628e-01
7.660451302455764666e-02
1.466488760317836426e-01
1.712545612999707423e-01
1.564441372739827640e-01
9.992885097178330622e-02
1.350995074210643576e-01
2.194903860046256427e-01
1.566133773108594196e-01
1.663278420598566232e-01
1.300255830425161852e-01
1.137203892661983878e-01
9.780606385541701364e-02
5.287817504175010286e-02
1.580072639973457982e-01
2.027021279774877394e-01
1.154287086490388969e-01
1.419290414521469090e-01
9.353064748896894320e-02
1.179608841943097092e-01
1.184948295981420596e-01
1.122898446891658630e-01
1.857482813726804294e-01
6.040033280213947392e-02
2.091655925862888066e-01
1.307950287880574047e-01
2.205649484603686705e-01
2.383027107530721611e-01
2.757292220299022989e-01
2.238973175821454831e-01
3.776453621708616426e-01
2.502356917504127143e-01
2.433703071072619850e-01
1.729492377186043761e-01
1.297319885309190790e-01
7.928559911606619659e-02
1.700258023406268915e-01
5.337567056844424312e-02
1.362225819587017384e-01
1.580847723102917213e-01
7.055017787530855344e-02
7.872682008290426969e-02
1.411113569301585824e-01
6.568757955985643493e-02
3.939783008305284412e-02
7.387523531396295029e-02
8.669631167990000942e-02
6.634455870900320129e-02
8.189492818646740280e-02
9.694621555509878863e-02
1.074810189890750556e-01
7.028835934362576143e-02
8.720237406867825669e-02
8.250592274974256901e-02
9.170332163765947120e-02
8.867000512122881484e-02
1.020931263359814573e-01
8.620386949355211825e-02
5.321242376022104065e-02
7.891684109379969170e-02
1.046819861439185484e-01
7.872095206063554895e-02
5.765372174328574351e-02
6.781467501290329436e-02
5.355914378337986448e-02
2.922304144428953046e-02
1.221361941985760480e-01
6.817425020311702888e-02
5.105614388408368648e-02
1.221449363887227163e-01
8.190406832773246271e-02
4.693979913952195382e-02
3.474124753640156493e-02
1.677788450851583069e-01
1.115872007666656868e-01
1.367487018325428683e-01
5.232536130507266237e-02
1.029984832559828062e-01
8.922983609312405695e-02
4.716438068515376586e-02
9.658525843645696107e-02
6.157796640745431122e-02
9.731080389174853740e-02
8.082365387034592952e-02
3.783476410303820980e-02
5.904805290205999285e-02
5.413904447349161819e-02
8.545678229516236180e-02
7.008840000413113502e-02
6.971122011608436864e-02
7.273137084478238645e-02
8.466818002504167273e-02
6.892295698301270646e-02
4.932132566552704933e-02
1.317338032345393983e-01
1.751398542063862737e-02
1.488982403761334727e-01
5.138033927914601590e-02
4.904897472620794313e-02
5.320189562040517073e-02
7.789166033301068992e-02
4.220113563475393070e-02
1.190579671042031884e-01
4.681443761186265817e-02
7.120196332945517848e-02
1.060925246630254476e-01
2.178858412917440701e-02
3.509683638591589577e-02
5.926287526513366460e-02
6.160849234118722512e-02
2.671825424820468628e-02
5.638552955533464306e-02
5.110093649547960137e-02
5.658457525524734910e-02
8.117788060897064562e-02
4.243609108609164293e-02
6.395611321070548971e-02
5.813930284280874328e-02
5.447542552513330583e-02
5.398644054334630904e-02
4.489634235768621279e-02
5.836535660019827321e-02
3.466413807362173083e-02
3.759698194106490809e-02
5.242759549873855784e-02
2.253235660968793894e-02
2.851265145367178760e-02
1.994020512152454641e-02
2.299402962359418587e-02
6.660249178842563011e-02
2.401850775177017533e-02
3.005209027033894573e-02
2.733493054795049088e-02
2.103934479571352087e-02
5.129802394566435747e-02
4.151055072442077359e-02
5.492504592667152297e-02
2.106796942455699956e-02
3.427216056215622031e-02
2.216092294452543660e-02
1.951903385510126224e-02
2.676828307917560740e-02
2.888544279659780237e-02
2.968266283157504001e-02
1.816228496922829908e-02
3.827363469503749366e-02
3.195737970933824890e-02
1.594067663120722622e-02
1.599672975496109137e-02
2.725105248938456196e-02
2.665391840543573573e-02
3.458485709559640242e-02
1.842622728237832547e-02
1.504057546476006077e-02
2.049204773349557959e-02
2.269592686937527831e-02
3.690025991680490752e-02
2.339646031429539613e-02
2.682302411039189788e-02
1.791525936413784423e-02
2.341686617442767168e-02
2.549544637901829044e-02
1.889138028245453127e-02
1.902211463993913956e-02
1.931677005299163932e-02
2.194979724440340035e-02
2.918207719819045781e-02
4.708227406662440079e-02
1.194352144355577579e-02
4.295241291347128704e-02
2.428515471291809932e-02
1.909226508428042354e-02
3.472622706186934138e-02
2.452123361847604460e-02
1.702021260755967602e-02
2.148378472592265762e-02
2.218982765943429761e-02
3.079915066658783784e-02
1.437688873237694814e-02
5.176806149910048033e-02
3.075986575049783830e-02
5.901905796307267693e-02
3.575535359129224100e-02
2.496616115551458792e-02
2.546963001636795218e-02
2.452481215596021349e-02
3.363812339962891224e-02
4.090875850243769901e-02
4.990997767786681943e-02
3.070844470830809761e-02
3.116619627123885100e-02
3.352894568758906652e-02
3.764969298870542158e-02
9.820281480940863672e-03
3.186983846419240429e-02
1.539469429488461542e-02
4.360507573397670589e-02
1.365464756563946648e-02
2.144543527289904244e-02
1.435342272766456859e-02
2.143907524432627984e-02
3.439891158981060043e-02
2.172170267893016454e-02
3.134802267492373812e-02
2.346836134612913932e-02
2.419810722625076807e-02
3.775419511329325406e-02
4.346136052687146756e-02
3.906468657505262482e-02
5.002529273738531151e-02
3.547786899628447427e-02
4.356062252351063091e-02
2.067443530930318865e-02
6.573889635219182237e-02
8.405318560816928131e-02
1.343190676149011789e-02
5.945050655845580262e-02
4.527407816204109814e-02
1.628755310614702148e-02
1.263563844900576251e-02
1.823953402376930766e-02
3.888682739944872291e-02
6.474710676177755642e-02
3.278732718205375901e-02
3.752199977504556277e-02
1.159591916833307111e-02
1.908678237344264839e-02
1.096646143633522863e-02
4.188480037522838983e-02
3.029475460801408018e-02
3.540278505602652975e-02
3.367169120046721587e-02
1.820447226650561204e-02
5.455012067554169952e-02
3.599786768005251020e-02
5.935040357401937666e-02
3.991413827085488891e-02
1.621681193389386960e-02
3.823327270282719098e-02
4.629102141958256478e-02
3.436838055154965016e-02
2.215701709550134402e-02
4.139165110877695425e-02
3.360814563355519341e-02
8.436079395056283667e-03
3.791748509853565263e-02
4.275410924717077538e-02
3.219661338510463461e-02
3.888957168246105073e-02
1.548825108206574458e-02
1.634545411077050966e-02
1.457713764945353652e-02
2.108181473250273635e-02
1.879640673717847960e-02
2.367461082554529056e-02
3.029450050280125747e-02
3.764044908227764247e-02
1.320899644955532415e-02
2.236993328376181769e-02
3.563854087706740115e-02
3.069512169234994009e-02
1.136074353688500300e-02
1.654439978510050327e-02
2.286583619361247030e-02
2.329351418828632531e-02
2.249608038021937151e-02
4.807612150489037200e-02
2.129834092766835080e-02
3.045498649217822165e-02
2.023335530638081456e-02
