6.724353605215410701e-01
6.648363730511266390e-01
6.639085025824251751e-01
6.258428320568633074e-01
6.058784134219297179e-01
5.688293303165237180e-01
5.884318148780267599e-01
6.322718237372517702e-01
6.225751897656331968e-01
5.144807719181382355e-01
5.892949829787642591e-01
6.258966762282869301e-01
5.651907013317730710e-01
3.647787464671785052e-01
4.792870198233093459e-01
4.877002962149845633e-01
5.624685848489133777e-01
5.068698859930106382e-01
5.734101662509933917e-01
4.343847243824494053e-01
5.019164517531097269e-01
3.688677274856183019e-01
5.926767678518588545e-01
4.348042343188104342e-01
4.907511214702163227e-01
3.464361850737211479e-01
3.433031392868134968e-01
4.949066108980634260e-01
2.015684923422998986e-01
3.584776910804361449e-01
3.570214772552877114e-01
2.336745445438201396e-01
1.815665124668659758e-01
1.696768187744350787e-01
1.647186032225371743e-01
1.779416133726665628e-01
1.510054801494989385e-01
1.603599986287682910e-01
1.349219904540544801e-01
1.908320317168070990e-01
2.519859841386975496e-01
1.221451672321970383e-01
2.484689147596237102e-01
1.686507960412895191e-01
2.602199275276932955e-01
1.029049874223738337e-01
1.311170031661092750e-01
1.239209690126185648e-01
1.293554100174825194e-01
1.545095805622921370e-01
1.822929396705363081e-01
1.183947850195013335e-01
1.343069140646933890e-01
1.064135989654039494e-01
1.498992032857125734e-01
1.459888009613483084e-01
1.429319837188871845e-01
1.032561071200825270e-01
1.043454431192654269e-01
8.386752698254452965e-02
8.507863981709835877e-02
2.244625116988573366e-01
3.237550481579591355e-01
1.539117992391923762e-01
6.822310874604127495e-02
1.261245152294404870e-01
9.708006246412231866e-02
1.650397225032444737e-01
9.506169928776647682e-02
1.420770209445111620e-01
1.247518071715791044e-01
1.667037545891218997e-01
6.235968070143150382e-02
1.538249170731517401e-01
5.374005694455881443e-02
1.229203243654587718e-01
8.302109286573627900e-02
8.381467048805549269e-02
1.312263890902817531e-01
2.653966999757927797e-02
4.479232904860229458e-02
5.219262907362710868e-02
7.577225894515067506e-02
8.394705103609535757e-02
7.575276250334748995e-02
6.709114051999608141e-02
4.866729682485058939e-02
6.064673510861806616e-02
1.050000491980928180e-01
6.599818017263378578e-02
7.343511011031397806e-02
4.869050230416972769e-02
5.953185198180184490e-02
2.436893072272842964e-02
3.032003434318298468e-02
7.659955590790694380e-02
8.241955202911577238e-02
1.121413296014590749e-01
3.908728241692295546e-02
3.540224338381872671e-02
9.916535592756191286e-02
5.022206638354709263e-02
5.197014536896040621e-02
7.394993720490723732e-02
4.922125050730298546e-02
2.592521777571608205e-02
6.312674278946051043e-02
4.217998600386772823e-02
2.359904246644120226e-02
4.851495944323990644e-02
8.166256285868457587e-02
5.218906383118353254e-02
3.683986558717065180e-02
3.256296705537644470e-02
4.740035369751056243e-02
6.554808626101009394e-02
2.843508950674116312e-02
1.091037831716798606e-01
5.081005591845333402e-02
6.528273217787812499e-02
1.806883331265412077e-02
3.607195370464341688e-02
2.418174142200429921e-02
1.856045838719246402e-02
3.809142749158807295e-02
2.416952399973175056e-02
3.351067998198255238e-02
2.455207063321852498e-02
4.604068386131909135e-02
3.188765394680748155e-02
2.129264263270155833e-02
1.613484146231706357e-02
5.148731881445220426e-02
3.921004446051312015e-02
2.157008862019536496e-02
1.307825953454699007e-02
4.911724985501209062e-02
2.199381050098279944e-02
3.824733644938777682e-02
2.291390858985480408e-02
4.992559161744091617e-02
1.400344713309870960e-02
2.266951020094186073e-02
6.405382796388486843e-02
4.179353517590837785e-02
4.158046724856182680e-02
3.623736077388098331e-02
1.668298685286048744e-02
3.023437477625517608e-02
2.160051984304527453e-02
1.462145473781039859e-02
4.090943393175359294e-02
1.976175763477822783e-02
1.625230574659645294e-02
2.191229464765003312e-02
3.284875965758395078e-02
1.509554642129432370e-02
3.449570580963331329e-02
1.797723393963695723e-02
2.638462493726929231e-02
6.130230708446679326e-03
3.731567148672081113e-02
1.840672514379722985e-02
4.094760572100503843e-02
2.554537090185284368e-02
1.705355955903605641e-02
4.737297438409939117e-03
2.185888951885322021e-02
2.426617710386586371e-02
2.038607550833961002e-02
1.693206150020530598e-02
3.539545097758973330e-02
2.092583632347541286e-02
1.361883468499301350e-02
2.901626233880965841e-02
4.095571062003192792e-02
2.136464187660390424e-02
3.094217176678063647e-02
2.220293417790690851e-02
3.589632647934332121e-02
2.629296087383426253e-02
3.478147601824867902e-02
2.708485066442513703e-02
3.613318060391280256e-02
2.015966940472991437e-02
3.483287098805949722e-02
2.855420842292760719e-02
2.571983714389954392e-02
3.305404858630955900e-02
2.166364261044633269e-02
2.010619398352148091e-02
2.131501306296662221e-02
9.329778698156909397e-03
2.881839979371600413e-02
1.188840631038818631e-02
1.444362888446873092e-02
2.423371231446283872e-02
3.947952160869824811e-02
2.479546162874137621e-02
2.050598255283461041e-02
2.192385409463726287e-02
1.087558483966314694e-02
1.673789989526614300e-02
2.586070197273144036e-02
2.350858175767795225e-02
1.826122533832062050e-02
4.209492367924003858e-02
2.974366376635041026e-02
2.446222603834019918e-02
8.771793087024967045e-03
1.033676338794045635e-02
1.309379217364751991e-02
3.467545931840471801e-02
2.492953490898616384e-02
1.188616816606206071e-02
6.927833328823224286e-03
1.673619315181989337e-02
9.656864565228347880e-03
1.559228964627197740e-02
1.244945216898016987e-02
1.455597495194243737e-02
1.483984763757656249e-02
7.457838535212473786e-03
7.817382052769534725e-03
2.069584906745568567e-02
6.046603549628245047e-03
1.530430977624088786e-02
2.605195002999386583e-02
6.313284005630141922e-03
1.050280368856263899e-02
1.398484325128025382e-02
2.435136906453647804e-02
6.407626114894691451e-03
9.450874838268962658e-03
1.714828998589390183e-02
1.107228180304186890e-02
1.493541196094392946e-02
6.217374983193173048e-03
1.144376850029612570e-02
3.702660031023025100e-02
1.393937230655112845e-02
1.012906218018609118e-02
1.820845300434205047e-02
1.356251555218391386e-02
2.540389057831137290e-02
2.460670847226292465e-02
4.940583552094195141e-03
1.205792398347012122e-02
9.530642894620189320e-03
1.279925903605843955e-02
1.286659411427233668e-02
1.931351858932025753e-02
1.784846685454047691e-02
1.464191153721241742e-02
1.583175649377021807e-02
1.265013999731735492e-02
1.152709100359996727e-02
1.174421247662963200e-02
1.599473293653414299e-02
1.042228837568176872e-02
7.175771324995202684e-03
6.287918382087131011e-03
2.104023477255961838e-02
1.981349335071712001e-02
1.408182360032814509e-02
1.284838723389336232e-02
4.640943107700332831e-03
9.546983305173735446e-03
1.547489526624410208e-02
1.419652855798013598e-02
8.421958941890498110e-03
8.608241316523001369e-03
1.315405390749381856e-02
9.611596943370794704e-03
1.509330057563249006e-02
1.174749823686042395e-02
1.239133344544927212e-02
1.418520143026486338e-02
1.637354672135328190e-02
1.492391487848222786e-02
1.233724543157220695e-02
1.249176176967695638e-02
1.266634046229443700e-02
1.039816369459758971e-02
1.399040619498034994e-02
1.920258517415837640e-02
1.312775913545344113e-02
1.549588258151243618e-02
9.382779003271800311e-03
5.880284747957298906e-03
2.488590696511016470e-02
2.224307143103677192e-02
1.802833762650243171e-02
5.000982923364915081e-03
2.262918365544054622e-02
1.271936802903095819e-02
6.244541873556356745e-03
1.380842158727569810e-02
1.259048570271265217e-02
6.586958859259054930e-03
6.244170073608563964e-03
1.971594359578329736e-02
8.715950484434105763e-03
9.525960563240232215e-03
1.648704290492713012e-02
9.946775539283733703e-03
1.086302279823955948e-02
8.780727055699889469e-03
2.051325970011838931e-02
1.494114221041216266e-02
1.443141395858855112e-02
5.529395555960985031e-03
1.044924715414477685e-02
2.693521792866076722e-02
7.844824587342745861e-03
2.335645773219193269e-02
1.715277536250721033e-02
9.801507861521223386e-03
7.567022707733945738e-03
1.291700751876573468e-02
1.933304969604319676e-02
1.908408243671894447e-02
1.417289221160539410e-02
1.203096871287548386e-02
5.288268152033371618e-03
1.055616328873098912e-02
2.618460577427584798e-02
2.778514688747683176e-02
1.411483967220578291e-02
6.067467881828211146e-03
7.325907125063659507e-03
1.008940601880317818e-02
1.145110888866813885e-02
1.033815499090179509e-02
8.994352308630146342e-03
8.277116445500510775e-03
9.098876422179465531e-03
7.032923720102017030e-03
8.028355088162323835e-03
1.252943737628796350e-02
1.909149567891305077e-02
1.876598489941055936e-02
1.118193671816792092e-02
1.872140818613442920e-02
1.272525652752842448e-02
7.587055201162816107e-03
9.126617515005399500e-03
8.853945373262769869e-03
1.622598123254929275e-02
1.642164848833144522e-02
1.377699445793865822e-02
3.459310928929086593e-03
1.395025837985708166e-02
6.488218566195739188e-03
5.903696507716179806e-03
9.605757546682107059e-03
1.790858915146815999e-02
2.015246631266046431e-02
1.078863329159252676e-02
8.983676303527742338e-03
1.344813306630303525e-02
8.758455181368073397e-03
1.261355515207512705e-02
1.367318947327351292e-02
2.647876064585185513e-02
1.156026155588063715e-02
1.248291080481512064e-02
5.613645902524474866e-03
1.054958804641057540e-02
1.213044346649918594e-02
1.586217481711273136e-02
1.140968370589894552e-02
8.838138113897140574e-03
9.050775038615458540e-03
5.138958109968141258e-03
1.333921350931389915e-02
9.720116488945570662e-03
1.259161188318898977e-02
2.237598213074559056e-02
8.669274646288553307e-03
1.178331043665462562e-02
1.435311367624784659e-02
1.060409487294399454e-02
1.169086296553772941e-02
1.560523944727518729e-02
1.707716621406087099e-02
1.856701569062225651e-02
2.496687837131158008e-02
1.130810476066490371e-02
7.450823018017813451e-03
1.812222791067424899e-02
1.289036898780946891e-02
8.558728471242773791e-03
1.141258208518838684e-02
9.927847401781883865e-03
1.908692807186684881e-02
2.158566749294588485e-02
6.764473477914399041e-03
1.681159588207225761e-02
3.843323895720142640e-03
1.680771132439439972e-02
6.759997400791783670e-03
2.142947647806825451e-02
1.884722841861523682e-02
9.803993903768487561e-03
1.110294890264547016e-02
8.504659748731950922e-03
1.268420465755328366e-02
1.816911682212560275e-02
7.345021677987315784e-03
1.076777882549632970e-02
2.354315160049540168e-02
1.773944654210125524e-02
1.754702591063693126e-02
1.528548161530616893e-02
1.141198169331336665e-02
1.020576195183124472e-02
1.497944558021563691e-02
1.392152465026131290e-02
7.887235497257063035e-03
2.367320287876351764e-02
1.237934096728180063e-02
9.911752969771666852e-03
1.499295830883085913e-02
5.629363659817638102e-03
8.694468143440180208e-03
8.595312148967039143e-03
1.273971999270231796e-02
1.706978196359786384e-02
1.312844826857365900e-02
9.270674763098380941e-03
5.179235661833027533e-03
1.197527119299320909e-02
1.186868186538676991e-02
2.563233075383507600e-02
1.423043268631062584e-02
1.340532137954294004e-02
9.324693651740805639e-03
1.318257801412725701e-02
9.919735788047837760e-03
9.961147424328971323e-03
1.917572621808072766e-02
2.062280861658799883e-02
9.674285844032083290e-03
6.233723573968561089e-03
6.771908710126736154e-03
1.375146117472875705e-02
3.442776291464676435e-03
1.449999277134754114e-02
1.332692477696158402e-02
1.562683790846392320e-02
9.001191761608746955e-03
9.909296012698578029e-03
7.051442955599001618e-03
1.277512344562353221e-02
1.941879890173809492e-02
1.168645964682757561e-02
2.300146342454448267e-02
2.158653106115891035e-02
1.183079662598968476e-02
8.035992091021295150e-03
7.886985998435415077e-03
8.116593446632722197e-03
1.001647357441297695e-02
9.510437929403956631e-03
9.727921660378831964e-03
1.026971067281421887e-02
1.083869803971746100e-02
8.806594726259810157e-03
6.809378577873156924e-03
1.354316123119280943e-02
2.450544260322034748e-02
2.400813191777284236e-02
1.067226422055819919e-02
5.383025503529740088e-03
1.261018984487151731e-02
1.448534454635457512e-02
1.840754046371746375e-02
2.052923016999092659e-02
1.502904457289606747e-02
8.866457430072324439e-03
9.946393359315413782e-03
1.598145341607600661e-02
2.485866722888072436e-02
7.091185534660890931e-03
2.727844505355334070e-02
1.162245977730531031e-02
5.674043780029498600e-03
1.433403866951503056e-02
1.354295141074649683e-02
1.617437575386127327e-02
7.746963873802033274e-03
1.105734243425424319e-02
9.593145483021193326e-03
9.732299025600604780e-03
9.470753387926524394e-03
9.208140153611177672e-03
1.639406719847926949e-02
6.360452601828501043e-03
6.666856635324778547e-03
1.670957547144484578e-02
1.254538302548835124e-02
8.059177103553827673e-03
9.768000986035096228e-03
2.254641685620498159e-02
4.675907270445305020e-03
1.854549884652818142e-02
1.888633903931045271e-02
2.756084942934511686e-02
5.770015147096768660e-03
1.017875071796209459e-02
1.342781096912705127e-02
9.557112836719098073e-03
2.000823098738425260e-02
1.302460746292641476e-02
1.085764466624290076e-02
1.344353161481676162e-02
9.632769501586552902e-03
1.602197892147197086e-02
9.446865206980554694e-03
1.174846887667633372e-02
1.543571921463944389e-02
1.194756941755768277e-02
1.122560793474406370e-02
1.104184664191051705e-02
8.118742509495031207e-03
1.434633419908851702e-02
7.185764604615121724e-03
9.530301753858621064e-03
1.042258922047603099e-02
1.395353886908108978e-02
8.350091500529479432e-03
3.969057830739947113e-03
1.287832689212518866e-02
1.401628559774136668e-02
1.500717814081374210e-02
1.493688438152382565e-02
7.209858398827969327e-03
7.656586787936049687e-03
8.754326045133608430e-03
1.349947952124598560e-02
1.070988012383269558e-02
8.962795643044047661e-03
9.365478637915657795e-03
1.374171266388204797e-02
1.379754152952247619e-02
1.344926539981797405e-02
1.794602670427916657e-02
1.084816003251137459e-02
9.870413105939373349e-03
7.013956765875171452e-03
1.103927575878426923e-02
4.441907470040656718e-03
2.479374151720220923e-02
1.937470053383197680e-02
1.339058544780278269e-02
1.165109275255481885e-02
1.063793933009948671e-02
1.138789935281652593e-02
3.032536274569888959e-02
9.839048526945922205e-03
4.639719186089989386e-03
1.329521877823721873e-02
7.913691403936997174e-03
1.048419251868667156e-02
9.617910863979168071e-03
5.688681226281458968e-03
1.695225722858069786e-02
1.327270972538546409e-02
1.088854180694624231e-02
4.219734267794432621e-03
2.637449367477874909e-02
1.138961316951169617e-02
5.885139733092792369e-03
1.912967733144915750e-02
8.953872353109907506e-03
6.030563300226864272e-03
1.221926678662816484e-02
8.836990233339864220e-03
1.047186684984484362e-02
1.608145686332167548e-02
6.368600314758594491e-03
1.080831753763445389e-02
5.665654095057527824e-03
1.096083048609035673e-02
2.129577141140772886e-02
2.869749127134396671e-02
1.125631601696658671e-02
8.614997967769865220e-03
8.767050191907283657e-03
1.546146576911913186e-02
1.202519828667857407e-02
2.239533223976939574e-02
1.709045296963634594e-02
1.774771230398368080e-02
2.010501897897883430e-02
1.009556153327301718e-02
7.109643485033925910e-03
2.199984266581603287e-02
1.822181771408738771e-02
1.468940055933844538e-02
2.740601145723569471e-02
1.933809136512804755e-02
8.608599526654284184e-03
6.705350969286868329e-03
1.639100747883397505e-02
8.084203647833167194e-03
1.643489079698883665e-02
1.332759456679033158e-02
1.064982153186627874e-02
3.191041305000053702e-02
2.182858526071920421e-02
1.999009988138902155e-02
2.474606250941753169e-02
1.269745528397527544e-02
1.329140824815000163e-02
2.077504261567491087e-02
1.934498175737999620e-02
2.206569652247707819e-02
1.720195575456453033e-02
1.565021053063518283e-02
2.522731792264451892e-02
1.602463842347347928e-02
2.725154207696308881e-02
2.521262699615121200e-02
8.772948064701907925e-03
2.091750455020930169e-02
2.975881455085511301e-02
1.553229271313174252e-02
1.441225861120991672e-02
1.934436808897071342e-02
1.632279412944658004e-02
3.128614445930907265e-03
1.432634546688162612e-02
1.290933744904897151e-02
3.157532272338193363e-02
1.546241125321414986e-02
2.376336044116491783e-02
5.258081837759036141e-03
1.934281594896475678e-02
1.358659879356812795e-02
1.398917498390785628e-02
1.239492966675689346e-02
2.252718721498876697e-02
2.176460772579768416e-02
6.772079537127280446e-03
1.546921306898755254e-02
2.037186243409347744e-02
8.658602712857040376e-03
1.314059703597786864e-02
2.040589411034551826e-02
8.074408066939568404e-03
1.287482301023478055e-02
2.836773265032069627e-02
2.579776682289171980e-02
4.107253863615992900e-02
1.317824648578588831e-02
6.766893055789644125e-03
3.149278843605211181e-02
2.020329072926748890e-02
1.125078443996314556e-02
1.496188157762733638e-02
2.030053590609648753e-02
8.109331864863147249e-03
1.531969367522587749e-02
1.986921487351157173e-02
2.208519864277406694e-02
9.962199850126769035e-03
9.346148460406442440e-03
1.693272877787251399e-02
3.641394755343355105e-02
2.238652666469564956e-02
1.939647346010863957e-02
2.125881026528378404e-02
2.772180402681201361e-02
1.380721727838923711e-02
4.615815663218074752e-03
2.506397323648559133e-02
8.000605490848002044e-03
3.535480630116721867e-02
2.903495137897337680e-02
5.333472895855023016e-02
1.215434793364003618e-02
4.803993109257244376e-02
3.198108314648951539e-02
2.955071654526348832e-02
2.114393894412540387e-02
2.645762339378129532e-02
5.075126761693935645e-02
2.924392077575789159e-02
1.751213209215961297e-02
3.382262518373248955e-02
3.833738035277677036e-02
1.719407060912414922e-02
3.671536989572340287e-02
2.201701696029443114e-02
2.260617989150819768e-02
2.623243939010506606e-02
4.817016397319930782e-02
1.266796593590324704e-02
2.720408478116080261e-02
