6.666666666445897338e-01
4.090635031444637137e-01
6.666666666653544571e-01
4.090635031484660677e-01
6.666666666662142138e-01
4.090635031501320129e-01
6.666666666663972896e-01
4.090635031504977759e-01
6.666666666664698981e-01
4.090635031504330499e-01
6.666666666665393981e-01
4.090635031505418517e-01
6.666666666665843621e-01
4.090635031507270925e-01
6.666666666665940211e-01
4.090635031506558161e-01
6.666666666666113406e-01
4.090635031506525410e-01
6.666666666666281049e-01
4.090635031507533492e-01
6.666666666666305474e-01
4.090635031507739994e-01
6.666666666666388741e-01
4.090635031507316999e-01
6.666666666666419827e-01
4.090635031507516839e-01
6.666666666666497543e-01
4.090635031508086938e-01
6.666666666666506424e-01
4.090635031507968700e-01
6.666666666666518637e-01
4.090635031507677266e-01
6.666666666666509755e-01
4.090635031507585118e-01
6.666666666666593022e-01
4.090635031507735553e-01
6.666666666666525298e-01
4.090635031507967034e-01
6.666666666666567487e-01
4.090635031507829922e-01
6.666666666666545282e-01
4.090635031507804387e-01
6.666666666666624108e-01
4.090635031508003672e-01
6.666666666666636321e-01
4.090635031507933728e-01
6.666666666666607455e-01
4.090635031507774411e-01
6.666666666666631880e-01
4.090635031508024766e-01
6.666666666666607455e-01
4.090635031507880992e-01
6.666666666666646313e-01
4.090635031507974806e-01
6.666666666666620777e-01
4.090635031507986463e-01
6.666666666666644092e-01
4.090635031507912078e-01
6.666666666666625218e-01
4.090635031508046415e-01
6.666666666666616337e-01
4.090635031507980357e-01
6.666666666666655194e-01
4.090635031508010333e-01
6.666666666666660745e-01
4.090635031507841024e-01
6.666666666666607455e-01
4.090635031507892649e-01
6.666666666666636321e-01
4.090635031508110253e-01
6.666666666666660745e-01
4.090635031508064179e-01
6.666666666666651864e-01
4.090635031507868224e-01
6.666666666666731800e-01
4.090635031508041974e-01
6.666666666666650753e-01
4.090635031508146890e-01
6.666666666666615226e-01
4.090635031508076946e-01
6.666666666666639651e-01
4.090635031508257358e-01
6.666666666666656305e-01
4.090635031508005892e-01
6.666666666666672958e-01
4.090635031507948716e-01
6.666666666666628549e-01
4.090635031507940944e-01
6.666666666666644092e-01
4.090635031508051411e-01
6.666666666666644092e-01
4.090635031508055297e-01
6.666666666666644092e-01
4.090635031508097486e-01
6.666666666666654084e-01
4.090635031508141339e-01
6.666666666666661856e-01
4.090635031507967034e-01
6.666666666666650753e-01
4.090635031508064179e-01
6.666666666666650753e-01
4.090635031507895425e-01
6.666666666666659635e-01
4.090635031508091379e-01
6.666666666666628549e-01
4.090635031508145780e-01
6.666666666666620777e-01
4.090635031507880992e-01
6.666666666666645202e-01
4.090635031507670605e-01
6.666666666666649643e-01
4.090635031508044750e-01
6.666666666666676289e-01
4.090635031508123021e-01
6.666666666666626329e-01
4.090635031508094155e-01
6.666666666666658525e-01
4.090635031508246811e-01
6.666666666666639651e-01
4.090635031507977026e-01
6.666666666666649643e-01
4.090635031508209063e-01
6.666666666666661856e-01
4.090635031507995345e-01
6.666666666666705154e-01
4.090635031508157438e-01
6.666666666666632990e-01
4.090635031508053632e-01
6.666666666666665186e-01
4.090635031507931507e-01
6.666666666666659635e-01
4.090635031508098596e-01
6.666666666666655194e-01
4.090635031508089714e-01
6.666666666666642982e-01
4.090635031508166319e-01
6.666666666666634100e-01
4.090635031508128572e-01
6.666666666666637431e-01
4.090635031508016994e-01
6.666666666666657415e-01
4.090635031508155772e-01
6.666666666666671848e-01
4.090635031508044750e-01
6.666666666666668517e-01
4.090635031508089714e-01
6.666666666666672958e-01
4.090635031507751096e-01
6.666666666666666297e-01
4.090635031508077502e-01
6.666666666666642982e-01
4.090635031508109143e-01
6.666666666666616337e-01
4.090635031507939834e-01
6.666666666666652974e-01
4.090635031507910968e-01
6.666666666666661856e-01
4.090635031508305652e-01
6.666666666666656305e-01
4.090635031508162434e-01
6.666666666666619667e-01
4.090635031508045860e-01
6.666666666666694052e-01
4.090635031507613428e-01
6.666666666666666297e-01
4.090635031507860453e-01
6.666666666666656305e-01
4.090635031508045860e-01
6.666666666666676289e-01
4.090635031507769970e-01
6.666666666666666297e-01
4.090635031507903752e-01
6.666666666666688501e-01
4.090635031507979247e-01
6.666666666666637431e-01
4.090635031508327302e-01
6.666666666666688501e-01
4.090635031508207398e-01
6.666666666666690721e-01
4.090635031508113584e-01
6.666666666666678509e-01
4.090635031508210728e-01
6.666666666666646313e-01
4.090635031507781627e-01
6.666666666666625218e-01
4.090635031508010333e-01
6.666666666666632990e-01
4.090635031508220165e-01
6.666666666666661856e-01
4.090635031508192965e-01
6.666666666666641872e-01
4.090635031508091379e-01
6.666666666666644092e-01
4.090635031507824371e-01
6.666666666666615226e-01
4.090635031507944830e-01
6.666666666666660745e-01
4.090635031507893760e-01
6.666666666666670737e-01
4.090635031508070840e-01
6.666666666666644092e-01
4.090635031507879327e-01
6.666666666666644092e-01
4.090635031507916519e-01
6.666666666666674068e-01
4.090635031508081942e-01
6.666666666666671848e-01
4.090635031507821040e-01
6.666666666666678509e-01
4.090635031507846575e-01
6.666666666666681840e-01
4.090635031507799391e-01
6.666666666666629659e-01
4.090635031507664499e-01
6.666666666666654084e-01
4.090635031508069175e-01
6.666666666666637431e-01
4.090635031508125241e-01
6.666666666666668517e-01
4.090635031507755537e-01
6.666666666666624108e-01
4.090635031507838804e-01
6.666666666666638541e-01
4.090635031508120245e-01
6.666666666666654084e-01
4.090635031508121910e-01
6.666666666666640761e-01
4.090635031508102482e-01
6.666666666666667407e-01
4.090635031508117470e-01
6.666666666666667407e-01
4.090635031508284558e-01
6.666666666666649643e-01
4.090635031507594555e-01
6.666666666666626329e-01
4.090635031508155217e-01
6.666666666666667407e-01
4.090635031508426112e-01
6.666666666666680729e-01
4.090635031507964259e-01
6.666666666666660745e-01
4.090635031507882102e-01
6.666666666666637431e-01
4.090635031508001451e-01
6.666666666666671848e-01
4.090635031508256247e-01
6.666666666666672958e-01
4.090635031508113029e-01
6.666666666666631880e-01
4.090635031508590425e-01
6.666666666666642982e-01
4.090635031507930952e-01
6.666666666666660745e-01
4.090635031507694475e-01
6.666666666666611896e-01
4.090635031507952046e-01
6.666666666666657415e-01
4.090635031507833252e-01
6.666666666666667407e-01
4.090635031508094155e-01
6.666666666666670737e-01
4.090635031508048636e-01
6.666666666666637431e-01
4.090635031508123021e-01
6.666666666666646313e-01
4.090635031508069730e-01
6.666666666666674068e-01
4.090635031508010333e-01
6.666666666666650753e-01
4.090635031507856012e-01
6.666666666666625218e-01
4.090635031508183528e-01
6.666666666666659635e-01
4.090635031507934283e-01
6.666666666666661856e-01
4.090635031508320640e-01
6.666666666666626329e-01
4.090635031507887098e-01
6.666666666666658525e-01
4.090635031507842134e-01
6.666666666666672958e-01
4.090635031508134678e-01
6.666666666666645202e-01
4.090635031507864894e-01
6.666666666666655194e-01
4.090635031508041419e-01
6.666666666666642982e-01
4.090635031507897090e-01
6.666666666666632990e-01
4.090635031508226271e-01
6.666666666666715146e-01
4.090635031508049191e-01
6.666666666666655194e-01
4.090635031509414765e-01
6.666666666667834251e-01
4.090635031508060848e-01
6.666666666666644092e-01
4.090635031507645070e-01
6.666666666666620777e-01
4.090635031508014219e-01
6.666666666666662966e-01
4.090635031508851882e-01
6.666666666666631880e-01
4.090635031507890984e-01
6.666666666666632990e-01
4.090635031507892094e-01
6.666666666666639651e-01
4.090635031508384478e-01
6.666666666666662966e-01
4.090635031508387254e-01
6.666666666666650753e-01
4.090635031519876952e-01
6.666666666666413166e-01
4.090635031506201780e-01
6.666666666666702934e-01
4.090635031506369979e-01
6.666666666666659635e-01
4.090635031539362476e-01
6.666666666666807295e-01
4.090635031505800989e-01
6.666666666666577479e-01
4.090635031510782005e-01
6.666666666666747343e-01
4.090635031510895803e-01
6.666666666666760666e-01
4.090635031512488418e-01
6.666666666666801744e-01
4.090635031503889185e-01
6.666666666666453134e-01
4.090635031512683817e-01
6.666666666666760666e-01
4.090635031508132458e-01
6.666666666666599683e-01
4.090635031505455710e-01
6.666666666666635210e-01
4.090635031515543751e-01
6.666666666666618557e-01
4.090635031507194319e-01
6.666666666666618557e-01
4.090635031504910035e-01
6.666666666666725138e-01
4.090635031507591779e-01
6.666666666666688501e-01
4.090635031510567732e-01
6.666666666666654084e-01
4.090635031511107855e-01
6.666666666666626329e-01
4.090635031507470765e-01
6.666666666666519747e-01
4.090635031510423403e-01
6.666666666666676289e-01
4.090635031507070529e-01
6.666666666666568597e-01
4.090635031507415253e-01
6.666666666666628549e-01
4.090635031509283759e-01
6.666666666666632990e-01
4.090635031506788533e-01
6.666666666666681840e-01
4.090635031506074104e-01
6.666666666666588581e-01
4.090635031508291775e-01
6.666666666666736241e-01
4.090635031508857433e-01
6.666666666666720698e-01
4.090635031508363384e-01
6.666666666666724028e-01
4.090635031507525721e-01
6.666666666666667407e-01
4.090635031506127395e-01
6.666666666666617447e-01
4.090635031507212638e-01
6.666666666666628549e-01
4.090635031507492414e-01
6.666666666666635210e-01
4.090635031508064734e-01
6.666666666666614116e-01
4.090635031507349195e-01
6.666666666666648533e-01
4.090635031506969499e-01
6.666666666666642982e-01
4.090635031507374175e-01
6.666666666666609675e-01
4.090635031507746100e-01
6.666666666666589691e-01
4.090635031508083608e-01
6.666666666666605234e-01
4.090635031507502406e-01
6.666666666666577479e-01
4.090635031507976471e-01
6.666666666666651864e-01
4.090635031507782737e-01
6.666666666666624108e-01
4.090635031507373065e-01
6.666666666666603014e-01
4.090635031508687014e-01
6.666666666666594132e-01
4.090635031507765529e-01
6.666666666666526408e-01
4.090635031508075836e-01
6.666666666666624108e-01
4.090635031508903507e-01
6.666666666666603014e-01
4.090635031508322306e-01
6.666666666666620777e-01
4.090635031508009223e-01
6.666666666666594132e-01
4.090635031508175201e-01
6.666666666666554164e-01
4.090635031508140784e-01
6.666666666666645202e-01
4.090635031508394470e-01
6.666666666666568597e-01
4.090635031507440234e-01
6.666666666666580809e-01
4.090635031508280117e-01
6.666666666666581920e-01
4.090635031507824371e-01
6.666666666666584140e-01
4.090635031507535158e-01
6.666666666666600793e-01
4.090635031507631747e-01
6.666666666666549723e-01
4.090635031507809938e-01
6.666666666666604124e-01
4.090635031507447450e-01
6.666666666666632990e-01
4.090635031507830477e-01
6.666666666666534180e-01
4.090635031508128017e-01
6.666666666666563046e-01
4.090635031507651731e-01
6.666666666666578589e-01
4.090635031508026986e-01
6.666666666666600793e-01
4.090635031508014219e-01
6.666666666666590801e-01
4.090635031508384478e-01
6.666666666666535290e-01
4.090635031508088049e-01
6.666666666666547503e-01
4.090635031507894315e-01
6.666666666666526408e-01
4.090635031507953712e-01
6.666666666666474228e-01
4.090635031507482977e-01
6.666666666666500873e-01
4.090635031508502717e-01
6.666666666666511976e-01
4.090635031506909547e-01
6.666666666666450913e-01
4.090635031507928177e-01
6.666666666666496432e-01
4.090635031508288999e-01
6.666666666666462016e-01
4.090635031508296771e-01
6.666666666666459795e-01
4.090635031507827146e-01
6.666666666666469787e-01
4.090635031507816599e-01
6.666666666666467567e-01
4.090635031507674491e-01
6.666666666666428709e-01
4.090635031507403596e-01
6.666666666666367647e-01
4.090635031508019770e-01
6.666666666666388741e-01
4.090635031506520969e-01
6.666666666666368757e-01
4.090635031508197406e-01
6.666666666666378749e-01
4.090635031507557917e-01
6.666666666666308805e-01
4.090635031507204866e-01
6.666666666666344332e-01
4.090635031508427777e-01
6.666666666666346552e-01
4.090635031507659503e-01
6.666666666666285490e-01
4.090635031507298125e-01
6.666666666666305474e-01
4.090635031507445785e-01
6.666666666666271057e-01
4.090635031507230956e-01
6.666666666666278829e-01
4.090635031507398600e-01
6.666666666666174468e-01
4.090635031508827457e-01
6.666666666666203334e-01
4.090635031508503827e-01
6.666666666666191121e-01
4.090635031506887898e-01
6.666666666666174468e-01
4.090635031508649266e-01
6.666666666666112295e-01
4.090635031507902641e-01
6.666666666666076768e-01
4.090635031508103592e-01
6.666666666666084540e-01
4.090635031507678931e-01
6.666666666666088981e-01
4.090635031507817709e-01
6.666666666666010155e-01
4.090635031507403596e-01
6.666666666666001273e-01
4.090635031507118824e-01
6.666666666665960195e-01
4.090635031507651731e-01
6.666666666665916896e-01
4.090635031507207642e-01
6.666666666665879148e-01
4.090635031507361963e-01
6.666666666665873597e-01
4.090635031507296460e-01
6.666666666665826968e-01
4.090635031507544594e-01
6.666666666665780339e-01
4.090635031506825170e-01
6.666666666665740371e-01
4.090635031506950625e-01
6.666666666665677088e-01
4.090635031507450781e-01
6.666666666665829188e-01
4.090635031507479646e-01
6.666666666665950203e-01
4.090635031310265179e-01
6.666666666669044394e-01
4.090635031507529606e-01
6.666666666665493901e-01
4.090635031507268149e-01
6.666666666665407304e-01
4.090635031507486863e-01
6.666666666665357344e-01
4.090635031507346975e-01
6.666666666665318486e-01
4.090635031508669806e-01
6.666666666665234109e-01
4.090635031507076635e-01
6.666666666665181928e-01
4.090635031510979625e-01
6.666666666665170826e-01
4.090635031477793393e-01
6.666666666665462815e-01
4.090635031489759377e-01
6.666666666665240770e-01
4.090635031474667005e-01
6.666666666663493279e-01
4.090635031437320213e-01
6.666666666666146712e-01
4.090635031890777484e-01
6.666666666665028718e-01
4.090635031492760310e-01
6.666666666666732910e-01
4.090635031481953399e-01
6.666666666663899621e-01
4.090635031530227006e-01
6.666666666665077567e-01
4.090635031502793395e-01
6.666666666666555274e-01
4.090635031495872265e-01
6.666666666663690899e-01
4.090635031514188169e-01
6.666666666666614116e-01
4.090635031495071794e-01
6.666666666664599061e-01
4.090635031533484400e-01
6.666666666664418095e-01
4.090635031495727936e-01
6.666666666663164653e-01
4.090635031516042242e-01
6.666666666663373375e-01
4.090635031511065112e-01
6.666666666663393359e-01
4.090635031501618779e-01
6.666666666662346419e-01
4.090635031519858078e-01
6.666666666663627616e-01
4.090635031518787823e-01
6.666666666662860452e-01
4.090635031514250897e-01
6.666666666663381147e-01
4.090635031492741991e-01
6.666666666663066954e-01
4.090635031496273055e-01
6.666666666662408591e-01
4.090635031504005203e-01
6.666666666662824925e-01
4.090635031511671849e-01
6.666666666663063623e-01
4.090635031504474273e-01
6.666666666662010021e-01
4.090635031512820374e-01
6.666666666661813512e-01
4.090635031500357011e-01
6.666666666661935636e-01
4.090635031500049479e-01
6.666666666661086316e-01
4.090635031514530673e-01
6.666666666661497098e-01
4.090635031506881791e-01
6.666666666660826523e-01
4.090635031495126750e-01
6.666666666660964191e-01
4.090635031495140628e-01
6.666666666660675533e-01
4.090635031497565910e-01
6.666666666660394647e-01
4.090635031504047392e-01
6.666666666659893936e-01
4.090635031504015195e-01
6.666666666659791796e-01
4.090635031509715080e-01
6.666666666659875062e-01
4.090635031500854946e-01
6.666666666659039064e-01
4.090635031501016483e-01
6.666666666659964990e-01
4.090635031505451824e-01
6.666666666658308538e-01
4.090635031507490194e-01
6.666666666658468410e-01
4.090635031501841379e-01
6.666666666658151996e-01
4.090635031501890229e-01
6.666666666657804496e-01
4.090635031500452490e-01
6.666666666657816709e-01
4.090635031505053809e-01
6.666666666657641294e-01
4.090635031502012353e-01
6.666666666657118379e-01
4.090635031500652885e-01
6.666666666656458906e-01
4.090635031501932417e-01
6.666666666656384521e-01
4.090635031506278385e-01
6.666666666656085871e-01
4.090635031496947516e-01
6.666666666655245432e-01
4.090635031498645602e-01
6.666666666655294282e-01
4.090635031505727159e-01
6.666666666654734730e-01
4.090635031499881280e-01
6.666666666653887630e-01
4.090635031497802387e-01
6.666666666654132989e-01
4.090635031500524654e-01
6.666666666653614515e-01
4.090635031503523367e-01
6.666666666652730777e-01
4.090635031502049546e-01
6.666666666652575346e-01
4.090635031500167718e-01
6.666666666652062423e-01
4.090635031498098817e-01
6.666666666651357431e-01
4.090635031498224827e-01
6.666666666650937767e-01
4.090635031499803009e-01
6.666666666649659900e-01
4.090635031498459639e-01
6.666666666649350148e-01
4.090635031498880414e-01
6.666666666649015971e-01
4.090635031496561713e-01
6.666666666648535244e-01
4.090635031496190344e-01
6.666666666647912409e-01
4.090635031497868446e-01
6.666666666646673400e-01
4.090635031494080920e-01
6.666666666646094974e-01
4.090635031493128904e-01
6.666666666645481021e-01
4.090635031494690432e-01
6.666666666644700534e-01
4.090635031495762908e-01
6.666666666644028849e-01
4.090635031491940410e-01
6.666666666642889760e-01
4.090635031493622953e-01
6.666666666642564465e-01
4.090635031494603280e-01
6.666666666641335448e-01
4.090635031491062779e-01
6.666666666640470584e-01
4.090635031492121931e-01
6.666666666639537997e-01
4.090635031491102191e-01
6.666666666638660921e-01
4.090635031490764129e-01
6.666666666637588445e-01
4.090635031488973894e-01
6.666666666636718031e-01
4.090635031488271678e-01
6.666666666635651106e-01
4.090635031488688567e-01
6.666666666634761818e-01
4.090635031485767015e-01
6.666666666633359606e-01
4.090635031487358519e-01
6.666666666632337090e-01
4.090635031486897777e-01
6.666666666631166915e-01
4.090635031484668449e-01
6.666666666630172156e-01
4.090635031484534667e-01
6.666666666628956461e-01
4.090635031484730622e-01
6.666666666627275584e-01
4.090635031482697803e-01
6.666666666625890025e-01
4.090635031482863782e-01
6.666666666624809778e-01
4.090635031481540951e-01
6.666666666623535242e-01
4.090635031481132389e-01
6.666666666621854365e-01
4.090635031480287509e-01
6.666666666620644222e-01
4.090635031479493700e-01
6.666666666619057713e-01
4.090635031478633277e-01
6.666666666616622994e-01
4.090635031475664540e-01
6.666666666616912762e-01
4.090635031473423000e-01
6.666666666552233389e-01
4.090635031430511770e-01
6.666666666558306309e-01
4.090635031459188276e-01
6.666666666610462366e-01
4.090635031470421512e-01
6.666666666608435099e-01
4.090635031471222538e-01
6.666666666606647640e-01
4.090635031468849991e-01
6.666666666604822433e-01
4.090635031555514001e-01
6.666666666602558688e-01
4.090635031617454453e-01
6.666666666600864488e-01
4.090635031469689875e-01
6.666666666598251023e-01
4.090635031406409938e-01
6.666666666597144131e-01
4.090635031500006180e-01
6.666666666593732415e-01
4.090635033934701958e-01
6.666666666589562418e-01
4.090635031309292624e-01
6.666666666585943091e-01
4.090635031572273927e-01
6.666666666585689960e-01
4.090635031351330109e-01
6.666666666587008905e-01
4.090635031231294461e-01
6.666666666577326650e-01
4.090635028815549079e-01
6.666666666577413247e-01
4.090635030745330969e-01
6.666666666577453215e-01
4.090635031620845075e-01
6.666666666569878164e-01
4.090635031369074248e-01
6.666666666577580891e-01
4.090635031456436588e-01
6.666666666565758126e-01
4.090635031275332567e-01
6.666666666567032662e-01
4.090635032071548438e-01
6.666666666560840948e-01
4.090635030862045385e-01
6.666666666556987364e-01
4.090635031486737350e-01
6.666666666555136622e-01
4.090635031307244263e-01
6.666666666551600562e-01
4.090635031396336330e-01
6.666666666546355868e-01
4.090635031182485171e-01
6.666666666547858000e-01
4.090635031731869597e-01
6.666666666540781438e-01
4.090635031334899918e-01
6.666666666540121966e-01
4.090635031374527109e-01
6.666666666532260477e-01
4.090635031391134935e-01
6.666666666533627161e-01
4.090635031423335843e-01
6.666666666527477636e-01
4.090635031512575015e-01
6.666666666524433404e-01
4.090635031476479444e-01
6.666666666516238848e-01
4.090635031685425083e-01
6.666666666507450323e-01
4.090635031458607074e-01
6.666666666505428607e-01
