6.724353605188047034e-01
6.648363730710906694e-01
6.639085025428902442e-01
6.258428319718893906e-01
6.058784133841275121e-01
5.688293303672103951e-01
5.884318149107738982e-01
6.322718236903708267e-01
6.225751897738087681e-01
5.144807718375956629e-01
5.892949829343718804e-01
6.258966762328775912e-01
5.651907013290000670e-01
3.647787464293592019e-01
4.792870197400460053e-01
4.877002961968555095e-01
5.624685848601472804e-01
5.068698860206212187e-01
5.734101662638246832e-01
4.343847244061239676e-01
5.019164517601598652e-01
3.688677275801379163e-01
5.926767678743418699e-01
4.348042343503751295e-01
4.907511215097963841e-01
3.464361850948607935e-01
3.433031392645666813e-01
4.949066108785209472e-01
2.015684923809977491e-01
3.584776911467493221e-01
3.570214773229273830e-01
2.336745445968249069e-01
1.815665125283113246e-01
1.696768188269041633e-01
1.647186032689960111e-01
1.779416134563984175e-01
1.510054802632796733e-01
1.603599987183003672e-01
1.349219905694544752e-01
1.908320318555330464e-01
2.519859843005349820e-01
1.221451673413228578e-01
2.484689149882956527e-01
1.686507962245492320e-01
2.602199277074987993e-01
1.029049875734953240e-01
1.311170032100735516e-01
1.239209690861220320e-01
1.293554102305432829e-01
1.545095808011403282e-01
1.822929398175110738e-01
1.183947851071361912e-01
1.343069142284147588e-01
1.064135991437145518e-01
1.498992036109804693e-01
1.459888010978467043e-01
1.429319839052139995e-01
1.032561072573547206e-01
1.043454436657585138e-01
8.386752715411284476e-02
8.507864026721601025e-02
2.244625122450395749e-01
3.237550488010423333e-01
1.539117997636495483e-01
6.822310900717033777e-02
1.261245158291698643e-01
9.708006245526720757e-02
1.650397231981491630e-01
9.506170021613546961e-02
1.420770219818208446e-01
1.247518078554270687e-01
1.667037559639277799e-01
6.235968160496969948e-02
1.538249183310441692e-01
5.374005752798207552e-02
1.229203248731075560e-01
8.302109303555309239e-02
8.381467069930395586e-02
1.312263898398427220e-01
2.653967030851137748e-02
4.479232956818404027e-02
5.219262963899282126e-02
7.577225993245488567e-02
8.394705127920104593e-02
7.575276271120352789e-02
6.709114214648292940e-02
4.866729732955753923e-02
6.064673612560021049e-02
1.050000501405706499e-01
6.599818107009834678e-02
7.343511144272803215e-02
4.869050369128943845e-02
5.953185230798556382e-02
2.436893114976534588e-02
3.032003482785536677e-02
7.659955725845832286e-02
8.241955438023731983e-02
1.121413308747945953e-01
3.908728263470757219e-02
3.540224430552216944e-02
9.916535734445290629e-02
5.022206733220259400e-02
5.197014702570865174e-02
7.394993880199222935e-02
4.922125109705380308e-02
2.592521880543962112e-02
6.312674412014707137e-02
4.217998685927919905e-02
2.359904239661000241e-02
4.851496121686340451e-02
8.166256615510077144e-02
5.218906619580924305e-02
3.683986607627941917e-02
3.256296800101272232e-02
4.740035487199498188e-02
6.554808834802502981e-02
2.843509200946491358e-02
1.091037869697048107e-01
5.081005819011853719e-02
6.528273457578522010e-02
1.806883374894252547e-02
3.607195529045402471e-02
2.418174471434834244e-02
1.856045895466281251e-02
3.809143067464633436e-02
2.416952615024647519e-02
3.351068032020393384e-02
2.455207209585815245e-02
4.604068644325481213e-02
3.188765452730870503e-02
2.129264424232996805e-02
1.613484244988213495e-02
5.148732110183983773e-02
3.921004727189712075e-02
2.157008903018839407e-02
1.307826370621367404e-02
4.911725909446670868e-02
2.199381389560742250e-02
3.824734178388278921e-02
2.291390958100075412e-02
4.992559380189482560e-02
1.400344818973600636e-02
2.266951211764997587e-02
6.405383244071367888e-02
4.179353606274216482e-02
4.158047159194054598e-02
3.623736667709452630e-02
1.668298996860899039e-02
3.023437928266492838e-02
2.160052362799494072e-02
1.462145845825309903e-02
4.090944203722771122e-02
1.976175860471791890e-02
1.625230843390072788e-02
2.191229578761146046e-02
3.284876524590300134e-02
1.509554841934626981e-02
3.449572076926582520e-02
1.797723771546781701e-02
2.638462500218588871e-02
6.130231980951712095e-03
3.731567773746156252e-02
1.840672652910159759e-02
4.094761044985630732e-02
2.554537740946025842e-02
1.705356217975957309e-02
4.737300487652365381e-03
2.185889273576787153e-02
2.426618600780545282e-02
2.038607824394291987e-02
1.693206540513638586e-02
3.539545804743988999e-02
2.092583680519038980e-02
1.361883832256112307e-02
2.901626432548702617e-02
4.095571318493326091e-02
2.136464531134391401e-02
3.094218022868588241e-02
2.220294083843551286e-02
3.589634165196828319e-02
2.629296757930905601e-02
3.478148278688508038e-02
2.708486012373953131e-02
3.613320258193121470e-02
2.015967347940501864e-02
3.483287829245738237e-02
2.855421318899386413e-02
2.571984150047571666e-02
3.305405303691896779e-02
2.166364882790521029e-02
2.010619730315103479e-02
2.131502075979747196e-02
9.329782577711408231e-03
2.881840548725424223e-02
1.188840903049889590e-02
1.444363268706841917e-02
2.423371519691919912e-02
3.947953113098037758e-02
2.479547312810569462e-02
2.050598562237119019e-02
2.192386021803855931e-02
1.087558606000148254e-02
1.673790667040357671e-02
2.586071132699077624e-02
2.350859062595100218e-02
1.826122735780072448e-02
4.209493947830934141e-02
2.974368996884388730e-02
2.446223286035332720e-02
8.771796316245798752e-03
1.033676819298011765e-02
1.309379820705975500e-02
3.467547619241528878e-02
2.492954757045470413e-02
1.188617138745673429e-02
6.927838578487416354e-03
1.673620056304031892e-02
9.656870580504073320e-03
1.559229470976769213e-02
1.244945459491957930e-02
1.455598429409110141e-02
1.483985660756437577e-02
7.457843063387968076e-03
7.817385055196504964e-03
2.069585627481812518e-02
6.046605246101781350e-03
1.530431781265341636e-02
2.605195743797465019e-02
6.313290980458652682e-03
1.050280718830170525e-02
1.398484537817942103e-02
2.435139129703339442e-02
6.407628946332935907e-03
9.450878056040468503e-03
1.714830523483590677e-02
1.107228769118939228e-02
1.493542092191712557e-02
6.217379846744819534e-03
1.144377352982914146e-02
3.702661430413916460e-02
1.393938099364750230e-02
1.012906952156164726e-02
1.820846863745920544e-02
1.356252038078154323e-02
2.540390111624555095e-02
2.460672352312994263e-02
4.940588170174136165e-03
1.205793022623132156e-02
9.530654945364713110e-03
1.279926878256443593e-02
1.286660311232303705e-02
1.931352762108630092e-02
1.784847975490128080e-02
1.464192040538225825e-02
1.583176795244338811e-02
1.265015378739897493e-02
1.152710496116595741e-02
1.174421779466090082e-02
1.599474606382600764e-02
1.042229571274452121e-02
7.175774447337509264e-03
6.287922758975659707e-03
2.104025862065482880e-02
1.981351768822583320e-02
1.408183008197759142e-02
1.284839486939855571e-02
4.640946888168652300e-03
9.546991802294979915e-03
1.547490634949082004e-02
1.419654662898566996e-02
8.421962917493927905e-03
8.608253267390899091e-03
1.315406114301094324e-02
9.611605639813419755e-03
1.509331633187686178e-02
1.174750916385343576e-02
1.239134488140725826e-02
1.418520855236705784e-02
1.637357522461704504e-02
1.492393774935545613e-02
1.233724543293515316e-02
1.249178108272176041e-02
1.266634678812111198e-02
1.039817003838837406e-02
1.399042129834177604e-02
1.920259999604500764e-02
1.312777984909456637e-02
1.549590022895441094e-02
9.382784882838203500e-03
5.880291165241042367e-03
2.488592177151031926e-02
2.224309727083884775e-02
1.802834888326992901e-02
5.000987124505412197e-03
2.262919677497537280e-02
1.271938970077125808e-02
6.244542901198783628e-03
1.380843454789632344e-02
1.259048559901029471e-02
6.586963300516767220e-03
6.244180307024459024e-03
1.971597337547429177e-02
8.715960686934403484e-03
9.525967237645725783e-03
1.648708710543370440e-02
9.946792792262515448e-03
1.086303731177196662e-02
8.780744124680403204e-03
2.051329388221466085e-02
1.494115803039614346e-02
1.443143539057418177e-02
5.529399188257738337e-03
1.044925321011999295e-02
2.693525415212918994e-02
7.844843044900844109e-03
2.335649094374839946e-02
1.715280095279448497e-02
9.801526071408078744e-03
7.567028304350418080e-03
1.291702337828101038e-02
1.933306982158827098e-02
1.908411230257362617e-02
1.417291856032573683e-02
1.203098295193282853e-02
5.288279109374315057e-03
1.055618148949651926e-02
2.618465776492271552e-02
2.778520612048442084e-02
1.411487661000769209e-02
6.067472993298434793e-03
7.325912726185368311e-03
1.008942473988498102e-02
1.145113813312232179e-02
1.033817627504125466e-02
8.994370908545996912e-03
8.277119721201172883e-03
9.098905426426464466e-03
7.032938259939720653e-03
8.028369023210676914e-03
1.252947217853217846e-02
1.909151293091704282e-02
1.876599496750349164e-02
1.118195075380308372e-02
1.872145161043271833e-02
1.272528612738675971e-02
7.587080417962624099e-03
9.126637550004349300e-03
8.853962288887030560e-03
1.622602679079242563e-02
1.642170090463255377e-02
1.377702277305373896e-02
3.459317198550804218e-03
1.395029509004139245e-02
6.488231802588711322e-03
5.903709538794188992e-03
9.605778081707077448e-03
1.790861363444639157e-02
2.015252111997365911e-02
1.078866785321489635e-02
8.983689612373410224e-03
1.344817104192553257e-02
8.758477187391786739e-03
1.261357502391626147e-02
1.367321742829102731e-02
2.647884373506910125e-02
1.156029079573152145e-02
1.248294869892352388e-02
5.613666502785769410e-03
1.054962847079126374e-02
1.213046619206118587e-02
1.586220586503034671e-02
1.140970507088612251e-02
8.838168446286024174e-03
9.050804859736969951e-03
5.138971565894642768e-03
1.333923409732565984e-02
9.720145143458685383e-03
1.259165320387124407e-02
2.237603545300263438e-02
8.669307809495183786e-03
1.178332646514673038e-02
1.435315011364456973e-02
1.060413017285284643e-02
1.169090086723228485e-02
1.560529303795377132e-02
1.707721369941641101e-02
1.856708097275584085e-02
2.496697521917089560e-02
1.130814603501409388e-02
7.450848795223096940e-03
1.812228348312019607e-02
1.289041361126045705e-02
8.558756978456734735e-03
1.141262231275158232e-02
9.927881599449057612e-03
1.908699401979125840e-02
2.158574182354512996e-02
6.764496467953143299e-03
1.681165298891847820e-02
3.843336948395449995e-03
1.680776839523895685e-02
6.760020342491359323e-03
2.142954823562875921e-02
1.884729128937203887e-02
9.804026708832166981e-03
1.110298510548880270e-02
8.504689248525362788e-03
1.268424680001598893e-02
1.816918606990229959e-02
7.345046058658675180e-03
1.076781214769099819e-02
2.354321942073249116e-02
1.773950411725705445e-02
1.754710011751867832e-02
1.528553247744635427e-02
1.141202217964206768e-02
1.020579677221834271e-02
1.497951609722172200e-02
1.392162647675211293e-02
7.887256475365197333e-03
2.367332044323015514e-02
1.237938353530129536e-02
9.911791417362572978e-03
1.499306163523312502e-02
5.629388023155335215e-03
8.694497270992975271e-03
8.595339698771360670e-03
1.273979489162599052e-02
1.706988680198827379e-02
1.312852319887576093e-02
9.270696681467923903e-03
5.179249253988285617e-03
1.197531557481045818e-02
1.186873735969207894e-02
2.563242131542596558e-02
1.423051057893904604e-02
1.340541312137260785e-02
9.324735417160646966e-03
1.318263000985611146e-02
9.919808785252710523e-03
9.961177993402717604e-03
1.917580362972042679e-02
2.062295545764555177e-02
9.674342536953093805e-03
6.233754808614975530e-03
6.771945363808468295e-03
1.375152179598428462e-02
3.442799500288365715e-03
1.450007127042104126e-02
1.332698108277286311e-02
1.562689886861509322e-02
9.001242378437026084e-03
9.909344467008916399e-03
7.051470165910796173e-03
1.277518152887342079e-02
1.941888726318860212e-02
1.168654850742623964e-02
2.300172654423184720e-02
2.158675069826606480e-02
1.183083674260506334e-02
8.036041125267774296e-03
7.887026190355830163e-03
8.116611280421485650e-03
1.001659012857579294e-02
9.510485720582009805e-03
9.727971518344735377e-03
1.026974933013623421e-02
1.083875948297887901e-02
8.806709060731689881e-03
6.809443504448620121e-03
1.354321132864297339e-02
2.450557819971294765e-02
2.400826670393168411e-02
1.067233424939816565e-02
5.383052923240408752e-03
1.261028732413321113e-02
1.448542362551704862e-02
1.840765829690768629e-02
2.052940130000842009e-02
1.502916595659518559e-02
8.866541571557412862e-03
9.946443078195872645e-03
1.598156843258309590e-02
2.485883975026275533e-02
7.091231635644775454e-03
2.727864101304562638e-02
1.162258040730496968e-02
5.674103580648138731e-03
1.433412949663167950e-02
1.354307250610854545e-02
1.617450258617511571e-02
7.747023588370447432e-03
1.105741944038655944e-02
9.593204385800970305e-03
9.732361010793827774e-03
9.470849960742336315e-03
9.208212335269225918e-03
1.639420773625013469e-02
6.360484585482536167e-03
6.666926395423469244e-03
1.670987375343244152e-02
1.254549722712780015e-02
8.059326549215374905e-03
9.768113549782860006e-03
2.254667023163239511e-02
4.675955470689736188e-03
1.854570350565792544e-02
1.888650912138270868e-02
2.756115926872783339e-02
5.770059467369532090e-03
1.017886408897713917e-02
1.342796552976887985e-02
9.557218852118437580e-03
2.000843306675266151e-02
1.302473367712877680e-02
1.085777005186505141e-02
1.344369459939397625e-02
9.632871178161327153e-03
1.602233342485018253e-02
9.446974799081152285e-03
1.174858193045495887e-02
1.543591715971531081e-02
1.194768377032574998e-02
1.122571595705198176e-02
1.104197325573094690e-02
8.118837621075326860e-03
1.434650299742371710e-02
7.185819928671965257e-03
9.530426001327607990e-03
1.042272013401262902e-02
1.395370740526433694e-02
8.350178822505579038e-03
3.969112259872092062e-03
1.287848206522583007e-02
1.401646657128829444e-02
1.500733498064331546e-02
1.493706274837255932e-02
7.209933166096126403e-03
7.656688788635700182e-03
8.754440025216926255e-03
1.349961348917768159e-02
1.071003991159861883e-02
8.962874147668860661e-03
9.365581781131199213e-03
1.374187813851308025e-02
1.379770692254081617e-02
1.344943677817131249e-02
1.794626788361413511e-02
1.084829281962033064e-02
9.870533984465411012e-03
7.014073596058716283e-03
1.103941690401507615e-02
4.441956469393850554e-03
2.479402243529058719e-02
1.937501130033538257e-02
1.339077739679929435e-02
1.165124090546978963e-02
1.063803589031710184e-02
1.138805075670477375e-02
3.032580688201497524e-02
9.839203228607137919e-03
4.639782661878392653e-03
1.329538478792375092e-02
7.913826480361494178e-03
1.048434991994100576e-02
9.618051169027513198e-03
5.688777964300237647e-03
1.695248704833931391e-02
1.327295020715091312e-02
1.088870570171249566e-02
4.219804851966890875e-03
2.637490457023540513e-02
1.138982457698583563e-02
5.885236398366433877e-03
1.912997731956074532e-02
8.953989346261048352e-03
6.030648163842877198e-03
1.221942979806573716e-02
8.837143088350775041e-03
1.047207177145637047e-02
1.608169422321317418e-02
6.368716483030979758e-03
1.080849591346694921e-02
5.665751607209508489e-03
1.096105580033210347e-02
2.129606850231546139e-02
2.869789982106847256e-02
1.125649593175626594e-02
8.615132666506817791e-03
8.767176131278310927e-03
1.546180727140063910e-02
1.202548888922521340e-02
2.239583712010076444e-02
1.709081759392154162e-02
1.774798690711541088e-02
2.010541943834126197e-02
1.009583984938140604e-02
7.109810355647052001e-03
2.200015997453150587e-02
1.822221340127063577e-02
1.468973180069289841e-02
2.740660936770903180e-02
1.933854415613951369e-02
8.608826351387948231e-03
6.705557783857617714e-03
1.639139236046886772e-02
8.084332127158895889e-03
1.643523407032871850e-02
1.332789726629845899e-02
1.065013345518746324e-02
3.191105106633253946e-02
2.182907555246676665e-02
1.999060223784787649e-02
2.474654742720091768e-02
1.269778693742412527e-02
1.329181642464587199e-02
2.077542127800546812e-02
1.934545979265255358e-02
2.206608265383042805e-02
1.720240737709717582e-02
1.565051715248673425e-02
2.522785594878220600e-02
1.602500971784399583e-02
2.725220938379866245e-02
2.521324373044945069e-02
8.773112786874606717e-03
2.091806666521489264e-02
2.975946787146073469e-02
1.553260568147746962e-02
1.441265010006054226e-02
1.934473226505659116e-02
1.632318496254069745e-02
3.128719661558954611e-03
1.432670654632372045e-02
1.290971432262009132e-02
3.157613618823276042e-02
1.546279058846826600e-02
2.376401320990674873e-02
5.258183378021124427e-03
1.934344265981309541e-02
1.358695327484794532e-02
1.398957037498688508e-02
1.239524359815739711e-02
2.252782687090882502e-02
2.176516438783214838e-02
6.772313620342692436e-03
1.546964975113064404e-02
2.037247930170440688e-02
8.658855565411177971e-03
1.314098346258420029e-02
2.040638903868300519e-02
8.074697183571672224e-03
1.287526838666715884e-02
2.836853080403847413e-02
2.579857739032975425e-02
4.107379304025669808e-02
1.317866916505320771e-02
6.767126941466725804e-03
3.149381679351796054e-02
2.020386211910771973e-02
1.125121104919725272e-02
1.496228847409941318e-02
2.030116920638855640e-02
8.109559086740216263e-03
1.532017418652942102e-02
1.986987463437391369e-02
2.208600064341681088e-02
9.962532211153342712e-03
9.346513166419389423e-03
1.693334812088268665e-02
3.641497929332077749e-02
2.238715014575915277e-02
1.939717152200412520e-02
2.125933551563735299e-02
2.772260430647866675e-02
1.380769703679921023e-02
4.616022348259270387e-03
2.506475877474701602e-02
8.000922838097623141e-03
3.535608676297481712e-02
2.903596656595783948e-02
5.333673232889649118e-02
1.215481746435067602e-02
4.804146547151949553e-02
3.198220405808744476e-02
2.955158837466591651e-02
2.114473990676147414e-02
2.645859549772610481e-02
5.075298841462944077e-02
2.924493923007638954e-02
1.751280904630470037e-02
3.382381645019527650e-02
3.833883176973400947e-02
1.719471078872465003e-02
3.671669670272062480e-02
2.201796409912609720e-02
2.260705085666467329e-02
2.623348426312373943e-02
4.817207921793206782e-02
1.266854923628240974e-02
2.720514222246009015e-02
