6.865688803156104747e-01
6.408542598907570609e-01
6.411169652015461518e-01
6.238699762358961287e-01
4.405908541531640688e-01
5.110382053422400928e-01
2.581492007497699914e-01
2.113274853766715089e-01
2.700395309576318348e-01
2.040592065685487289e-01
2.916606232207635263e-01
1.870878019840063189e-01
2.830860950183178848e-01
3.367339625042484741e-01
4.094126194253999707e-01
4.199464030366865108e-01
3.331199930432187650e-01
3.609489731837971505e-01
4.389246944463351396e-01
3.056448140209088171e-01
4.491053502803072917e-01
3.694142244280499421e-01
3.699849050041741916e-01
4.404969728755952496e-01
4.167720875070139996e-01
3.563115530150133825e-01
2.708611434294091458e-01
1.965162227580193599e-01
2.780122862897957958e-01
2.040592065641237129e-01
2.851815250750452946e-01
1.902951394843955257e-01
2.782744602604183548e-01
3.410272272246252512e-01
4.115221669066126409e-01
4.250822939199006001e-01
3.432016789470000995e-01
3.629851340272686744e-01
4.415416205508813641e-01
3.056448140203844033e-01
4.466310737217485394e-01
3.672318418792426820e-01
3.615886324901291804e-01
4.354461110905802901e-01
4.152057081610117106e-01
3.511421317397163122e-01
2.726455345715360634e-01
1.948718921549287553e-01
2.795064668983879841e-01
2.040592065637809316e-01
2.838062045208485373e-01
1.912104489294261800e-01
2.770544266195141270e-01
3.426303500239730737e-01
4.121886230725386735e-01
4.268159925543863475e-01
3.464247937191730631e-01
3.636787397716332859e-01
4.424031277882505830e-01
3.056448140201941666e-01
4.457959883465399398e-01
3.665116041294931293e-01
3.586771320381347827e-01
4.337356382000173705e-01
4.146442028925152457e-01
3.494108089237382697e-01
2.733561140691911917e-01
1.942436092166509587e-01
2.801372580956983382e-01
2.040592065636750996e-01
2.832081440710845222e-01
1.916420360405972079e-01
2.764977013883950230e-01
3.434518453575814423e-01
4.125141090027840129e-01
4.276839231628158933e-01
3.480115889950826658e-01
3.640279774130448787e-01
4.428318735879434032e-01
3.056448140201629693e-01
4.453764905855024381e-01
3.661530779993947271e-01
3.571993639890443384e-01
4.328763697798598820e-01
4.143557341353292789e-01
3.485467921509777800e-01
2.737379512232034906e-01
1.939121421150972746e-01
2.804852581758630614e-01
2.040592065636605557e-01
2.828736113760896842e-01
1.918930694214026067e-01
2.761789757363350417e-01
3.439499356391980678e-01
4.127068757213587236e-01
4.282047186136127004e-01
3.489558690022634968e-01
3.642382570226406213e-01
4.430884808447664303e-01
3.056448140201387664e-01
4.451241639171079623e-01
3.659385048803330820e-01
3.563055413444960462e-01
4.323596765551918630e-01
4.141801496145108841e-01
3.480294266904194189e-01
2.739763165500730402e-01
1.937073855186738358e-01
2.807058130868435031e-01
2.040592065636341323e-01
2.826598731757430927e-01
1.920572234679719104e-01
2.759725123464756291e-01
3.442839141819310500e-01
4.128343280629769296e-01
4.285518654967223062e-01
3.495821692447798612e-01
3.643787410903587820e-01
4.432592861213569546e-01
3.056448140201173946e-01
4.449556839164429678e-01
3.657956900558038682e-01
3.557066482671806251e-01
4.320147825987629142e-01
4.140620435428428170e-01
3.476850847801789546e-01
2.741392820428413257e-01
1.935683518869289466e-01
2.808580970946661926e-01
2.040592065636081531e-01
2.825115096456144448e-01
1.921729388898808233e-01
2.758278815028084030e-01
3.445233373179442671e-01
4.129248453612425207e-01
4.287997833876459053e-01
3.500279586302876278e-01
3.644792297307736795e-01
4.433811596609262828e-01
3.056448140201162289e-01
4.448352124510309147e-01
3.656937965595033480e-01
3.552773839343152384e-01
4.317682314934876420e-01
4.139771660570983336e-01
3.474394491899636672e-01
2.742577374117421418e-01
1.934677772156291609e-01
2.809695606687538927e-01
2.040592065635992713e-01
2.824025057563569474e-01
1.922588962969770665e-01
2.757209243305208113e-01
3.447033521637266618e-01
4.129924484896131953e-01
4.289856903737275240e-01
3.503614466754524925e-01
3.645546732449117533e-01
4.434724936609154566e-01
3.056448140201157293e-01
4.447447884536585572e-01
3.656174414480124479e-01
3.549546210407787949e-01
4.315832149592697675e-01
4.139132251123099349e-01
3.472554168236361982e-01
2.743477267329807456e-01
1.933916442764415933e-01
2.810546771391814191e-01
2.040592065636073760e-01
2.823190331063614722e-01
1.923252657848555924e-01
2.756386172289457814e-01
3.448436175216347821e-01
4.130448597622181639e-01
4.291302629483380038e-01
3.506203217140357875e-01
3.646133967034780876e-01
4.435434890791042917e-01
3.056448140201219466e-01
4.446744169311775408e-01
3.655580930958588493e-01
3.547030990201039957e-01
4.314392544007437102e-01
4.138633254049315924e-01
3.471124037006791396e-01
2.744184102862811114e-01
1.933320092863400064e-01
2.811218007936767682e-01
2.040592065635920271e-01
2.822530620507455179e-01
1.923780574799207055e-01
2.755733192272009635e-01
3.449559843019530669e-01
4.130866822962633300e-01
4.292459058157358509e-01
3.508271046133096260e-01
3.646604036956126449e-01
4.436002588808924951e-01
3.056448140200908603e-01
4.446180933990348527e-01
3.655106391683320965e-01
3.545015756361115100e-01
4.313240500658279131e-01
4.138232997699561322e-01
3.469980747686488010e-01
2.744753987954862140e-01
1.932840341746607515e-01
2.811760915210237965e-01
2.040592065635801755e-01
2.821996105748637573e-01
1.924210510492884996e-01
2.755202516275604974e-01
3.450480201066757346e-01
4.131208303081977395e-01
4.293405118890967764e-01
3.509960813345985864e-01
3.646988825020091030e-01
4.436466893654726906e-01
3.056448140201086239e-01
4.445719931036919426e-01
3.654718297056385179e-01
3.543364903317462455e-01
4.312297688653110583e-01
4.137904814695033129e-01
3.469045889683735617e-01
2.745223208655224179e-01
1.932446040292164491e-01
2.812209083851460734e-01
2.040592065635866981e-01
2.821554237014555211e-01
1.924567424925373860e-01
2.754762725335505591e-01
3.451247833668273368e-01
4.131492385577723581e-01
4.294193424173548546e-01
3.511367516002485978e-01
3.647309608526711489e-01
4.436853693847207514e-01
3.056448140200717645e-01
4.445335642207740023e-01
3.654394998781329562e-01
3.541987797908499047e-01
4.311511856619547056e-01
4.137630846935248519e-01
3.468267238776778782e-01
2.745616272344744702e-01
1.932116226892326427e-01
2.812585321999356847e-01
2.040592065635973562e-01
2.821182848174040303e-01
1.924868464217938113e-01
2.754392313315191521e-01
3.451897833944340688e-01
4.131732419175173088e-01
4.294860393357380346e-01
3.512556784005629318e-01
3.647581130353019785e-01
4.437180900770038017e-01
3.056448140201305508e-01
4.445010389715982058e-01
3.654121519960087383e-01
3.540821563422142382e-01
4.310846813593778304e-01
4.137398685697831202e-01
3.467608669711891856e-01
2.745950328266457685e-01
1.931836277541159608e-01
2.812905660327107982e-01
2.040592065635702945e-01
2.820866321985491809e-01
1.925125796270809597e-01
2.754076063309059408e-01
3.452455310792854060e-01
4.131937911330690882e-01
4.295432037117838941e-01
3.513575414014218357e-01
3.647813928494556546e-01
4.437461301447718776e-01
3.056448140200974661e-01
4.444731539821306088e-01
3.653887169057254414e-01
3.539821209741362273e-01
4.310276699047054239e-01
4.137199440464540134e-01
3.467044397551474200e-01
2.746237736231704196e-01
1.931595679065989390e-01
2.813181695376950064e-01
2.040592065635664087e-01
2.820593337895019315e-01
1.925348295156839584e-01
2.753802905262835443e-01
3.452938703163400680e-01
4.132115816591701019e-01
4.295927427799111076e-01
3.514457672737489879e-01
3.648015735371635815e-01
4.437704268786117345e-01
3.056448140201097341e-01
4.444489823572755349e-01
3.653684109525323631e-01
3.538953695383569853e-01
4.309782542614025713e-01
4.137026574616193830e-01
3.466555525543472682e-01
2.746487629481345061e-01
1.931386679560387898e-01
2.813422023519162041e-01
2.040592065635914165e-01
2.820355489475301347e-01
1.925542584976065452e-01
2.753564593457780707e-01
3.453361856522702555e-01
4.132271342035017114e-01
4.296360868423378943e-01
3.515229227355576302e-01
3.648192356834848993e-01
4.437916828725285701e-01
3.056448140287025828e-01
4.444278286144646706e-01
3.653506466459212065e-01
3.538194206967367195e-01
4.309350112488267714e-01
4.136875174753282258e-01
3.466127889261798600e-01
2.746706903151063250e-01
1.931203437687081526e-01
2.813633152580805596e-01
2.040592065627253315e-01
2.820146403440480509e-01
1.925713710435595361e-01
2.753354859835946966e-01
3.453735368482984125e-01
4.132408459251181720e-01
4.296743294615759656e-01
3.515909684580408867e-01
3.648348220979942269e-01
4.438104355998372386e-01
3.056448140251687429e-01
4.444091608878696364e-01
3.653349748977618439e-01
3.537523751771528002e-01
4.308968524041014714e-01
4.136741476649445359e-01
3.465750662643170554e-01
2.746900859859826016e-01
1.931041468359650792e-01
2.813820098260347846e-01
2.040592065640174924e-01
2.819961159973224385e-01
1.925865581025205109e-01
2.753168854572339286e-01
3.454067489838570926e-01
4.132530254122957492e-01
4.297083212410800490e-01
3.516514278358546797e-01
3.648486792586564942e-01
4.438271024497079664e-01
3.056448140248535505e-01
4.443925651618548800e-01
3.653210465660920447e-01
3.536927538832785878e-01
4.308629308566169769e-01
4.136622546699155745e-01
3.465415429365086286e-01
2.747073645112099727e-01
1.930897270546259037e-01
2.813986791392528719e-01
2.040592065613832384e-01
2.819795900901050367e-01
1.926001273442488337e-01
2.753002766466791096e-01
3.454364738462356588e-01
4.132639159034104392e-01
4.297387335867816072e-01
3.517055025939265778e-01
3.648610795301696075e-01
4.438420131499279941e-01
3.056448140225381804e-01
4.443777146375803566e-01
3.653085860292512033e-01
3.536393883886997380e-01
4.308325779412469081e-01
4.136516066588957208e-01
3.465115547671871465e-01
2.747228545871100436e-01
1.930768071498383531e-01
2.814136353699471238e-01
2.040592065624412532e-01
2.819647557776986391e-01
1.926123241939418362e-01
2.752853559068472733e-01
3.454632332274628626e-01
4.132737117361743318e-01
4.297661035805447338e-01
3.517541533431452483e-01
3.648722412251875769e-01
4.438554313908437687e-01
3.056448140177221995e-01
4.443643477762588279e-01
3.652973728908845419e-01
3.535913432029473280e-01
4.308052587043720294e-01
4.136420178616744270e-01
3.464845706172602902e-01
2.747368202276103677e-01
1.930651646864868787e-01
2.814271296804783939e-01
2.040592065619605266e-01
2.819513659742383660e-01
1.926233468373859115e-01
2.752718783297963823e-01
3.454874497759941043e-01
4.132825700532282154e-01
4.297908659908097895e-01
3.517981572000660750e-01
3.648823410594893013e-01
4.438675705743738154e-01
3.056448140215856646e-01
4.443522528167678787e-01
3.652872287789243333e-01
3.535478604813280246e-01
4.307805399857788653e-01
4.136333377149322144e-01
3.464601606707090053e-01
2.747494759155496569e-01
1.930546191291759306e-01
2.814393664404595263e-01
2.040592065634259933e-01
2.819392194883732494e-01
1.926333570436660481e-01
2.752596441921373316e-01
3.455094694714729853e-01
4.132906192949789004e-01
4.298133765049610977e-01
3.518381495875432252e-01
3.648915236942442686e-01
4.438786052536780047e-01
3.056448140187458806e-01
4.443412564663342668e-01
3.652780077700970018e-01
3.535083197932082921e-01
4.307580673433382690e-01
4.136254429067739991e-01
3.464379733619194490e-01
2.747609977012431814e-01
1.930450224367383505e-01
2.814505136029172849e-01
2.040592065630869589e-01
2.819281508280291337e-01
1.926424881769847608e-01
2.752484890069225032e-01
3.455295782592294751e-01
4.132979654633688882e-01
4.298339289392458795e-01
3.518746551351007446e-01
3.648999086445971485e-01
4.438886796177778371e-01
3.056448140190165530e-01
4.443312155396377805e-01
3.652695893470722655e-01
3.534722083089556488e-01
4.307375479536592611e-01
4.136182314727355758e-01
3.464177183596361953e-01
2.747715314407738196e-01
1.930362520618894018e-01
2.814607104990715647e-01
2.040592065637149843e-01
2.819180226254356381e-01
1.926508511614108132e-01
2.752382760674679796e-01
3.455480145241232592e-01
4.133046968175482783e-01
4.298527681282577895e-01
3.519081108047625306e-01
3.649075955179386654e-01
4.438979137935328834e-01
3.056448140198102514e-01
4.443220107048593825e-01
3.652618730976409100e-01
3.534390984865041774e-01
4.307187377695670394e-01
4.136116183624491405e-01
3.463991537940832588e-01
2.747811990025458284e-01
1.930282056830034121e-01
2.814700736761036048e-01
2.040592065630916774e-01
2.819087199071337313e-01
1.926585390149320454e-01
2.752288908275108414e-01
3.455649785862539014e-01
4.133108874401495436e-01
4.298700997153995229e-01
3.519388834812789968e-01
3.649146680048930835e-01
4.439064086887634653e-01
3.056448140201754038e-01
4.443135417098736384e-01
3.652547746825505204e-01
3.534086309917765512e-01
4.307014317764186195e-01
4.136055320832496829e-01
3.463820765241215072e-01
2.747901030040574843e-01
1.930207972081527945e-01
2.814787013653372028e-01
2.040592065632524377e-01
2.819001457037911273e-01
1.926656303158935102e-01
2.752202365881410984e-01
3.455806400059231454e-01
4.133165999684085823e-01
4.298860977082721857e-01
3.519672834607266432e-01
3.649211969376495723e-01
4.439142496594057352e-01
3.056448140220148768e-01
4.443057237055811903e-01
3.652482227587287578e-01
3.533805016576083147e-01
4.306854564762854776e-01
4.135999120664627937e-01
3.463663148484936727e-01
2.747983304248577396e-01
1.930139535962918929e-01
2.814866772488165414e-01
2.040592069990941337e-01
2.818922138167564984e-01
1.926721919078731027e-01
2.752122311443710445e-01
3.455951433157115060e-01
4.133218877249110745e-01
4.299009103522158926e-01
3.519935751902688037e-01
3.649272427995940427e-01
4.439215094851350907e-01
3.056448142088180608e-01
4.442984844235616793e-01
3.652421583448625109e-01
3.533544549759657927e-01
4.306706626961028794e-01
4.135947071503948691e-01
3.463517206673191184e-01
2.748059555786532826e-01
1.930076128128593305e-01
2.814940716332539061e-01
2.040592065644845632e-01
2.818848653883831434e-01
1.926782812215147578e-01
2.752048043533674160e-01
3.456086121687330648e-01
4.133267964060872712e-01
4.299146648287431871e-01
3.520179842455917196e-01
3.649328569134906997e-01
4.439282502308893874e-01
3.056448138904767631e-01
4.442917619123464279e-01
3.652365241449759825e-01
3.533302575678211044e-01
4.306569281019175244e-01
4.135898718907966010e-01
3.463381729535135456e-01
2.748130424379298664e-01
1.930017212482477151e-01
2.815009468026978823e-01
2.040592065955318113e-01
2.818780283697000510e-01
1.926839468688917589e-01
2.751978949895938498e-01
3.456211537802941769e-01
4.133313652985602382e-01
4.299274701410784050e-01
3.520407068577145471e-01
3.649380841084283178e-01
4.439345259656919396e-01
3.056448140442447614e-01
4.442855026549747954e-01
3.652312801380486196e-01
3.533077289227289919e-01
4.306441387077656890e-01
4.135853692325882069e-01
3.463255595368927575e-01
2.748196458302390455e-01
1.929962328239992753e-01
2.815073550380088885e-01
2.040592065633889673e-01
2.818716542653241230e-01
1.926892321467677249e-01
2.751914518046744140e-01
3.456328604298826712e-01
4.133356286061740659e-01
4.299394216100138055e-01
3.520619115053961745e-01
3.649429634477786011e-01
4.439403829571826887e-01
3.056448139356355287e-01
4.442796604359449120e-01
3.652263861560502978e-01
3.532866991211623953e-01
4.306322018969552246e-01
4.135811657130957220e-01
3.463137881089871084e-01
2.748258136089964943e-01
1.929911075440202406e-01
2.815133427754532014e-01
2.040592065628600571e-01
2.818656976003294790e-01
1.926941739304717516e-01
2.751854283957931302e-01
3.456438129358010980e-01
4.133396159325173902e-01
4.299506017735761909e-01
3.520817453212439774e-01
3.649475279583423437e-01
4.439458618795833478e-01
3.056448140157345672e-01
4.442741949275236246e-01
3.652218082352695627e-01
3.532670234102361917e-01
4.306210349302286300e-01
4.135772324590162863e-01
3.463027769844507775e-01
2.748315876822432502e-01
1.929863105181719718e-01
2.815189497365931381e-01
2.040592065630017216e-01
2.818601186728318386e-01
1.926988046523728515e-01
2.751797853738197630e-01
3.456540818663089709e-01
4.133433532344606975e-01
4.299610831382133513e-01
3.521003372073102655e-01
3.649518073931881657e-01
4.439509981925331972e-01
3.056448139498868510e-01
4.442690708149206746e-01
3.652175165338186202e-01
3.532485750959769577e-01
4.306105656201774656e-01
4.135735442311483379e-01
3.462924548259718738e-01
2.748370044127049772e-01
1.929818111899631317e-01
2.815242112077445125e-01
2.040592065597906790e-01
2.818548826540340779e-01
1.927031528046579678e-01
2.751744876971911613e-01
3.456637292801362227e-01
4.133468633269447579e-01
4.299709290420939412e-01
3.521178002053220180e-01
3.649558277443821219e-01
4.439558230120458915e-01
3.056448140334495633e-01
4.442642570849086314e-01
3.652134850978226432e-01
3.532312428015495498e-01
4.306007306907813081e-01
4.135700788263959038e-01
3.462827589575179776e-01
2.748420960258057266e-01
1.929775826831863217e-01
2.815291582428640638e-01
2.040592065628385465e-01
2.818499588722037652e-01
1.927072434661593336e-01
2.751695045985659838e-01
3.456728099183730696e-01
4.133501663164718676e-01
4.299801956878262499e-01
3.521342341066895365e-01
3.649596117303607334e-01
4.439603638745049374e-01
3.056448140040603501e-01
4.442597263531667395e-01
3.652096909878310149e-01
3.532149282159546266e-01
4.305914740598383306e-01
4.135668166393715039e-01
3.462736340666747736e-01
2.748468909591346154e-01
1.929736012630440256e-01
2.815338181720871136e-01
2.040592065679060207e-01
2.818453202068694208e-01
1.927110988537811542e-01
2.751648089369423400e-01
3.456813723197012522e-01
4.133532800023754783e-01
4.299889326427824288e-01
3.521497272876763507e-01
3.649631796066012956e-01
4.439646450912614895e-01
3.056448140193919749e-01
4.442554543774712150e-01
3.652061138225647929e-01
3.531995442826538212e-01
4.305827462371906167e-01
4.135637403117846111e-01
3.462650311716171103e-01
2.748514143790972697e-01
1.929698458821843543e-01
2.815382152745158351e-01
2.040592065622695017e-01
2.818409425910754496e-01
1.927147386997570544e-01
2.751603764828377541e-01
3.456894596192122138e-01
4.133562202065903524e-01
4.299971840998256800e-01
3.521643582815567330e-01
3.649665493954925011e-01
4.439686883827593800e-01
3.056448140185432094e-01
4.442514196076157718e-01
3.652027355032060885e-01
3.531850135624620690e-01
4.305745032041355946e-01
4.135608343918582008e-01
3.462569066970634379e-01
2.748556887329349774e-01
1.929662978281055097e-01
2.815423711661842465e-01
2.040592065353938611e-01
2.818368045965122248e-01
1.927181811603522199e-01
2.751561855396882916e-01
3.456971102718219280e-01
4.133590010344679322e-01
4.300049894652458460e-01
3.521781970926163852e-01
3.649697371599855966e-01
4.439725129811425419e-01
3.056448140145888170e-01
4.442476028452794212e-01
3.651995398767282075e-01
3.531712670153875355e-01
4.305667055988976477e-01
4.135580851268041980e-01
3.462492218988429959e-01
2.748597340567563441e-01
1.929629403905002982e-01
2.815463052017124768e-01
2.040592065615436379e-01
2.818328870585553036e-01
1.927214402385667713e-01
2.751522174122882913e-01
3.457043587486163805e-01
4.133616348887907410e-01
4.300123837821868689e-01
3.521913063310690428e-01
3.649727570112259456e-01
4.439761362728465999e-01
3.056448137537132737e-01
4.442439867820383581e-01
3.651965125599456186e-01
3.531582426030333566e-01
4.305593182223771964e-01
4.135554801436833738e-01
3.462419418532594051e-01
2.748635682457277740e-01
1.929597586083526550e-01
2.815500346270255472e-01
2.040592065628496210e-01
2.818291728908804417e-01
1.927245316798950892e-01
2.751484543407666239e-01
3.457112358529234042e-01
4.133641337013272965e-01
4.300193990807331668e-01
3.522037425161960722e-01
3.649756224995397424e-01
4.439795734564471741e-01
3.056448140713577399e-01
4.442405562550977849e-01
3.651936410014206547e-01
3.531458854066754638e-01
4.305523099973518897e-01
4.135530084953965568e-01
3.462350356537408080e-01
2.748672074123924558e-01
1.929567390516871150e-01
2.815535750506159562e-01
2.040592065598609284e-01
2.818256465058107674e-01
1.927274677916823997e-01
2.751448808857650530e-01
3.457177694763257647e-01
4.133665072018766762e-01
4.300260633754286466e-01
3.522155554671574373e-01
3.649783446420755140e-01
4.439828388678033755e-01
3.056448140331960994e-01
4.442372970146733491e-01
