6.724353605262456401e-01
6.648363730491758661e-01
6.639085025815099073e-01
6.258428320586318927e-01
6.058784134262300558e-01
5.688293303188513006e-01
5.884318148789894343e-01
6.322718237379971740e-01
6.225751897665077195e-01
5.144807719195156892e-01
5.892949829808736828e-01
6.258966762317050847e-01
5.651907013358271614e-01
3.647787464689546399e-01
4.792870198303947338e-01
4.877002962231667960e-01
5.624685848615458283e-01
5.068698860060486533e-01
5.734101662669315314e-01
4.343847243976531880e-01
5.019164517780660972e-01
3.688677275026230884e-01
5.926767678769845338e-01
4.348042343450934100e-01
4.907511215125034965e-01
3.464361851002430992e-01
3.433031393239286411e-01
4.949066109321081375e-01
2.015684923828011677e-01
3.584776911418063317e-01
3.570214773241780493e-01
2.336745445908799124e-01
1.815665125161315674e-01
1.696768188098276842e-01
1.647186032697530167e-01
1.779416134545891426e-01
1.510054802619351377e-01
1.603599987171236141e-01
1.349219905698414435e-01
1.908320318566369689e-01
2.519859843042742686e-01
1.221451673440805963e-01
2.484689149780713868e-01
1.686507962157445251e-01
2.602199277178738890e-01
1.029049875700972921e-01
1.311170032083667780e-01
1.239209690919993723e-01
1.293554102261240124e-01
1.545095807921136044e-01
1.822929398050012195e-01
1.183947850980452410e-01
1.343069142265173876e-01
1.064135991367648332e-01
1.498992036145110340e-01
1.459888010984062845e-01
1.429319839115231472e-01
1.032561072568427829e-01
1.043454436662712148e-01
8.386752715316347917e-02
8.507864026749678565e-02
2.244625123520011534e-01
3.237550488570171692e-01
1.539117997546320948e-01
6.822310900543870904e-02
1.261245158309421965e-01
9.708006245505737541e-02
1.650397231990399505e-01
9.506170021497534206e-02
1.420770219808130119e-01
1.247518078531230229e-01
1.667037559622330523e-01
6.235968162422865502e-02
1.538249183225816885e-01
5.374005752744071690e-02
1.229203248724634462e-01
8.302109303587371092e-02
8.381467069977184547e-02
1.312263898400008455e-01
2.653967030861142246e-02
4.479232956809667959e-02
5.219262963557442375e-02
7.577225993380767854e-02
8.394705127588099336e-02
7.575276270632998188e-02
6.709114214708281065e-02
4.866729732962334770e-02
6.064673612423075039e-02
1.050000501377945233e-01
6.599818106951635399e-02
7.343511144273714986e-02
4.869050368972793752e-02
5.953185230591157007e-02
2.436893114981074707e-02
3.032003482775682060e-02
7.659955725651794445e-02
8.241955438005774126e-02
1.121413308600573699e-01
3.908728263042247214e-02
3.540224430516628051e-02
9.916535734878866026e-02
5.022206733178543464e-02
5.197014702444425344e-02
7.394993880063339964e-02
4.922125109702166212e-02
2.592521880505618478e-02
6.312674412028727866e-02
4.217998685923467911e-02
2.359904239664535608e-02
4.851496121753487434e-02
8.166256615092791493e-02
5.218906618060398933e-02
3.683986607605432839e-02
3.256296800090918014e-02
4.740035487186553681e-02
6.554808834796947703e-02
2.843509200923177022e-02
1.091037869706001917e-01
5.081005819001367663e-02
6.528273457510920530e-02
1.806883374894888844e-02
3.607195529021618025e-02
2.418174471429765035e-02
1.856045895462062750e-02
3.809143067491510548e-02
2.416952615055931869e-02
3.351068032006463554e-02
2.455207209594017712e-02
4.604068644333367960e-02
3.188765452735747852e-02
2.129264424236762543e-02
1.613484244987583097e-02
5.148732110188514177e-02
3.921004727229481651e-02
2.157008903017321871e-02
1.307826370602476092e-02
4.911725909469751711e-02
2.199381389546542151e-02
3.824734178446394239e-02
2.291390958105921083e-02
4.992559380233928257e-02
1.400344818971069848e-02
2.266951211759160936e-02
6.405383244079497496e-02
4.179353606332585763e-02
4.158047159225689016e-02
3.623736667720612453e-02
1.668298996840043499e-02
3.023437928249847126e-02
2.160052362770031528e-02
1.462145845791181127e-02
4.090944203694286269e-02
1.976175860465601355e-02
1.625230843376669274e-02
2.191229578748338930e-02
3.284876524546884863e-02
1.509554841913786187e-02
3.449572076833591627e-02
1.797723771524188663e-02
2.638462500216331302e-02
6.130231980842454874e-03
3.731567773714811881e-02
1.840672652903252438e-02
4.094761044938936834e-02
2.554537740845290103e-02
1.705356217898499130e-02
4.737300487238152447e-03
2.185889273544008859e-02
2.426618600641668524e-02
2.038607824361235096e-02
1.693206540446320213e-02
3.539545804616667929e-02
2.092583680541796817e-02
1.361883832207809453e-02
2.901626432592544630e-02
4.095571318938154293e-02
2.136464531493762267e-02
3.094218022663181022e-02
2.220294083723483788e-02
3.589634164984887438e-02
2.629296757808791477e-02
3.478148278639169727e-02
2.708486012156089903e-02
3.613320258054134038e-02
2.015967347887358263e-02
3.483287829149479126e-02
2.855421318819655052e-02
2.571984149934119362e-02
3.305405303742491724e-02
2.166364882811331119e-02
2.010619730346740672e-02
2.131502075728147066e-02
9.329782576366144053e-03
2.881840548720557976e-02
1.188840903072636498e-02
1.444363268669147937e-02
2.423371519666807014e-02
3.947953112919046215e-02
2.479547312528366382e-02
2.050598562074379752e-02
2.192386021649355907e-02
1.087558606037245836e-02
1.673790666921338294e-02
2.586071132358759919e-02
2.350859062330403967e-02
1.826122735765856736e-02
4.209493947762112803e-02
2.974368996663281223e-02
2.446223285990307625e-02
8.771796314545334330e-03
1.033676819055583986e-02
1.309379820354950735e-02
3.467547618475298743e-02
2.492954756182015966e-02
1.188617138516467886e-02
6.927838574515407868e-03
1.673620056168671072e-02
9.656870577894783800e-03
1.559229470696390889e-02
1.244945459500440728e-02
1.455598429153548076e-02
1.483985660095294215e-02
7.457843060125640168e-03
7.817385052612016785e-03
2.069585627086270932e-02
6.046605245329289037e-03
1.530431780961015627e-02
2.605195743678121248e-02
6.313290975212160205e-03
1.050280718574724340e-02
1.398484538123497337e-02
2.435139127956640823e-02
6.407628944070545111e-03
9.450878054808332582e-03
1.714830523104324961e-02
1.107228769255643938e-02
1.493542091331677077e-02
6.217379843344464016e-03
1.144377352827209010e-02
3.702661431336926046e-02
1.393938098789623825e-02
1.012906950928029251e-02
1.820846863508661026e-02
1.356252038277945202e-02
2.540390112918810075e-02
2.460672350147937240e-02
4.940588162073249016e-03
1.205793022260263740e-02
9.530654937079000716e-03
1.279926877714743401e-02
1.286660310518282502e-02
1.931352761876612215e-02
1.784847975479003299e-02
1.464192039596622780e-02
1.583176794152562836e-02
1.265015377383908214e-02
1.152710493808664118e-02
1.174421779733359796e-02
1.599474605118112250e-02
1.042229571161569154e-02
7.175774443629831002e-03
6.287922745322302616e-03
2.104025861447254148e-02
1.981351765863375095e-02
1.408183008459072162e-02
1.284839486008936861e-02
4.640946888688734541e-03
9.546991791842936170e-03
1.547490634575187513e-02
1.419654663222788202e-02
8.421962917525485995e-03
8.608253236514739823e-03
1.315406113499289521e-02
9.611605639889390235e-03
1.509331635589854746e-02
1.174750913911832943e-02
1.239134485463523443e-02
1.418520856118102823e-02
1.637357519186391844e-02
1.492393780392508792e-02
1.233724548208305072e-02
1.249178106606656583e-02
1.266634679389122900e-02
1.039817003370961321e-02
1.399042126584728631e-02
1.920259996430894942e-02
1.312777989051064874e-02
1.549590025812916383e-02
9.382784883240817206e-03
5.880291145956599401e-03
2.488592176634559644e-02
2.224309727213204940e-02
1.802834889956323253e-02
5.000987130379613496e-03
2.262919684102975004e-02
1.271938979511101457e-02
6.244542936331850223e-03
1.380843459035900264e-02
1.259048570106432487e-02
6.586963327818862700e-03
6.244180221697089722e-03
1.971597348221575813e-02
8.715960629056744222e-03
9.525967296092570369e-03
1.648708730407736842e-02
9.946792669165111650e-03
1.086303722499577969e-02
8.780744086586312822e-03
2.051329403862761636e-02
1.494115816475458103e-02
1.443143525196838479e-02
5.529399247847784776e-03
1.044925328979953889e-02
2.693525398889004899e-02
7.844842963302910838e-03
2.335649065032415275e-02
1.715280101846213337e-02
9.801525835727355543e-03
7.567028312180145398e-03
1.291702318742670927e-02
1.933306995838234357e-02
1.908411219819094659e-02
1.417291819887579220e-02
1.203098297651067697e-02
5.288278939279487077e-03
1.055618146589841662e-02
2.618465776230883765e-02
2.778520632044785901e-02
1.411487587071976434e-02
6.067473107082670299e-03
7.325912854839192884e-03
1.008942432873260325e-02
1.145113771985084919e-02
1.033817613287182739e-02
8.994370452510115979e-03
8.277120033014020994e-03
9.098904663407916815e-03
7.032937736225742219e-03
8.028369095942948508e-03
1.252947128364970825e-02
1.909151342065475154e-02
1.876599561472764438e-02
1.118195103549142477e-02
1.872145030456132467e-02
1.272528536019549086e-02
7.587079994919499262e-03
9.126636788037850723e-03
8.853962179996750087e-03
1.622602569741731296e-02
1.642170238137690211e-02
1.377702197542639805e-02
3.459317188757131400e-03
1.395029454209230531e-02
6.488231498999493321e-03
5.903709080885938612e-03
9.605777555211509819e-03
1.790861352150107180e-02
2.015251943222582179e-02
1.078866605186472837e-02
8.983689697288833875e-03
1.344816940266257803e-02
8.758475955149010173e-03
1.261357592457732803e-02
1.367321740056557516e-02
2.647883944042046106e-02
1.156028891960753091e-02
1.248294602219744524e-02
5.613664556610930938e-03
1.054962531322381838e-02
1.213046643250363654e-02
1.586220484003944553e-02
1.140970419236948460e-02
8.838166037825201035e-03
9.050802660901679023e-03
5.138970023840127438e-03
1.333923479127078170e-02
9.720142800127652694e-03
1.259164911075990462e-02
2.237603113337102365e-02
8.669304028483492547e-03
1.178332681428143590e-02
1.435314634423758874e-02
1.060412601031133183e-02
1.169089618318535501e-02
1.560528609011284547e-02
1.707720691169577892e-02
1.856706965520161026e-02
2.496696273800320942e-02
1.130813827563677265e-02
7.450843635913227854e-03
1.812227430117067245e-02
1.289040403910970620e-02
8.558750637238944289e-03
1.141261321866680195e-02
9.927873499356726361e-03
1.908697828901003216e-02
2.158572360147462815e-02
6.764490746152820692e-03
1.681163874945435649e-02
3.843333689221639822e-03
1.680775412521799336e-02
6.760014595417007319e-03
2.142952999372799497e-02
1.884727503737089818e-02
9.804018125284889515e-03
1.110297535607352067e-02
8.504681277168737660e-03
1.268423538575329246e-02
1.816917094814359673e-02
7.345039382059879648e-03
1.076780183261219319e-02
2.354320559325309703e-02
1.773948755213389933e-02
1.754708584501231058e-02
1.528552158102191964e-02
1.141201091839902544e-02
1.020578626694149636e-02
1.497950122648298091e-02
1.392161822901983280e-02
7.887247272607653473e-03
2.367329836558569253e-02
1.237937267750175221e-02
9.911783738758754222e-03
1.499305470160821468e-02
5.629382142551759942e-03
8.694489868418709896e-03
8.595332926935003379e-03
1.273978505386354557e-02
1.706987005166865634e-02
1.312851985844157472e-02
9.270684717603314834e-03
5.179240980959668415e-03
1.197529920327373813e-02
1.186872291096401771e-02
2.563240429231569001e-02
1.423050509512369284e-02
1.340540945319063267e-02
9.324728249782842857e-03
1.318261892756496245e-02
9.919799929947736850e-03
9.961162032121897991e-03
1.917578526020482718e-02
2.062294010960802337e-02
9.674326099871512555e-03
6.233746997841797984e-03
6.771938554461617160e-03
1.375152310021884351e-02
3.442794653991330597e-03
1.450005186182593171e-02
1.332700584431305638e-02
1.562689217847565773e-02
9.001239435458613034e-03
9.909324967001628681e-03
7.051473650940794265e-03
1.277516205787012325e-02
1.941885665331099381e-02
1.168654627665636526e-02
2.300170144115918150e-02
2.158672241243365236e-02
1.183081926574031627e-02
8.036046174494127295e-03
7.887003614701735763e-03
8.116595756506030448e-03
1.001658486279527471e-02
9.510467108268210248e-03
9.727968266286912691e-03
1.026974038314517473e-02
1.083873682597014283e-02
8.806682586599277537e-03
6.809438502983784086e-03
1.354319465425316005e-02
2.450561606802326500e-02
2.400828951153072960e-02
1.067234791065261972e-02
5.383048521844213327e-03
1.261028916607458659e-02
1.448540358639155250e-02
1.840765158921916361e-02
2.052943511973911658e-02
1.502911119319014395e-02
8.866537839440294042e-03
9.946407815728808277e-03
1.598160061094322168e-02
2.485882694246139071e-02
7.091251330310409905e-03
2.727863202275905910e-02
1.162258943610754158e-02
5.674105970838120433e-03
1.433409614766649291e-02
1.354312404611525585e-02
1.617458355152380858e-02
7.747055087089387004e-03
1.105740260185004292e-02
9.593207575760714576e-03
9.732428500115792094e-03
9.470863790717778952e-03
9.208205568945563094e-03
1.639429352916035171e-02
6.360458181381433568e-03
6.666947064206827679e-03
1.670982909019030557e-02
1.254552821381647865e-02
8.059283650456610867e-03
9.768209189591528160e-03
2.254674954665624592e-02
4.675976635698931086e-03
1.854575342185125694e-02
1.888660076466977880e-02
2.756112923925647246e-02
5.770044750872465114e-03
1.017884729705722559e-02
1.342808018349988045e-02
9.557317745774250584e-03
2.000844376342319000e-02
1.302479310661962264e-02
1.085781060705854999e-02
1.344370215159347570e-02
9.632962038392074364e-03
1.602224294555834594e-02
9.447098953998823642e-03
1.174869276636421149e-02
1.543585624315957881e-02
1.194771154067407817e-02
1.122574634262132019e-02
1.104209553529786163e-02
8.118911139046574091e-03
1.434648082098660855e-02
7.185848080033632387e-03
9.530376837060122730e-03
1.042285568330625356e-02
1.395381694484706253e-02
8.350227996728928556e-03
3.969160670643517505e-03
1.287853792164930442e-02
1.401652847239628560e-02
1.500748385299070439e-02
1.493725932459336568e-02
7.209914995159756243e-03
7.656720059594696905e-03
8.754537064718312042e-03
1.349967329395070081e-02
1.071017170171936067e-02
8.962935045427784797e-03
9.365687790431384552e-03
1.374199451032582023e-02
1.379777187128658142e-02
1.344961155251885900e-02
1.794639355713242498e-02
1.084839446343162199e-02
9.870651290694783600e-03
7.014217181614679567e-03
1.103948132385846291e-02
4.441989280357703553e-03
2.479403644512261778e-02
1.937536799075605803e-02
1.339076219080755255e-02
1.165144670333818043e-02
1.063797387999940690e-02
1.138818986416424879e-02
3.032617016077488944e-02
9.839355005920367644e-03
4.639857856779362570e-03
1.329548491871126482e-02
7.914009060496664597e-03
1.048459555998141474e-02
9.618060080193342742e-03
5.688882276272312459e-03
1.695280529247057341e-02
1.327307853740761559e-02
1.088874492831752236e-02
4.219913368429009139e-03
2.637490980562709475e-02
1.139012743136959792e-02
5.885291263959621481e-03
1.913018424296998934e-02
8.953915816831473778e-03
6.030741733778538852e-03
1.221958825158451882e-02
8.837413208309568072e-03
1.047232520391093782e-02
1.608168787995974819e-02
6.368919037302541927e-03
1.080879875683690185e-02
5.665890439090452181e-03
1.096134871849465883e-02
2.129633231708557770e-02
2.869829877485131214e-02
1.125669748453500714e-02
8.615288584036684058e-03
8.767201934280231812e-03
1.546248509116553670e-02
1.202617208651842427e-02
2.239697605997728255e-02
1.709117453539822640e-02
1.774833538205860747e-02
2.010608277692581963e-02
1.009642571262218090e-02
7.110147743139227060e-03
2.199999511393260429e-02
1.822274199262968394e-02
1.469046173013981854e-02
2.740776338689443481e-02
1.933931119971913151e-02
8.609332136418209117e-03
6.706021837146516548e-03
1.639229217879147396e-02
8.084472893581171396e-03
1.643585019413127887e-02
1.332852170922501148e-02
1.065089417394128254e-02
3.191121168726104157e-02
2.182985267045674249e-02
1.999166482975872627e-02
2.474737990268038174e-02
1.269856257519069720e-02
1.329292120982460135e-02
2.077604691672889012e-02
1.934670455513634590e-02
2.206649153726246079e-02
1.720364542620657702e-02
1.565111717969833866e-02
2.522880535321795487e-02
1.602573269267459216e-02
2.725362163010802696e-02
2.521411865540918590e-02
8.773459447947381390e-03
2.091834127563266948e-02
2.976055911913418409e-02
1.553300961953453692e-02
1.441359266710540675e-02
1.934536012688884907e-02
1.632400665572657228e-02
3.128989424572816563e-03
1.432743317465131824e-02
1.291084785912620728e-02
3.157789981710475147e-02
1.546334419153753276e-02
2.376582095022622756e-02
5.258308450782056380e-03
1.934512339749982004e-02
1.358781152268937614e-02
1.399090425875303481e-02
1.239589472812724184e-02
2.252956931237409463e-02
2.176549623828438404e-02
6.773129603477479922e-03
1.547062855763010891e-02
2.037453649486685447e-02
8.659621429654606323e-03
1.314216929261873869e-02
2.040764676917320927e-02
8.075669689168920445e-03
1.287694961567360623e-02
2.837077552034952474e-02
2.580113057510760588e-02
4.107770126104424296e-02
1.318010112862573469e-02
6.767995487624055458e-03
3.149721135509159220e-02
2.020485947500955462e-02
1.125299687229099586e-02
1.496346318988908339e-02
2.030368590612129792e-02
8.110255812054944363e-03
1.532151522701324931e-02
1.987242210210404467e-02
2.208933125701166914e-02
9.963711179811735041e-03
9.348004644982439021e-03
1.693583122903444607e-02
3.641737615788846749e-02
2.238828787842890577e-02
1.939989843170785225e-02
2.126013549359904303e-02
2.772490476775377188e-02
1.380930673550487785e-02
4.617001372989852463e-03
2.506725685776298868e-02
8.002368694730255250e-03
3.536148641089329608e-02
2.904009695320970350e-02
5.334576201293658726e-02
1.215696529416030076e-02
4.804610433687241111e-02
3.198635234180833425e-02
2.955276490030431941e-02
2.114821056962732856e-02
2.646298452184584621e-02
5.075967423328557604e-02
2.924908626059728387e-02
1.751530791259392136e-02
3.382769712362555109e-02
3.834519837310545326e-02
1.719734745527837227e-02
3.672134085145365573e-02
2.202341577548753634e-02
2.261159171350218822e-02
2.623865767964731269e-02
4.818207397046007229e-02
1.267177497033017929e-02
2.720955441824029347e-02
