7.599036749117727974e-01
7.207288298249585612e-01
7.154859062417611160e-01
6.321229095910999574e-01
5.861921830466775285e-01
6.008323988211666800e-01
4.343595301006141218e-01
4.119923886089377207e-01
5.048356682240252580e-01
3.240619837177610152e-01
5.265369392222954970e-01
3.060665164859686094e-01
2.252011042572256705e-01
2.530367563651369500e-01
4.384620809585440537e-01
3.091606989737802347e-01
3.865957139305442603e-01
2.652114476802948095e-01
1.676580380326008479e-01
2.828368300578558703e-01
2.831390294979974631e-01
2.032575965734828849e-01
2.086881711329310052e-01
1.045533654966987192e-01
1.830990227228108114e-01
1.013699291131181651e-01
1.051168605199208766e-01
6.021824595567731864e-02
2.019541517458702529e-01
1.054423579374607345e-01
1.053307481691907466e-01
7.307326207726673462e-02
4.432540262466621445e-02
3.314705758347728098e-02
8.393434723465664771e-02
9.647379533077032887e-02
1.213403179997163232e-02
2.639425136008804323e-02
4.751165089771438449e-02
3.884909661517113588e-02
3.887211679902734252e-02
7.718445261031267601e-02
5.643819570807577513e-02
5.843024959653111972e-02
6.535695120061990604e-02
6.973720429453124370e-02
7.290300113479081245e-02
6.190684932979637067e-02
6.890950903075628020e-02
8.117956298590174591e-02
7.601378306006588426e-02
2.159978074638018233e-02
4.357132745697024634e-02
6.502468032605972226e-02
3.294655708468154781e-02
3.284241794699508527e-02
6.915874643914894648e-02
4.267136402023672531e-02
3.431468454013037600e-02
1.671176948494089431e-02
2.568157494162671972e-02
3.841376447100981056e-02
2.243239546737164219e-02
4.421948249538081022e-02
2.313231686327040307e-02
1.226446625716718329e-02
1.486508710818005945e-02
1.749042749100921529e-02
4.501096773318464389e-02
4.429187946313543206e-02
3.318138120970560989e-02
1.936309104481089005e-02
1.300078617467743426e-02
1.513073441565063182e-02
3.334807055685316823e-02
1.308570397110160426e-02
3.755625387275109139e-02
2.997951112932193546e-02
2.785426698800279321e-02
1.354773572340775556e-02
4.138815690829617672e-02
2.782527215408959684e-02
2.929582680845355808e-02
4.379015345229460288e-02
2.248305028447300166e-02
9.536278797975682522e-03
3.030171274006819224e-02
1.221087882689605476e-02
8.904773426025454006e-03
2.009637216541717078e-02
2.410903115412165246e-02
1.152156731042633560e-02
2.731917522168520254e-02
2.223011432042999030e-02
1.320140618741435373e-02
1.160896448422491650e-02
2.608466673753091769e-02
2.163580021083112356e-02
1.014583548591364154e-02
2.804216092871136476e-02
1.738882453032294592e-02
2.528797180087179186e-02
2.380013911114171876e-02
2.569088796599435648e-02
1.068393032082458165e-02
2.289813374379016594e-02
2.223011960784880559e-02
1.101490738847353892e-02
1.469441490443901092e-02
2.014405992229811870e-02
2.402581937187035777e-02
1.665434796994332695e-02
1.008704382379881082e-02
8.107891959848718619e-03
2.552840625846482595e-02
2.383881201854738674e-02
2.684416428033786078e-02
2.699119812956830150e-02
2.867715484328255474e-02
2.354705909683486517e-02
1.307427661209924381e-02
2.087291658790791510e-02
1.816260041090887040e-02
5.904661757988339914e-03
1.335212132876415457e-02
6.675259253313537908e-03
7.838275656611709899e-03
9.360393887224094378e-03
2.134407659082497924e-02
5.801343698695473478e-03
6.693743368433955482e-03
1.041350803893833360e-02
1.620238333507329972e-02
1.662545479567018036e-02
8.376063581818374293e-03
1.551361945413790716e-02
6.849203009350519379e-03
1.734506078325442208e-02
9.417075591123801395e-03
8.985576413137958199e-03
6.127595663941124739e-03
1.445645845738619505e-02
2.502582562584891937e-02
8.940185425794016164e-03
1.111550007717185089e-02
1.369463731743250992e-02
5.421991003111935326e-03
1.029385554387534339e-02
5.915367713220161250e-03
8.248999485056557335e-03
9.492083764383365749e-03
1.252561651193058977e-02
4.318007546764896822e-03
5.768347343071145335e-03
8.994029487346519650e-03
1.364558896366019174e-02
1.171589980999077941e-02
1.253669099325412789e-02
5.719240110598010352e-03
1.559371473762914684e-02
5.062746771703320083e-03
1.255742371378757057e-02
7.903574456516583233e-03
1.299081125511741645e-02
1.376141388320522956e-02
5.158728239287650903e-03
1.178342143901982622e-02
9.366992049195166370e-03
1.691718201444240496e-02
5.834043367513516709e-03
2.078638181322307529e-02
5.312018299999801858e-03
1.173997215062889607e-02
1.145129733467350683e-02
1.255190878460369329e-02
6.824995266555241788e-03
1.660461385959783112e-02
1.128016239668538402e-02
1.389800074088497379e-02
7.018169428978168409e-03
9.984440382327973776e-03
1.012902410892449999e-02
9.342245500142586090e-03
9.283712191956377396e-03
1.344132107358259401e-02
4.151600437902877236e-03
8.861424771071836279e-03
5.524509467352641326e-03
1.132473162825156296e-02
1.218059567912568690e-02
7.626529301920799940e-03
7.420841959224549686e-03
1.695561866990834277e-02
1.093511460457004779e-02
1.461386534623987897e-02
1.156326381332997005e-02
8.007836187161927397e-03
8.588365871512682048e-03
1.725180060623873052e-02
3.752437225527606533e-03
1.062418661912974648e-02
1.279448939008229029e-02
8.875286309799636925e-03
1.772300405293125714e-02
4.804488199202988294e-03
5.721036260470056638e-03
1.065552206269269886e-02
5.309817426118457889e-03
7.725228725139382351e-03
4.170708073077551356e-03
4.326561493362020110e-03
9.882770423182292083e-03
3.916618118354413258e-03
4.352358746641951139e-03
1.476107799587246007e-02
5.918404058213672103e-03
8.738630560554813340e-03
9.543888069662319687e-03
9.020763748503211887e-03
1.123104046935049366e-02
3.212500496418474114e-03
9.178417172511561806e-03
1.041136282027430027e-02
1.825130484481606377e-02
1.279093175692023847e-02
1.042885066219677824e-02
6.934392433612264310e-03
1.240511714424054335e-02
6.509561776845226681e-03
1.101946803697807960e-02
1.474180803649236850e-02
4.778683488818427291e-03
7.709483959464281076e-03
5.803676853471281295e-03
8.921334081087722856e-03
1.142595617100156287e-02
1.002011768703573065e-02
1.077089395035742136e-02
4.505762673439424847e-03
4.032601017298556058e-03
6.254021804968190427e-03
4.811084633698101132e-03
1.077211592727353971e-02
6.246680064455392527e-03
4.959849669229587227e-03
9.816462078735922053e-03
4.543284148285125362e-03
1.768495687300042710e-02
1.015206900129020547e-02
7.702927327842005317e-03
4.314227525981872112e-03
1.457953231688949476e-02
9.643798787887594010e-03
8.317842325740537612e-03
8.843918595248032380e-03
5.336456315069342850e-03
6.872170746184054144e-03
1.115261248754691008e-02
6.220213062346620532e-03
1.319287332700871257e-02
8.671652557694991062e-03
8.034896732956965659e-03
5.813424147981118874e-03
1.237191280313555859e-02
1.153220725576852013e-02
1.527771354131283142e-02
1.572041576925501880e-02
1.085851820801167315e-02
6.283456438147227464e-03
7.413362361068221058e-03
5.752373679231791333e-03
4.779184641885566090e-03
5.026931193698409850e-03
6.996553079287193104e-03
3.042651896419153266e-03
1.077184237364677173e-02
1.179209613558887537e-02
1.225510277440519484e-02
3.392169685891612170e-03
5.060870078599935019e-03
4.820296335723174043e-03
1.033935750639248217e-02
1.054299986372122383e-02
7.910355437256797601e-03
9.808681869602401890e-03
7.515783689391973901e-03
4.936388588616988371e-03
7.199037217560973721e-03
8.738080660928846874e-03
6.919393463145596772e-03
9.084044643473818820e-03
1.234158269985492426e-02
4.492728470714578946e-03
1.216899434262106589e-02
3.378277398138045378e-03
6.649507722068441311e-03
6.650171209410042118e-03
6.856110966291349348e-03
1.487721752517592692e-02
4.833888764966165659e-03
5.207720831625485373e-03
5.730073946647845640e-03
1.955450868774099779e-02
1.190531274795133231e-02
9.637863076244106500e-03
9.617935926111287684e-03
2.718012019091719644e-03
1.815979324102309431e-02
1.974324857652032597e-02
5.309888159005292027e-03
1.115452260366211340e-02
4.185347009614499153e-03
3.056055979056900886e-03
7.465049012771253316e-03
7.141486325891546229e-03
3.954683643417850752e-03
7.653617499692014041e-03
9.794222363351505131e-03
4.304147621912481937e-03
1.089918135973648970e-02
1.106286440124041974e-02
7.733167473315602850e-03
5.768277361123858721e-03
8.291849625052718359e-03
4.604764113094344559e-03
4.306871003666523125e-03
6.694418505291562654e-03
6.262326574448449229e-03
9.407012768883718165e-03
3.578297435325325515e-03
5.934553193297343807e-03
2.881708828165492967e-03
5.955379286235647392e-03
5.967469625004771447e-03
4.106095362555938974e-03
3.811059774269147816e-03
5.784139327543944865e-03
1.139063327373347756e-02
1.008467217253856442e-02
5.871346824620762676e-03
4.675815933736928755e-03
1.040782200323748900e-02
1.597092956082747303e-02
7.054209196305191373e-03
6.016319843255203519e-03
2.793903983485146979e-03
5.946800277110583961e-03
5.497193102174024494e-03
1.126203238141208762e-02
5.718580059047527302e-03
1.228459103923414987e-02
1.582305033300179797e-02
7.393965113926274403e-03
6.881806875627645773e-03
9.366265968781525841e-03
4.056230531772377079e-03
5.651649420649513395e-03
4.517764832018994134e-03
1.031546051356344376e-02
4.367731015930517019e-03
3.641341464113970541e-03
1.106382395573799263e-02
6.333337526501035125e-03
9.722875753837447940e-03
1.043109473519955588e-02
3.914344381686986861e-03
4.915656022081066161e-03
6.639292076088695004e-03
8.943120608862044699e-03
6.628275951392119912e-03
5.776529428076602676e-03
2.447048389795035937e-03
8.525123482607600486e-03
7.573104462633355009e-03
4.414768613970866673e-03
9.209668755737221782e-03
9.101518940738972246e-03
5.022961177633148040e-03
7.930321658447920044e-03
5.923456546498296824e-03
7.224568533317988518e-03
8.573181412941992263e-03
1.279464777192669371e-02
6.138083939870159038e-03
9.221341461375098802e-03
2.853442967131420826e-03
3.283482465955237829e-03
7.531972197504284254e-03
1.669804141644573581e-02
7.481165629474146109e-03
1.066659250237082107e-02
8.889509046668350040e-03
1.045362402381089934e-02
1.144584040564556628e-02
5.696521968473137153e-03
4.440332786496967339e-03
7.017548519595258501e-03
8.570923991115989016e-03
6.671013660374256957e-03
9.342081976949336009e-03
6.158720332487984533e-03
9.474545961297887661e-03
6.024440503252820323e-03
6.827488451724332899e-03
6.146042460726258358e-03
7.891845189112867490e-03
5.364037679091398017e-03
9.430500113334652074e-03
3.778781449326284233e-03
6.368228131625805824e-03
6.916881091505505154e-03
1.085448448535243464e-02
8.173279239007352412e-03
7.416986741747351453e-03
9.217995211666675168e-03
3.423204497134973816e-03
7.330998729267983703e-03
7.018551027128187327e-03
2.007730956591572899e-02
1.441937018039395751e-02
1.050052687072409487e-02
5.422402160326659712e-03
1.247325749176571123e-02
8.139756672545229305e-03
7.098626270471655730e-03
1.344918166776494159e-02
6.482807496893875157e-03
1.062856711283480596e-02
4.483634601115395538e-03
9.454810769750646160e-03
1.514567609295870004e-02
7.397004613884158343e-03
1.588865775468187302e-02
1.181518223868777660e-02
7.315433198933894189e-03
4.909874358900478616e-03
1.218428373978155781e-02
7.706560515193252962e-03
1.051554048807441626e-02
1.084636458753237588e-02
7.801238437044543186e-03
8.554028268548600003e-03
1.852087646410572122e-02
5.967675524104498926e-03
9.107291452190566239e-03
1.270840818956926396e-02
9.655085813961858734e-03
7.919931239001674200e-03
6.027490516989608173e-03
1.198683428861293220e-02
7.261925899884312703e-03
1.654542413550990840e-02
4.851510606324323932e-03
1.061282225700731913e-02
1.540283559537794500e-02
1.644789011307276963e-02
8.897399943766780284e-03
1.460643811156506731e-02
1.741142549511685497e-02
1.924128594751861945e-02
2.952198467955536448e-02
1.508076683902686947e-02
5.229674393235204943e-03
6.696756254500420627e-03
1.244308565072448081e-02
1.423423152443427028e-02
2.370857526440174959e-02
1.206003631682663751e-02
1.453186085003443755e-02
1.711197869196749363e-02
8.570501391326625085e-03
1.921952168874220893e-02
1.647472932821904268e-02
1.608006550049272815e-02
1.353513945102295495e-02
3.071849949744377348e-02
1.396314520379160311e-02
2.188517090799053239e-02
7.002041668297741446e-03
6.818796496602663737e-03
6.826196833347233754e-03
2.164127427022114955e-02
2.740490721825765072e-02
3.146961828251029769e-02
8.280468521639085255e-03
1.646290333855723875e-02
1.242949479865708244e-02
9.223247237314928515e-03
4.031917096025454395e-02
1.210990969793717884e-02
1.793159968448313976e-02
2.324036613315369829e-02
2.086797682800357531e-02
8.498089394549740438e-03
1.405572009739863154e-02
1.206412910960471749e-02
1.064101202987505906e-02
1.137458827425263941e-02
7.268582665383554672e-03
1.362944179184382050e-02
2.727800010519021434e-02
2.003781872372213321e-02
5.347014292868760253e-03
1.589535776692278107e-02
7.479857757073728707e-03
7.788783304080523426e-03
7.239973861827401352e-03
2.122866901528539657e-02
1.864096972181836231e-02
1.610393955675838359e-02
7.363533209069011466e-03
1.564463942044403214e-02
9.170235191448879858e-03
1.665760862595531619e-02
1.457599225082828985e-02
1.679520361300931852e-02
7.742253721987312973e-03
7.407607781870115607e-03
2.434252617865342860e-02
1.340949395153108979e-02
5.847516193538517329e-03
1.962816670740058500e-02
1.722673221784285988e-02
1.191252402204141109e-02
1.935885885426781930e-02
1.199937797110884295e-02
8.631171383414867546e-03
2.118819686898625737e-02
4.263882143713433603e-03
1.553849711452156418e-02
8.864535349576900189e-03
1.968561814960476455e-02
2.270612827911067458e-02
1.482966399364602297e-02
3.153721169700264559e-02
1.050784328708595332e-02
6.087523107114518710e-03
1.097261249551175627e-02
5.259412194824827913e-02
1.127478590380740289e-02
1.319407512363245452e-02
6.807078838505221247e-03
3.854555852885429429e-02
1.583008513007759868e-02
2.038167524640180014e-02
3.366909786457943088e-02
2.807885960228631225e-02
1.031390098734669136e-02
1.567566889464340474e-02
1.837032096781908083e-02
2.915168788387293222e-02
1.684882648018946535e-02
8.265877415877061554e-03
2.011593521340812943e-02
2.177617484323077224e-02
8.185623023189078640e-03
1.388581791867963579e-02
1.782741590468147480e-02
1.356991346454200498e-02
2.140773987131607339e-02
2.412674707544311750e-02
9.128516012553761563e-03
1.037871453646691672e-02
8.138580229301405414e-03
2.079053199010969313e-02
1.627346571783106627e-02
1.154329536303647444e-02
1.825590948497465144e-02
2.301383505510038938e-02
1.090903480034115247e-02
1.395450669883059602e-02
8.518400379446339557e-03
1.144005414703596138e-02
3.087544649059164106e-02
1.673459844823746087e-02
3.068032996545425398e-02
1.273165366578730973e-02
5.628599417687109481e-03
1.673491425185298642e-02
2.481777718293328230e-02
1.975576864047157849e-02
1.868809135322833936e-02
1.958898582774465033e-02
1.313974791319373961e-02
1.701453233582638294e-02
2.954799299179811448e-02
1.070670903700666338e-02
2.302860202683029711e-02
1.393018491114470826e-02
2.474302823957876679e-02
1.872110919464139989e-02
1.729608165506752587e-02
2.581142013194766965e-02
2.025153894764756407e-02
2.444684336615487660e-02
1.493359905431020096e-02
1.009014929343730362e-02
1.459117364597625061e-02
1.413988684400078674e-02
1.758979871806693254e-02
1.323814424519694638e-02
8.728275963367079435e-03
1.415590598856521914e-02
1.752416895761429311e-02
1.295445916150027299e-02
1.442705827786229349e-02
1.516152044320223484e-02
1.706006728787531554e-02
1.601802381046761245e-02
1.448961917971050214e-02
1.327938730112481272e-02
8.585004707110382646e-03
1.630770077639653870e-02
1.083854044908615435e-02
1.022440034810201230e-02
1.248356716167605546e-02
1.630476924146867165e-02
1.401330308521476879e-02
1.306811689944471604e-02
2.121972073992763747e-02
1.431444351121538734e-02
1.564300304257930374e-02
3.414027715757910614e-02
1.802534029183422079e-02
2.056997729671140168e-02
1.457117481240792142e-02
9.468317753019123151e-03
2.499245567024492576e-02
2.507731449087583983e-02
8.383888117503384557e-03
2.258358659020563708e-02
1.252758857414602509e-02
1.639866005143763086e-02
3.186155190475513377e-02
3.671583187979624713e-02
1.927813138349878525e-02
3.081106016481034368e-02
2.200152539744585495e-02
3.004662216725224530e-02
1.088913055582393062e-02
1.473503719312755506e-02
3.080995306160436500e-02
2.150256559188489999e-02
1.688505994946959757e-02
1.948158164506983911e-02
2.678950787912775383e-02
2.568538262809712258e-02
1.713780022550153576e-02
1.178100188365389066e-02
1.585541371683635986e-02
2.005192627443806719e-02
1.126158897374541883e-02
1.405292925139743805e-02
4.311994381603814763e-02
3.587878678266901572e-02
2.163529578387443295e-02
7.346768963269877106e-02
6.076396013914860811e-02
3.817439908785949521e-02
4.063042966211170837e-02
2.060429434011679106e-02
2.661575108773854559e-02
5.604597915943177605e-02
6.140918338866830500e-02
3.682492262611739703e-02
2.971547675840877784e-02
1.756340645121636651e-02
1.124438603570892571e-02
2.196975044165149285e-02
1.640682925265218167e-02
2.952245058535216474e-02
3.073132491366561622e-02
4.169043956271167167e-02
8.051321771002740990e-03
2.243590904437072625e-02
2.275912427005173308e-02
3.574399381541414067e-02
1.268548435935392196e-02
4.536469530976313530e-02
1.802187259239991513e-02
1.393863257470589860e-02
3.124675417573020628e-02
2.195538678924859738e-02
2.845333930543428660e-02
2.602588035676610748e-02
4.652992528582675091e-02
2.248600624647109636e-02
3.466313371163392415e-02
1.875189077229546739e-02
7.226382357397215933e-03
5.173072711338580487e-02
1.974997118310075836e-02
2.754573035028750130e-02
2.049222586251164477e-02
3.845462094387105262e-02
4.684990375174713506e-02
3.166243337620925496e-02
3.405561732995034119e-02
5.528796632729014032e-02
6.165027652958157689e-02
4.379934783690880851e-02
1.365930942753197479e-02
2.022035995697354926e-02
5.750508078845747995e-02
5.310262559258582815e-02
1.618140804166651528e-02
4.992322737121385884e-02
3.849458598104254364e-02
3.567969116158570264e-02
5.179793896198919140e-03
2.786902422914779714e-02
2.956373571416525542e-02
2.084269732646007109e-02
3.115032558588362588e-02
2.113309503561090763e-02
3.558809836731722381e-02
2.840437272644712532e-02
3.842475249531020903e-02
4.094794752847407543e-02
4.077450844286219234e-02
2.124242648837944628e-02
2.812978511824325636e-02
2.390458832128058639e-02
5.114689335174894824e-02
1.645242728517466724e-02
7.881397770320798524e-02
4.062155780371685260e-02
4.422001418050990063e-02
3.826033082654895640e-02
3.366439076413876852e-02
5.620790091030106878e-02
2.740471234341736867e-02
2.052443027425674207e-02
9.718828373612585503e-02
9.708323769658400160e-02
5.174841094129303126e-02
7.570394301706726004e-02
5.935150313051402310e-02
4.145280667486844761e-02
3.775990499648558540e-02
3.590084884893396389e-02
3.002640429147005255e-02
4.636658850328111148e-02
3.986579237065395603e-02
2.745953404428893782e-02
4.907669412330061681e-02
3.765004349105266490e-02
6.976344383940737137e-02
7.023829995713019858e-02
3.950603356884415523e-02
3.228362013139150083e-02
6.043389270637313654e-02
6.184170945115096546e-02
6.648243588540576898e-02
5.366455396987065973e-02
4.325745741454715965e-02
5.606575892246370291e-02
6.030822182795239628e-02
5.211731479133028394e-02
3.398915979249215319e-02
5.580424374531356424e-02
4.725570166998884630e-02
4.965468566252677352e-02
6.760556681328877549e-02
3.937077782167446721e-02
2.751508128635647352e-02
4.129180444253580801e-02
3.571166502367677242e-02
4.796940288010301950e-02
3.873141178968105003e-02
3.829726212066996566e-02
5.638013795804029671e-02
6.218953332072907347e-02
1.876799730906597574e-02
1.136214877905343118e-01
8.141883825290271992e-02
4.136622280077695279e-02
6.220446709160300236e-02
5.936889984652409663e-02
7.643223495831438785e-02
7.928774737153873597e-02
8.263091319302610926e-02
4.815703826758573058e-02
3.141609188375853873e-02
7.666057559649304409e-02
1.305768619098343908e-01
1.177194430534709430e-01
3.708037257369526524e-02
3.483288433895783548e-02
5.539405423238529663e-02
1.146459527644696080e-01
4.023234813753142486e-02
8.550089898566985702e-02
3.480660263758968836e-02
7.328124797858098782e-02
4.096126273277009289e-02
6.875144531571031337e-02
5.236405934005099877e-02
5.023603941282509672e-02
1.265768051431166163e-01
1.462912257455805110e-01
9.226243265163419638e-02
1.793517804587782538e-01
1.757010418845895983e-01
1.653584803991240415e-01
1.612258307852120764e-01
4.764222335131299002e-02
3.682394077806198929e-02
3.650615941671802450e-02
5.967466899280437359e-02
7.982472256340704397e-02
8.860300394744756447e-02
6.026221605681076482e-02
9.020093875604680289e-02
1.262179687898585534e-01
1.107506638768693402e-01
3.764663443164683460e-02
2.961164602893134185e-02
9.756557744054987491e-02
5.049959622836137224e-02
1.167601597992171530e-01
7.842756934236373711e-02
6.691812638701193083e-02
1.029104784936753503e-01
9.243757224171900155e-02
5.155185051343989105e-02
1.089110666847238479e-01
9.628080356849991195e-02
1.226831061384396210e-01
1.677163642425273382e-01
1.773149567243237079e-01
1.343149769373150615e-01
1.249306099618825716e-01
1.364162047558136748e-01
1.207817916447321005e-01
5.897973228351519742e-02
9.596114081138869267e-02
9.741295617871711943e-02
8.550381310768914722e-02
5.275158488743238866e-02
8.389541325202455602e-02
8.282040128810290447e-02
9.787241665693309500e-02
5.769196698595335793e-02
1.658945007354219181e-01
1.811047852548627601e-01
9.219080875994997704e-02
1.713307355991131875e-01
1.569056960029062420e-01
7.248358840897116406e-02
8.655850253239247283e-02
6.138427224031052509e-02
1.550942273530990512e-01
1.563208281777463682e-01
8.384101505124398612e-02
1.594415838209776448e-01
4.754580303735424229e-02
1.158243182892069872e-01
9.976470264794440324e-02
1.276980784731484297e-01
1.190024535495277924e-01
2.026769811475140348e-01
2.000048265952635296e-01
1.352884610167406632e-01
2.280000953059654889e-01
2.512235688470050299e-01
1.727248295086613594e-01
1.123513725175585010e-01
1.553005115691298288e-01
2.188485293736815995e-01
1.514868508800232549e-01
2.549579096554911994e-01
2.038654259030057703e-01
2.045880421728279441e-01
1.066441835090636558e-01
2.027329084513443958e-01
1.722636426497899109e-01
1.899011471337416768e-01
2.661584210569803988e-01
2.685637630277166177e-01
1.556970504980899894e-01
1.741681422512716404e-01
1.635306726740297090e-01
2.456424281742098925e-01
1.076192331597668056e-01
2.386243273063806125e-01
3.124008140092504604e-01
1.987543891595928425e-01
1.048359771921528044e-01
2.689527963758565621e-01
1.799221840527719662e-01
2.683496682745892259e-01
1.741473114542752831e-01
2.291426311599920607e-01
2.906970556117315918e-01
2.120420496856346426e-01
1.389034312476828403e-01
1.975009485708413837e-01
2.221016651304887346e-01
1.926505921798399579e-01
2.056215299751184000e-01
2.670862718448495099e-01
2.756183297134188748e-01
7.569354731730099095e-02
2.244237914740882800e-01
2.319305332682230492e-01
2.359050947742210858e-01
3.094233503151090914e-01
2.325706644504560994e-01
2.697002614054563319e-01
1.779407885909119746e-01
1.564174604530838286e-01
2.129625460034080264e-01
1.793283140516197527e-01
2.270701823230737160e-01
2.562852743401951572e-01
3.741261300960970204e-01
3.519956781081066688e-01
3.429098324581701940e-01
3.670488422066835454e-01
2.509237795017502659e-01
3.053884419573932862e-01
3.221670325923856604e-01
2.799629143292802769e-01
3.499444149584094443e-01
3.049301569813980262e-01
2.818036901790225146e-01
2.438744089963687522e-01
3.624418583841907959e-01
3.688430055966346877e-01
3.519248045228904331e-01
3.313915984701694128e-01
2.832848416007627823e-01
1.645119531928446455e-01
2.947149247589921917e-01
3.000317227989464097e-01
2.870298414046504321e-01
3.291403848782040731e-01
2.356119288420208957e-01
1.903113727950436762e-01
2.827246320670053215e-01
1.895681001431262502e-01
1.598608846908682324e-01
3.015580325948166718e-01
3.373064692135665510e-01
3.494546012719251249e-01
3.189795920903763515e-01
2.439799058072951166e-01
2.296840215432193744e-01
1.679997140544529644e-01
2.964264226998898910e-01
3.464786645727734871e-01
3.316967018164898029e-01
3.946224917218467132e-01
3.704757105433452158e-01
3.591637768220765636e-01
3.967720282373023433e-01
3.978328022323559532e-01
3.948255026863338180e-01
3.995001097042278349e-01
3.829495434263554543e-01
3.765651559551420058e-01
3.589430513834320213e-01
3.722258826173272528e-01
3.668511027342170050e-01
3.762358580087780680e-01
3.769860377671785945e-01
3.396034656852749412e-01
2.699529013973260838e-01
2.968475310656557564e-01
3.980188500373627036e-01
3.982640193358670255e-01
3.960336392454715804e-01
3.959157117916924928e-01
3.864779877056098156e-01
3.677004270856157331e-01
3.725659010199512400e-01
4.060432976301458496e-01
3.933236269945397656e-01
3.981293618123366573e-01
3.776216658968596374e-01
3.989031443457494719e-01
4.023285055332942450e-01
3.768922170459858556e-01
4.054703594882773654e-01
3.855054392365441784e-01
3.939681486049788073e-01
4.034265635881642553e-01
3.898648809313599028e-01
3.897762867065791004e-01
3.894481336040706010e-01
3.570193491654551354e-01
3.638776486485290618e-01
2.850619398352080558e-01
2.760936955361982248e-01
3.201287163073741615e-01
1.831125489565783859e-01
3.225405562402089421e-01
2.151468249423175438e-01
2.100560405230166017e-02
7.121217588711581392e-02
2.996736085112296569e-02
8.051217015101289065e-02
6.593662171969098817e-02
1.523402852070376290e-01
1.647478482620151063e-01
1.043191943388100812e-01
1.200562139631146802e-01
2.006116166681588264e-01
8.972446423093162482e-02
2.170464412184006098e-01
1.490329325163775587e-01
2.100619396953028462e-01
1.765926545219099197e-01
2.475553575108160875e-01
1.084205822475254738e-01
2.533328827656328164e-01
2.534684215914978500e-01
2.067053186496080053e-01
2.557038458612568288e-01
3.149312910527077847e-01
2.715995555662643612e-01
2.658558669256819718e-01
2.969728078408644945e-01
2.295755868433679292e-01
1.839455897558883168e-01
1.061806486141696482e-01
2.915630709333417725e-01
2.843842804759365017e-01
3.078113641116720367e-01
3.183917664259044988e-01
2.677470287444840835e-01
2.887575097327411133e-01
2.770079954695054414e-01
2.627545499618557656e-01
3.625152963611046886e-01
2.588446037057902660e-01
1.037257181389506511e-01
3.036666554137112950e-01
2.560271278048404930e-01
3.290594509077002239e-01
2.895982281638465050e-01
2.249725328677239788e-01
1.996008352152445209e-01
2.837749331356630433e-01
2.468530443553771936e-01
1.236471122290281610e-01
2.852959116466347589e-01
1.604962391550902312e-01
2.305184198312537625e-01
3.042711324679950868e-01
3.066924121783945467e-01
2.998106887891418548e-01
2.747183689185314082e-01
3.443032802647435497e-01
3.354526051511765861e-01
3.261762749934534744e-01
2.429155272989759751e-01
3.089406656539055995e-01
2.657545112950620569e-01
1.829549304459374692e-01
1.795985189656192915e-01
2.557783386114086399e-01
3.252867403220552900e-01
2.769555862321454454e-01
2.792826891264279521e-01
1.898282485445873802e-01
2.682103051006584638e-01
3.394729306892712573e-01
3.581843665036104629e-01
3.430906052892827018e-01
3.367169483062384949e-01
3.052315050477536484e-01
2.930988391766239376e-01
1.221022486120107442e-01
1.802983750213978109e-01
1.874608156411352589e-01
1.526938775942865700e-01
2.624940564942874199e-01
2.838236636383509315e-01
2.297934067394608870e-01
2.390280521024346072e-01
1.738346091231525725e-01
2.334532196875463150e-01
3.417293062145067561e-01
3.247907584030870209e-01
3.550992175542431739e-01
3.288573274473777786e-01
3.818787131972500304e-01
3.604028885253109937e-01
2.845561397861512409e-01
2.734083978207421661e-01
2.835787275008676556e-01
2.569072514472413582e-01
2.418174999207983733e-01
2.197540210783235914e-01
2.358217680388242643e-01
2.449109894889301420e-01
2.722803366975490857e-01
2.001719777401473610e-01
3.272520219424152610e-01
3.317769613234249904e-01
2.237844160166969909e-01
1.229524142753388449e-01
3.025938078538253917e-01
2.295031806422583864e-01
2.865396916527087057e-01
2.262015644896034072e-01
3.015221039208699771e-01
3.414458133796490769e-01
3.525818222186108963e-01
2.993822418037815347e-01
3.641345455040443935e-01
1.719901435924720279e-01
2.652661343212396328e-01
3.155028665045514491e-01
2.496185759116338609e-01
3.556128056249335256e-01
3.211035862498729521e-01
3.084845448702018267e-01
2.820455851401118541e-01
2.811909395225283825e-01
2.269872222091179892e-01
2.860114786018778665e-01
2.985425940977981529e-01
2.692861033041780150e-01
1.464174263012843480e-01
2.605855471398219603e-01
2.947715671300121798e-01
2.157897775071082047e-01
1.962750695755444141e-01
2.571285973394765723e-01
3.530770257312877414e-01
3.416995543795949830e-01
2.464425715167216369e-01
2.090177732450478332e-01
3.377907937302530583e-01
2.753726121659791359e-01
1.197082362451724197e-01
3.251876663506100273e-01
3.411159907967392102e-01
2.667668473050693878e-01
2.817286581484396146e-01
2.719307482273217169e-01
2.847132625906714232e-01
2.540586013274784283e-01
2.741443649158562534e-01
1.595256321626803975e-01
2.156675482403089816e-01
1.215139145246244556e-01
1.942985144618295801e-01
3.424256142993388763e-01
2.605482868918087558e-01
2.687628651147849212e-01
2.924939318583751335e-01
2.550314342026546721e-01
1.721043835979078340e-01
2.372246746149941632e-01
1.701993772816284556e-01
2.482405599576246180e-01
2.170456743893575124e-01
1.258832239606938741e-01
1.670722222847422223e-01
1.448452116168975068e-01
1.264294341542608890e-01
1.481641098701183545e-01
1.738061208597043716e-01
1.384161986053975280e-01
9.850694845107835218e-02
1.962345757696630222e-01
2.827435370219589239e-01
1.720353660597861434e-01
2.924878667944689203e-01
2.741933491730802475e-01
3.050245464818215346e-01
3.102737271883774794e-01
2.599913874407566161e-01
4.334350093794533260e-02
2.092231604185694760e-01
1.897971095342083914e-01
9.687782685466611587e-02
1.859491065370379448e-01
2.434696190810795025e-01
1.438500150134702504e-01
7.545469092317012849e-02
2.049790014213671574e-01
1.377415600008393970e-01
2.759979762903101430e-01
2.938401935542926391e-01
2.917829201246699422e-01
2.259741940482245526e-01
1.277826694283746567e-01
3.471716904819736049e-01
3.219355065798161775e-01
2.369288547899549291e-01
3.150844686615882351e-01
3.087970937389908910e-01
2.051988819288341759e-01
1.895351178651739354e-01
1.948864389644956452e-01
2.148210724130668881e-01
2.510250880447254529e-01
2.252330573644944489e-01
2.602029842000017634e-01
1.849392451245800983e-01
3.429998414062738754e-01
2.458951211401084469e-01
1.655854597663862782e-01
1.924549722682319108e-01
2.662938595276945764e-01
3.524739817062930713e-01
2.801408691456628852e-01
3.764324850022669477e-01
3.292311888879935755e-01
3.585940507629760132e-01
2.577192330111066076e-01
3.251922944657793524e-01
1.098405564726162298e-01
3.205091210155565085e-01
2.974611365066723301e-01
3.127677541016385399e-01
9.263143327909408031e-02
3.144236779516444980e-01
2.185215484923175577e-01
2.617899273588218390e-01
1.271981245418733197e-01
1.921452024247231327e-01
2.567897499800509964e-01
2.020659957673706653e-01
1.739192479203277575e-01
2.523656871495408294e-01
3.231179651220516535e-01
1.594562189257119345e-01
1.406750235492343626e-01
1.970385359716219920e-01
2.167505965302744808e-01
1.997212609428510310e-01
9.274131285715371542e-02
1.240308683191237854e-01
1.698942463144895720e-01
2.006816548244575726e-01
2.190629785835980226e-01
1.962668546802592007e-01
1.430665277459679252e-01
1.770334934708342189e-01
1.741853187768704070e-01
2.174259545982747954e-01
1.749288891267172519e-01
9.858748360246927245e-02
1.959194611617771642e-01
2.267186778191830621e-01
3.267243546865377102e-01
5.847996663440262199e-02
2.660608184509030694e-01
2.457763789923664288e-01
2.804079025986379592e-01
2.345495659120198084e-01
1.582838424400012933e-01
2.988663529206508351e-01
2.289216420223930959e-01
2.130357980974715848e-01
2.712426931480373948e-01
1.286248379393513941e-01
1.114901526198495696e-01
2.174383672372219023e-01
1.386280181353457541e-01
2.403297856678080213e-01
2.092845735318551170e-01
1.824643796528439554e-01
9.573440379440592563e-02
3.264078307520638100e-01
2.287090708107644421e-01
2.162777668605504189e-01
6.255414757980688745e-02
1.742910677254798091e-01
1.653490690182889133e-01
2.232869402938714443e-01
6.687281799621716538e-02
1.274318322536203141e-01
1.514456388432195155e-01
1.183502578198561694e-01
2.698258171037525299e-01
2.048963668491228240e-01
2.540635910940448605e-01
1.672015015359679391e-01
1.786050805317185297e-01
1.871841443475617262e-01
2.169196865608051250e-01
2.356937196749252506e-01
2.199801692985741963e-01
1.888807139858614814e-01
2.213976029906369325e-01
2.893814581572833333e-01
2.272347940602772176e-01
2.467481682396719389e-01
1.702980101851028494e-01
1.970921852111147121e-01
1.790658243925606352e-01
1.991837034675767171e-01
2.595716545046481971e-01
1.219043846366687084e-01
2.124094823411213639e-01
2.150471184480261533e-01
1.829459334526143677e-01
2.148966349695848321e-01
2.955788865634508267e-01
2.519185901712850950e-01
3.013266519942651711e-01
3.083042352632665573e-01
2.339758322935571733e-01
1.678651177599033706e-01
1.977715453235154575e-01
2.122524088635250328e-01
2.580462061941947716e-01
1.126679068744236567e-01
2.247731164022066519e-01
2.188461648082129785e-01
1.539788323074245402e-01
1.178000846747161018e-01
1.107572136246021410e-01
1.940871852158969901e-01
2.414610504962012016e-01
2.277531724966349314e-01
2.002596310914357691e-01
2.566847588620833620e-01
2.628223919233653172e-01
2.090603127385848858e-01
2.519432480392654883e-01
2.823765020095062583e-01
1.001315235753297284e-01
1.565148818510968265e-01
9.486842820146274002e-02
2.337134231714043942e-01
3.063404481141430713e-01
3.231643200366547397e-01
2.851210830466434643e-01
1.669018048173139812e-01
1.678800016716419374e-01
2.262260586606183732e-01
1.512612745399601888e-01
1.056138384462658314e-01
1.055381475887388343e-01
2.019779923938401778e-01
1.663982210699623820e-01
1.641332548805197744e-01
1.508663678209737069e-01
8.360637767198531023e-02
1.265689525515590885e-01
3.243805113042440569e-01
3.173548091341318877e-01
3.005665494750258127e-01
2.668491691856694770e-01
2.681993348949756051e-01
3.056917065425059366e-01
1.209792116667696427e-01
2.423845789155192887e-01
2.215917994018748449e-01
1.061964317414480080e-01
1.389369009416924206e-01
1.561251549870729116e-01
1.632966401574856008e-01
1.661808369127369955e-01
1.947876977806913823e-01
1.871691662884944207e-01
1.895542404463908814e-01
2.215453472330118634e-01
1.813784420055341573e-01
2.169834755472803967e-01
1.704442511707572327e-01
2.605209217132873900e-01
1.912375615659452355e-01
2.167980414512081788e-01
2.048751647226254857e-01
6.654202014982903146e-02
1.352980798291162634e-01
1.167026370634087623e-01
1.269076672719537668e-01
2.423526905453216862e-01
2.403086537022017799e-01
5.659293684150289855e-02
1.686167626686919108e-01
1.434928889756446613e-01
2.049132367856895953e-01
1.881092878025894533e-01
3.196638267375457448e-02
1.211848149142078224e-01
2.214281903935643447e-01
2.279086699760889956e-01
1.802504487740682060e-01
2.001249172949560451e-01
1.779942773630496522e-01
9.714876702527910912e-02
9.823753031825628590e-02
1.365704144684259658e-01
1.814539549798286355e-01
1.898916921879859887e-01
2.326041754370599679e-01
1.162792460097952368e-01
1.800907420145251292e-01
2.275136157834707074e-01
2.350736639438203990e-01
2.209220121180457408e-01
1.954148120988342396e-01
1.467676407408096684e-01
1.025972940419512675e-01
1.872341464273344080e-01
1.750834359023633602e-01
2.355850294612066020e-01
1.841108906521609634e-01
2.257346621352828153e-01
1.656843424610270343e-01
2.417230554487403704e-01
2.329318868743732174e-01
2.143487381672115888e-01
2.883413682149319479e-01
2.797931777302780088e-01
2.130092346686669191e-01
1.740591045732011455e-01
7.782771750454467452e-02
2.482453364383786498e-01
2.302020470226143756e-01
1.716266837781474097e-01
2.125413435142917140e-01
1.256562901758145057e-01
3.186708990403058772e-01
2.512327139178536228e-01
2.335863359858099675e-01
2.559133779537348663e-01
2.154859260280164446e-01
2.828391662386569028e-01
1.906279766398357167e-01
2.694623293603130021e-01
1.722124024516746288e-01
1.904380592953101858e-01
2.357394847931550130e-01
1.834036560900796364e-01
1.407529554515611347e-01
1.469073072844124250e-01
1.345462361464682122e-01
1.275612029373355827e-01
1.377073454433051791e-01
2.454518266004848126e-01
1.878627634890518705e-01
2.013200602336258915e-01
7.580511375905758797e-02
1.410892531709078135e-01
2.754377192191055368e-01
2.441504528654805939e-01
1.553143204355052487e-01
1.257104462250185073e-01
1.553874270794767809e-01
1.230880135969459055e-01
1.912745594926776316e-01
1.638855522229812345e-01
1.287921691098781463e-01
1.339876311427035116e-01
1.885902768622017556e-01
3.330602956610396181e-01
2.811480257375953418e-01
2.640632014547408257e-01
2.734273629750909596e-01
1.976164331972083132e-01
1.148559621293475247e-01
2.242469875980532823e-01
2.030184093215834373e-01
1.051135564075353912e-01
1.516279043365868218e-01
1.536728215118833285e-01
1.921720175712157141e-01
1.752509316960808305e-01
1.116865494901048556e-01
2.086289147516016962e-01
1.762488414130640169e-01
1.352707667149398441e-01
2.288375854392584452e-01
1.695881676295918350e-01
1.511744529708831108e-01
1.599729939268800250e-01
2.316308284006029505e-01
2.337347071889827044e-01
3.311859999481499006e-01
1.619911385245651203e-01
2.365929105651002617e-01
2.085126922348694567e-01
3.041999607101255609e-01
1.718424700914615855e-01
1.138723407779694830e-01
1.924532296101540974e-01
2.134805822085145133e-01
1.877448970851046395e-01
1.850155082876820678e-01
1.249405280183464306e-01
1.108845892371939645e-01
2.962157449714710178e-01
2.695163728589390351e-01
3.223422559200158077e-01
2.996471462867140167e-01
1.644598422086627765e-01
1.719308464481704990e-01
1.568097550511163563e-01
3.473737298102453352e-01
1.889638782816068230e-01
2.196463927442850184e-01
2.561476544685710177e-01
2.511263379437106980e-01
2.637552699140432444e-01
2.412701120680346423e-01
2.380298734399725336e-01
1.958025027106592431e-01
1.599161417654563488e-01
1.983736283133341050e-01
2.417990480693493760e-01
2.746651423305350725e-01
2.428423127791936864e-01
1.652253410503989051e-01
1.389190822788462232e-01
1.233666424407698636e-01
1.667450929903561696e-01
2.894980499508977290e-01
2.394128538585274524e-01
3.570268343661789356e-01
3.079238946125107956e-01
2.788858264627557260e-01
1.719723958344689663e-01
2.638761018411626691e-01
2.605241522299497903e-01
2.044166954750483156e-01
1.237234801983613242e-01
1.486759826640197957e-01
1.906598753563254200e-01
3.083000173324813020e-01
2.091098449452667429e-01
2.322339153504698883e-01
3.636476303261042542e-01
2.188594432555144853e-01
2.787529748093965365e-01
2.755813342988900905e-01
2.784081180215858264e-01
2.507910590848661525e-01
2.367082640764675561e-01
1.697647907332128780e-01
2.781552488207766904e-01
3.456416572739450799e-01
2.666764896079873437e-01
2.599705623388228193e-01
1.721869275765545160e-01
2.741151383672956743e-01
3.058497495971539970e-01
1.830604934333648903e-01
1.062209396022498753e-01
1.064855138573181231e-01
1.903438010070559461e-01
1.585181297179899806e-01
2.100926590449999631e-01
2.218342149271189667e-01
2.164869219866578098e-01
2.573111061011837952e-01
2.381870525031838659e-01
2.378885470252883327e-01
1.758011406282812550e-01
1.911003218026128270e-01
6.400592749942729531e-02
1.997120309591407794e-01
2.171977338434390448e-01
2.092864801697186528e-01
2.452740222049337171e-01
3.309981998485854171e-01
2.975882566688602959e-01
2.754088955296349894e-01
3.212223010493328590e-01
2.558323831108523794e-01
2.805671037640871668e-01
2.627259814253251058e-01
7.849603165078133937e-02
2.027135214605196301e-01
1.502501517828987165e-01
9.423796015007593341e-02
1.413293635309402219e-01
6.877870037138307524e-02
2.346089684309450307e-01
3.056432865816398059e-01
1.386557999224957427e-01
2.517756372003976950e-01
2.109664919208227019e-01
2.256877000648523646e-01
2.435430748251284916e-01
2.574066427209211194e-01
1.714493262182306688e-01
2.740921714390004427e-01
3.166918693924166694e-01
3.473247419334525854e-01
2.282322640635187916e-01
1.021863853351004797e-01
2.575084659704002243e-01
3.392827365915303539e-01
3.452793742958434331e-01
3.436097730715869103e-01
3.069566048593736496e-01
2.555873936562444437e-01
3.101939860248023595e-01
2.772396765207134628e-01
1.634594943791214949e-01
1.340293186113150625e-01
2.748947667387114380e-01
2.886153023356572977e-01
2.809966594044691623e-01
1.668028062605259321e-01
1.972419640958100184e-01
1.816049797835487534e-01
1.672954390674483705e-01
1.231540936796669400e-01
1.371071683893618776e-01
1.032104075158554735e-01
1.180945968394659373e-01
2.564941563561671800e-01
1.900531884675833727e-01
2.734515917922289985e-01
2.521451472935854476e-01
1.624799977739556367e-01
2.027095587692704926e-01
3.200304303053876365e-01
2.730311418676768520e-01
3.060773767913115284e-01
2.838425217673360423e-01
3.054639361444140833e-01
2.963627700522240005e-01
2.030905060463203127e-01
3.608161763527433785e-01
3.302626536224254061e-01
2.417009376206576410e-01
3.191371968871064002e-01
2.410949882277459988e-01
2.954661407348547209e-01
1.437834645721963733e-01
1.905807870626933798e-01
1.964627329737584638e-01
2.752584133272036326e-01
2.137866375592856749e-01
1.105328422261863397e-01
3.274180445135994599e-01
3.702742929045468867e-01
2.141017014514731975e-01
3.546797049194702622e-01
3.485629601683806200e-01
2.735117923559307607e-01
3.071864428176521167e-01
2.397887626817360729e-01
3.245754853976950405e-01
3.419601439485288608e-01
3.060302899916259589e-01
1.707012773530816596e-01
3.169491815534615231e-01
1.618598277377685246e-01
2.660681926293869681e-01
2.868957926338414621e-01
1.102010712201699077e-01
2.313128438762448447e-01
2.158889317206625358e-01
1.382950485561648402e-01
1.831156645511295422e-01
3.111991333044934471e-01
2.900145919919804305e-01
3.614959064992026572e-01
2.768798249664788380e-01
2.775888926259622025e-01
2.511415563785404648e-01
2.750501819389842284e-01
1.834600423545642012e-01
1.538437543369111371e-01
2.579841302343361398e-01
2.298545384833542982e-01
2.430032479177974269e-01
2.367204591129615510e-01
1.189243376267207913e-01
3.453876733262677967e-01
3.162370616784013766e-01
3.699144922595092866e-01
2.713895170458268669e-01
2.470723189678779852e-01
2.184768916760680968e-01
2.975741251062213877e-01
2.393936218205670596e-01
2.475191719858179928e-01
2.675689626944915411e-01
9.007939981599097368e-02
2.227242595347937726e-01
2.787914994880323349e-01
3.393775451175862212e-01
3.459958133573215466e-01
3.173486943582636832e-01
1.767193106331777508e-01
1.999162720190519882e-01
2.671230584824251797e-01
2.933637676058248323e-01
2.459696390916541187e-01
3.272177777954537459e-01
3.426972894713234408e-01
2.891798431324704155e-01
2.835753806748695927e-01
1.928160548942867980e-01
2.279802262277978719e-01
1.684921528617322195e-01
2.208957687186269558e-01
2.766209581467403700e-01
2.958480373393107543e-01
3.140233256066810030e-01
3.980930136600748792e-01
3.366759997077687361e-01
3.596991170262786586e-01
3.105594369087609219e-01
3.727251632045578411e-01
2.479940678772853124e-01
2.789558519390006319e-01
2.334221558390613960e-01
1.851223939024823351e-01
1.670364584869018232e-01
3.152469586436554838e-01
2.990810211464158819e-01
1.516306850173318732e-01
1.327139687445812177e-01
1.818654679178264844e-01
2.815244974258543365e-01
2.627152051338537686e-01
3.410432507378700073e-01
2.586426405001905904e-01
2.606365295117496483e-01
1.785711682511156029e-01
3.290007750876276504e-01
3.736362371051092368e-01
3.754096415036773937e-01
3.456352340069713258e-01
2.697671781364166521e-01
3.240840640995011901e-01
3.367114598178121976e-01
2.181639975739355919e-01
3.167628717130261951e-01
3.100081277392364165e-01
1.447867608341963375e-01
3.229290443486578233e-01
2.652263294462277043e-01
3.209844665432206035e-01
2.994263331578334020e-01
3.278644701531796546e-01
2.456704947609113510e-01
3.568298207074852568e-01
3.543584542511012958e-01
2.760085196972041910e-01
3.155162998182010070e-01
2.676840686567087957e-01
1.133809277757539535e-01
2.727227585843067792e-01
2.419857046797523614e-01
1.849081556462399689e-01
2.537008587965652318e-01
3.271421909681956341e-01
3.651752194951378705e-01
3.143868403224229779e-01
3.444724911822681368e-01
3.611675953615459123e-01
2.227129423949135989e-01
2.590857387074781415e-01
3.098463561686475298e-01
3.049818988586848190e-01
1.369797469081978358e-01
3.584846208052519523e-01
3.671800418618296757e-01
3.775449598684389452e-01
2.977326712096320938e-01
2.832471848669796399e-01
3.474620833886269966e-01
3.931704620425605090e-01
3.618904795566348920e-01
3.664876421091854408e-01
3.975991580254336077e-01
2.774359868309089761e-01
3.845094841597837543e-01
3.126484351477631374e-01
3.660079965944551539e-01
3.315200940550129816e-01
3.301931391010540229e-01
3.634125500228082561e-01
3.727674724834448838e-01
3.608262408545376831e-01
3.785981717279158776e-01
3.035596076913358310e-01
2.680110797333756789e-01
3.848733187220035323e-01
3.704209485890030962e-01
3.628661776839514075e-01
3.036788265696169775e-01
3.698558156828672949e-01
3.447118953881639913e-01
3.932874588389182469e-01
3.652873765534828121e-01
3.715305022817401159e-01
3.648754323965240354e-01
2.595764718256037829e-01
2.891281502656299907e-01
3.282328848604565419e-01
3.203563250679180574e-01
3.446457823190323677e-01
