1.202566212001099227e-01
1.125678239069341502e-01
1.189704728997313804e-01
1.194042532625562286e-01
1.210394253730176228e-01
1.247868757423730851e-01
1.140753739823257285e-01
1.043079144409396336e-01
1.193668066560386876e-01
1.104244403634577903e-01
1.013185225148342389e-01
1.112354318495750449e-01
1.016836856054380567e-01
1.147014841542573771e-01
1.155718361813146133e-01
1.058883151544859069e-01
1.194334871454877239e-01
1.206572970316769217e-01
1.177101735384167153e-01
1.179599461100687002e-01
