2.836797519530801552e-07
2.784093845499015236e-07
2.945831690723951011e-07
8.190680314170439699e-07
7.280223199205898425e-07
4.014794603006687101e-07
4.276288248120726623e-07
3.735311474228117574e-07
8.470846583668417587e-07
9.644325526636555622e-07
1.180772944275687086e-06
4.317288351232732820e-07
3.978809008546846680e-07
8.232493595684832185e-07
8.746342390392549632e-07
6.340874152830371995e-07
5.092268772530047327e-07
1.010605386099160837e-06
8.175470084220615466e-07
9.098572642634380965e-07
