2.836797519530797317e-07
2.784093845493279234e-07
2.945831690884955034e-07
8.190680314721544745e-07
7.280223196680486634e-07
4.014794600934921804e-07
4.276288248121488423e-07
3.735311474730901509e-07
8.470846583655937615e-07
9.644325526581301546e-07
1.180772944129070976e-06
4.317288351214270148e-07
3.978809008599274843e-07
8.232493596522856937e-07
8.746342391295078060e-07
6.340874153064443198e-07
5.092268772817595954e-07
1.010605385933475686e-06
8.175470072735977373e-07
9.098572643451989046e-07
