1.595223882184650943e-01
1.226470889153520039e-01
9.098230390343679808e-02
1.293859355524144827e-01
9.996924344317641153e-02
1.312083637078809706e-01
1.109452863495761221e-01
9.688319354383874427e-02
5.535386460922375740e-02
1.475873716123483337e-01
1.765174218042608323e-01
1.599155662448114301e-01
1.294245151465189536e-01
9.232529551255432010e-02
1.470288419480794972e-01
1.224826224665095248e-01
1.086613626726641996e-01
7.416833772192846230e-02
1.673973845394266524e-01
9.315868734589484446e-02
