3.269103751498799912e-05
1.414843117403728442e-05
4.617966105200263845e-06
7.522364291559031927e-06
2.190597807948232575e-05
5.814688789737469877e-05
9.940796753260240865e-06
3.924237743502985296e-05
3.933495809298549523e-05
2.181416578190736175e-05
1.220872632167083461e-05
5.989657467589572615e-06
9.514880691669115050e-06
4.777495825412825218e-06
4.143994643793734027e-05
1.454620122394927453e-05
3.692437097019521017e-05
7.836950333156841522e-06
9.452798009530597768e-06
2.187606428650607583e-05
