1.758868248085735525e-02
2.830699119154205662e-02
1.547314342149723812e-02
3.979689196037465571e-02
1.831387361812465350e-02
3.247900662655885812e-02
1.317107897907718490e-02
1.003798583287991188e-02
2.795697895271758576e-02
1.325909877520312780e-02
1.335773782876895771e-02
2.563101467599078476e-02
2.388572662266793753e-02
1.185271666704360363e-02
1.675241553310873044e-02
2.367867054023753068e-02
3.073365913128446245e-02
1.178596633513139848e-02
1.603097494406434051e-02
3.609662108374093320e-02
