1.005177099795380783e-04
3.432965377447557212e-04
1.828033206241892446e-04
2.025499752013740012e-04
3.831114054922827618e-04
2.699039907499360246e-04
4.260879436621024677e-04
1.058636589014788014e-04
3.412299019415131977e-05
1.139671276226010603e-04
2.816116947710073522e-04
4.009469371026030959e-04
1.578829279907531470e-04
4.611293015285497510e-04
4.365122638802145655e-04
2.180473068442650248e-04
4.075030900150064398e-04
5.381476725442624646e-04
1.636101394277029652e-05
1.773223124352568052e-04
