1.675481515552576517e-01
1.808233183140935396e-01
1.591312743743437952e-01
1.721266059163719109e-01
1.780624039653234125e-01
1.783378895142768428e-01
1.782070398179189941e-01
1.797103643234269910e-01
1.795191758127660520e-01
1.531680672952839273e-01
1.526372733772124735e-01
1.663923046530528527e-01
1.533098601634149960e-01
1.447977934332164152e-01
1.764958466129135095e-01
1.656005992139239491e-01
1.640672049610573113e-01
1.648946965286110511e-01
1.174257218740505926e-01
1.889226544698000831e-01
