1.738474736989472358e-01
1.606711454984171283e-01
1.781254874325552684e-01
1.616209186636463624e-01
1.662345656707651109e-01
1.709830309314645247e-01
1.735533450969133085e-01
1.830930217136604587e-01
1.759441941420187006e-01
1.797583567533956039e-01
1.723445611680889666e-01
1.832861223157290775e-01
1.684725958198990958e-01
1.869371232950769179e-01
1.650763544205155475e-01
1.719325668611227931e-01
1.796295684879960497e-01
1.734656028283549090e-01
1.668905113006278196e-01
1.613179123625012867e-01
