2.836797519530792552e-07
2.784093845493280823e-07
2.945831690885128676e-07
8.190680314636988622e-07
7.280223199219456246e-07
4.014794600935466023e-07
4.276288248122384160e-07
3.735311474642242041e-07
8.470846583660979578e-07
9.644325526594623256e-07
1.180772944135054629e-06
4.317288351190697751e-07
3.978809008577137108e-07
8.232493595950280664e-07
8.746342390386083594e-07
6.340874152869625620e-07
5.092268772494337477e-07
1.010605385957378744e-06
8.175470071107645470e-07
9.098572643152683602e-07
