2.836797519530784082e-07
2.784093845413327265e-07
2.945831692160834409e-07
8.190680304826755730e-07
7.280223204174053710e-07
4.014794600929889899e-07
4.276288248224880441e-07
3.735311474643423652e-07
8.470846583661031459e-07
9.644325526594811721e-07
1.180772944145385466e-06
4.317288351200772149e-07
3.978809008732764059e-07
8.232493595799556445e-07
8.746342390135872179e-07
6.340874152767535915e-07
5.092268772479079237e-07
1.010605385835610770e-06
8.175470070959218828e-07
9.098572643196213684e-07
