1.088887911694426530e-01
1.106218368907359584e-01
1.146631928013942536e-01
9.604889162683000192e-02
1.069873100087659901e-01
1.078725203166700508e-01
9.833645054808462516e-02
1.101160891412854004e-01
1.204716859164379206e-01
1.039521820178877926e-01
1.067930644428577575e-01
9.605221582871303898e-02
5.678862842957912299e-02
1.274042876657900669e-01
8.654980111900764661e-02
1.372076058395240161e-01
1.053934061681814915e-01
1.115432233638384563e-01
1.222876712550098888e-01
1.067020663985971118e-01
