5.298622861887129082e-02
5.853098151078769962e-02
5.444511504467303142e-02
4.900821561648684849e-02
5.799519749887337844e-02
6.635995520237061851e-02
6.967002302753855236e-02
6.768432989910860842e-02
6.939462306405878855e-02
6.447571119021958119e-02
7.288273191931847472e-02
6.230667402280976042e-02
4.791068973279704463e-02
6.711424147092008574e-02
6.856620672317917387e-02
6.081069927970169514e-02
6.245416113900915250e-02
5.820260512945908682e-02
6.866157387288228386e-02
6.770826131096094325e-02
