2.836797519530796787e-07
2.784093845493283999e-07
2.945831690885138734e-07
8.190680315142212012e-07
7.280223199219551538e-07
4.014794600934977391e-07
4.276288248118708567e-07
3.735311474167463133e-07
8.470846583665606496e-07
9.644325526543930452e-07
1.180772944141820516e-06
4.317288351199297782e-07
3.978809008578708883e-07
8.232493596061534207e-07
8.746342390593137621e-07
6.340874152827816073e-07
5.092268772539003642e-07
1.010605385962322452e-06
8.175470071717470017e-07
9.098572643137846761e-07
