3.636377422394087240e-06
9.493214989932630354e-07
4.045189918666329368e-06
1.555084449717334168e-06
2.039345425949944520e-06
4.722741883592932491e-06
5.143866803748475541e-06
2.986501354325024915e-06
1.948169029274581855e-06
2.576659216006407494e-06
4.119547347522062852e-06
8.140745459729799233e-07
2.502929736914875285e-06
4.198691962054661143e-06
2.054028813716869354e-06
4.907809873049320579e-06
2.412905060634396283e-06
1.793422631792407464e-06
2.413786264617718911e-06
2.118323928970525362e-06
