5.591504203958223146e-02
5.696557637794157081e-02
5.183623191311484413e-02
4.747760128929714302e-02
4.541991396778550377e-02
4.775254129149501814e-02
5.770121933973341999e-02
4.748395745916667021e-02
5.239486020313280368e-02
5.079488096628453214e-02
3.635681928056411216e-02
4.480897743248016263e-02
5.458220082012345264e-02
4.304195341223672477e-02
5.194741665847916329e-02
4.987971034075562582e-02
5.895303285353344774e-02
2.750544467315761687e-02
5.753656316343208621e-02
5.107190389369151151e-02
