5.918105620626859212e-07
1.236281179770424897e-06
6.948509997578649708e-07
1.349584492899060922e-06
9.342307059499598231e-07
3.932511625872974250e-07
1.211803156321206962e-06
7.313892277759575541e-07
7.545929012253265640e-07
8.273985584787396015e-07
1.016294847526987646e-06
1.445953982983601703e-06
1.640006934697196552e-06
6.462179430075063282e-07
9.187620262297998204e-07
1.567480537145239939e-06
4.206501319681373209e-07
6.014475413376868925e-07
1.244013997883416745e-06
7.802877403420147139e-07
