4.728539008854287795e-02
4.229416439668129413e-02
1.493019438308571152e-02
2.985610701623926666e-02
3.194666984024464168e-02
4.094897452013852163e-02
4.443329112284195859e-02
3.737238555481254415e-02
5.074513204278298384e-02
5.543433012150637829e-02
3.501902640533289396e-02
4.116924950865422095e-02
3.682285891232277980e-02
2.478729628277384980e-02
4.644341360482878711e-02
2.105302240116147666e-02
4.746077605554131773e-02
4.191174539208990246e-02
3.857576249817012276e-02
4.509638312829565565e-02
