2.836797519530788846e-07
2.784093845505563330e-07
2.945831691609457254e-07
8.190680317655696521e-07
7.280223198534525288e-07
4.014794600934873629e-07
4.276288248117390901e-07
3.735311471590741791e-07
8.470846583690277389e-07
9.644325526593591994e-07
1.180772942950046642e-06
4.317288350926582819e-07
3.978809008469173230e-07
8.232493596030960553e-07
8.746342391186150682e-07
6.340874152817257808e-07
5.092268772553080270e-07
1.010605386017613163e-06
8.175470071063534112e-07
9.098572645016038560e-07
