2.836797519530794140e-07
2.784093845492642901e-07
2.945831690792875141e-07
8.190680313845181164e-07
7.280223199277544707e-07
4.014794600904534497e-07
4.276288237645694628e-07
3.735311474594779079e-07
8.470846583662201423e-07
9.644325526596099211e-07
1.180772944158622897e-06
4.317288351215668282e-07
3.978809008578318719e-07
8.232493595845456102e-07
8.746342390050456318e-07
6.340874152970166313e-07
5.092268772497221624e-07
1.010605385922211207e-06
8.175470071096403226e-07
9.098572643004971644e-07
