9.688448068746341457e-02
1.006539540637312879e-01
8.122290054985262242e-02
9.932551990686164234e-02
1.125983762975761304e-01
1.048798897779616712e-01
7.520922250911867002e-02
1.095503696569050944e-01
1.058250336180910356e-01
9.418122019592452265e-02
9.575606715756189435e-02
1.165577623808081720e-01
1.163211497614937556e-01
1.021067299609676043e-01
1.157389385060813292e-01
9.783674508061969421e-02
1.052675304862060873e-01
5.537101381809873824e-02
9.560066808293365970e-02
1.118656964138541876e-01
