1.525599080263747021e-01
1.597979582325163850e-01
1.741660971362549437e-01
1.583190134388579584e-01
1.659744530626922621e-01
1.586900893007170132e-01
1.744546385591154436e-01
1.575015350185448026e-01
1.622013491083957593e-01
1.424440693466860197e-01
1.406731345673312428e-01
1.527538034806761591e-01
1.575202474037977196e-01
1.457727345730001900e-01
1.796474898625143035e-01
1.719003662864361515e-01
1.538830260424887686e-01
1.665383047402363426e-01
1.646626553880913557e-01
1.705811632496442576e-01
