1.869242423050815893e-01
1.849104428217741847e-01
1.732622561488499635e-01
1.734244011088439397e-01
1.701289311221164113e-01
1.860862582715994140e-01
1.871257451485334455e-01
1.558335287878578612e-01
1.678380827523097973e-01
1.910178395858373179e-01
1.824406602305710112e-01
1.653130480897217480e-01
1.913817925426941069e-01
1.859578187610232414e-01
1.848570781245837680e-01
1.638953339744554649e-01
1.697663432839242315e-01
1.837338321685375309e-01
1.735259165470012521e-01
1.670759816792859453e-01
