9.857553400037482704e-06
1.760890793316805680e-06
7.378268339400212661e-06
1.523013998435008621e-06
1.024534433217958990e-05
5.174998437503030579e-06
5.962693894301670548e-06
1.240426904629151033e-05
4.535911830911205524e-07
3.744570038098835674e-06
1.592176893465018030e-06
1.186575024788735299e-06
3.001831321759303847e-06
5.380326534489921187e-06
9.956292944760474330e-06
5.120184783746034518e-06
2.347324056215220882e-06
6.464242307856905253e-06
1.725814201660839871e-06
6.409935345298801908e-06
