2.884973798332707284e-01
2.793865556103255487e-01
2.791736355267301906e-01
2.819754676740701682e-01
2.812361896978174403e-01
2.696519952993403080e-01
2.746333333044596592e-01
2.632481129795842256e-01
2.509658354538126801e-01
2.676375500302988208e-01
2.717156297658985808e-01
2.629967461043497545e-01
2.699733464187371590e-01
2.453900186342737322e-01
2.834732155841744317e-01
2.894246818190586157e-01
2.652164353075473491e-01
2.929789308358197730e-01
2.564856664634398986e-01
2.787964173945790547e-01
