4.442462886947134981e-01
4.211406251172245541e-01
4.223252148040608778e-01
4.447237439837559703e-01
4.405308715348191240e-01
4.415442080625025523e-01
4.258217770715458372e-01
4.256688514459259221e-01
3.829994112158193742e-01
3.836938763714139999e-01
4.442759022162092730e-01
3.890210129388836924e-01
3.897383284643974322e-01
3.799977123662444667e-01
3.818912921015037987e-01
3.808854269497464751e-01
3.799305820442782089e-01
4.293300331746502385e-01
4.294108812546450493e-01
4.441414185106655754e-01
