4.861232177136755317e-02
5.018481766409420286e-02
3.114604483084673289e-02
2.204027060130863552e-02
5.797180681728983376e-02
4.151575753729098289e-02
5.848299971428868455e-02
3.290245145133568333e-02
4.848126975390790877e-02
4.080186384481378908e-02
2.310432647807232967e-02
2.504523794436590983e-02
3.870184861833120965e-02
4.774969193890411107e-02
5.107408536244830571e-02
3.668204414298045779e-02
5.318954604999813485e-02
2.069285028184228784e-02
2.912940690494247864e-02
2.490477364386540701e-02
