2.488281490690653214e-02
6.160889738259256454e-02
5.386113088964575302e-02
5.743277578355918817e-02
3.461689492283975128e-02
4.567144216925127231e-02
6.384569382407294380e-02
7.117449201632260192e-02
5.212854914793450811e-02
4.670232915895262266e-02
5.474476778940667865e-02
6.636561381592152864e-02
6.245019296064669573e-02
7.148808248444256386e-02
6.286905995672296965e-02
6.318864780188541974e-02
6.234763136260829813e-02
5.314227568439472416e-02
7.164751970430063843e-02
5.480922399159866149e-02
