1.352010080330788038e-06
1.011681546995440492e-06
9.036906980347616549e-07
1.387554487165048848e-06
1.857699911613808791e-06
1.821252122024700117e-06
6.533593674437775567e-07
7.197103703559200641e-07
1.136534729644225442e-06
8.538214776270464895e-07
1.163412421828423217e-06
7.792091591249013283e-07
1.026234721308044784e-06
1.246348260494807400e-06
1.234684956216099354e-06
6.547890924076680544e-07
9.767833899347566562e-07
7.423299399090229950e-07
5.845507769675905502e-07
6.160259242868149138e-07
