1.068511435545246857e-01
1.073032416533944572e-01
1.082619928792823427e-01
1.001892922371794836e-01
1.144827090482505583e-01
1.084352261537166046e-01
1.074821804362550565e-01
1.126646686173089357e-01
1.169962986854804626e-01
1.081526142708407467e-01
1.097477496566751365e-01
1.010000909758429766e-01
1.194269229365251400e-01
1.097266824404484753e-01
1.110735955327280811e-01
1.001492125941408212e-01
1.035085379013544193e-01
1.038622690044587044e-01
9.869746774899623709e-02
1.049325399629469913e-01
