7.123174362206831899e-07
1.181921478479186496e-06
1.347788342527261381e-06
9.926807699653378828e-07
1.311798138233629583e-06
1.830537981177710173e-06
1.101092552759718900e-06
1.180258529631421947e-06
1.099394401771821427e-06
9.470059743692880097e-07
9.476506968288436847e-07
1.711385862581940856e-06
2.794529985293933901e-06
1.488602090622806160e-06
6.666835605933175502e-07
2.924178437243285139e-06
1.333613650537493856e-06
7.248500140241766299e-07
3.010079407187171131e-06
1.340150862871900084e-06
