6.182932476108880354e-07
6.813147106935776195e-07
8.027330895066759689e-07
4.835063361413527687e-07
5.628531107030392450e-07
1.265102618038639883e-06
9.098572643122719811e-07
6.645749769519024280e-07
8.175470071114628198e-07
3.956766223130305898e-07
1.025081392202503328e-06
1.010605385962086977e-06
7.233096826385794038e-07
9.387085727567106222e-07
1.033906803398970063e-06
1.234899263524399792e-06
6.953639637009627279e-07
5.092268772534804476e-07
3.296805749696316382e-07
6.923522627239418833e-07
