6.641972407789672461e-01
6.678106162923852507e-01
6.631580165308866848e-01
6.659245768423952549e-01
6.618359160336333424e-01
6.635267195006844254e-01
6.565991050289804454e-01
6.512293741332719765e-01
6.634280305428031932e-01
6.506656473632951299e-01
5.882454269981963746e-01
6.604803594285744150e-01
6.235626672022688277e-01
6.556730866247302281e-01
5.257158423525815083e-01
4.936815108930154294e-01
4.805967715546261010e-01
5.051180108861752505e-01
6.104825297486827784e-01
6.334707130321526325e-01
4.966526682400697057e-01
6.006489024392251963e-01
5.207848207803600360e-01
5.687924885206564474e-01
4.263150124166228405e-01
4.602013571986551255e-01
3.718983866872446198e-01
5.169143245566494294e-01
5.716731947244524381e-01
5.671005747730696323e-01
4.983087066665657372e-01
4.826999844786737937e-01
5.856024323039933366e-01
4.877428931436146309e-01
5.756809745266373568e-01
4.891883830013228907e-01
3.833621941870130612e-01
5.301703096698291429e-01
4.757136763848827665e-01
4.429441851337522218e-01
3.607339546862674551e-01
4.257972781860316358e-01
3.937332610462432880e-01
3.764652835908356976e-01
4.284832313712674812e-01
4.783143624841755259e-01
4.543706195968290062e-01
5.891274823646343028e-01
5.145653420159468361e-01
5.722004795683143241e-01
5.179458788040066652e-01
5.114240016253729371e-01
4.583224119047312195e-01
4.576753079082929720e-01
4.989450424538838247e-01
3.539326540555964296e-01
2.399095045095328560e-01
4.038517462773379973e-01
3.763474978212780764e-01
3.171148341812572991e-01
3.680504927489572364e-01
1.945869747985556897e-01
2.454175915051933221e-01
4.011800348064795130e-01
1.996875522958125038e-01
3.939816784610654654e-01
2.342671802771416900e-01
2.127118063334395848e-01
2.359864035489417644e-01
3.127502277273064291e-01
3.609896292568455234e-01
3.797409473707420990e-01
3.821349346222140952e-01
3.888720605418885534e-01
1.795474667860538498e-01
2.673924471227526189e-01
2.693593094232254459e-01
2.249228833108237180e-01
1.937880929434693533e-01
2.674160687759142285e-01
1.967802788134095093e-01
3.141374498201829346e-01
2.934441224980005036e-01
2.303951461043779181e-01
1.970715865229302199e-01
3.335411807985874666e-01
7.020630990758731926e-02
2.555925671638967778e-01
2.162723706264841061e-01
2.118210545551892920e-01
3.967857332148407856e-01
3.762267771533546190e-01
3.606553398549055545e-01
2.196180770215104827e-01
2.309571829140751043e-01
2.150574594795978400e-01
1.035900339899702843e-01
1.578053406775858369e-01
2.551568902632318503e-01
1.691452949621796986e-01
1.233850968070529242e-01
2.739722039272316501e-01
1.404967053549247558e-01
3.123232606388924304e-01
2.828167889098067156e-01
8.235867840147556573e-02
1.711869431572100864e-01
2.942485303708969324e-01
1.827480370374306162e-01
1.853932492996343273e-01
1.717608997261933779e-01
1.098175009839992416e-01
9.443558398250886943e-02
7.794889638357785366e-02
2.141964393023519653e-01
8.917864390705523836e-02
2.086060763866243728e-01
2.008204723396204705e-01
1.031810434049685171e-01
2.489361472491658511e-01
2.905940224851162323e-01
2.088421783549102295e-01
2.276676001516322601e-01
3.188670043163188139e-01
2.874417897842758696e-01
5.074797031025914951e-01
2.074165914384193676e-01
2.152449782643006126e-01
2.292571349003266201e-01
2.276744958330807755e-01
2.192524142285610378e-01
9.381887991187468079e-02
1.557941272258876741e-01
1.847578573010803804e-01
2.058613682342522733e-01
1.466724793478727251e-01
2.316464199939885227e-01
1.587930299291298308e-01
1.345188238646493617e-01
1.261534720993700009e-01
1.074287950803780589e-01
2.039180538984456115e-01
1.270407378687727074e-01
1.171340177354368017e-01
2.258864443730503047e-01
2.685093566790726083e-01
1.370394263646047828e-01
1.056525842170056295e-01
1.715328687492593263e-01
1.046975845028728369e-01
1.326988779506556582e-01
1.098690057810733783e-01
1.671236667249715868e-01
9.451677966115570872e-02
1.255686036803081440e-01
8.156222703929587314e-02
7.866046733715768846e-02
1.542220314713852458e-01
1.783080947820308571e-01
9.517384408437079557e-02
1.436467927795454513e-01
6.579235752702493334e-02
1.231113250078408189e-01
1.519363791028257027e-01
1.025557704281706423e-01
9.956380240925759295e-02
1.702718193966439031e-01
1.785188170882708869e-01
1.304724928105095716e-01
1.889338989005469038e-01
1.417886892059082027e-01
1.851052575987767734e-01
6.730659385378411075e-02
2.167672807391113621e-01
2.294840609921778019e-01
1.420165117764211893e-01
1.660353291598636871e-01
1.791919537327560374e-01
1.383727090150862482e-01
1.447392614732079252e-01
2.320603105566999558e-01
1.339726319603304905e-01
4.313672054949287821e-02
1.794710560712105274e-01
1.173718837988141084e-01
9.092350051955491730e-02
1.637060777424451941e-01
1.437224281091964706e-01
2.814268574330071604e-01
2.653916231296357120e-01
1.309450990197679188e-01
1.713837405072089204e-01
8.661468582261572235e-02
1.324907703916657076e-01
6.456988681347194947e-02
1.586100716217820616e-01
1.942934579789351579e-01
1.963998661916026844e-01
1.893755129330625397e-01
1.190101509213390141e-01
1.881846170058449896e-01
1.957638322139594600e-01
1.948406169720357517e-01
1.585629713185771339e-01
6.468747165336904970e-02
1.344522921647386404e-01
8.845333109921153791e-02
1.715273013463792795e-01
1.317704307955308018e-01
2.608346816462486228e-01
2.810962920861365677e-01
1.458752678697576577e-01
1.658397619321408389e-01
9.211962807335950798e-02
1.180133702901962900e-01
1.847962006537138269e-01
4.342090741444962210e-02
1.368922399345694207e-01
2.281377345398404033e-01
1.396718183821809012e-01
1.407677929503645120e-01
1.775219249144597278e-01
1.653717603446099860e-01
1.445626244424815798e-01
2.216125171675398520e-01
2.181798343772265447e-01
6.933586087865901970e-02
1.886218943067632103e-01
1.323019479050641101e-01
1.901512394366003667e-01
1.321091910925575597e-01
1.819257038771177892e-01
1.746318814411685072e-01
1.018863580055143908e-01
1.040043221933130563e-01
1.421569049881531432e-01
1.260505507924000457e-01
6.890323737668294091e-02
1.496954698289752472e-01
9.284326422238708965e-02
1.856918016910422686e-01
1.503760235918144006e-01
7.757678353896374501e-02
8.090535708619982225e-02
1.233279441138578764e-01
8.943480397519926184e-02
1.630670356232094276e-01
1.103953642467656732e-01
1.226856752649757853e-01
1.077683625162502296e-01
1.625981259983961535e-01
1.005851177618461573e-01
1.304194045340507924e-01
2.595518492943653666e-01
2.268526234835598065e-01
1.143849758659019195e-01
1.324823524811151454e-01
2.032412040790918806e-01
1.046377091176116242e-01
1.204379026790847323e-01
1.230758585093420787e-01
1.548001921023496874e-01
2.310107598098954107e-01
1.357426388946328666e-01
2.036019527518533045e-01
1.766286589520229544e-01
1.437738400990503651e-01
9.327774658691743992e-02
1.955871653925609632e-01
2.178269950765695795e-01
2.115588364361632723e-01
2.237363203866898076e-01
1.991955111234931242e-01
4.891867262895300827e-01
2.895087799733000455e-01
3.131171232502378832e-01
2.304145844414166588e-01
2.132552518660831009e-01
2.947170157895171450e-01
2.396281143521340751e-01
1.020923983279849317e-01
1.895209625287587185e-01
1.901044485742060808e-01
8.955595715746364482e-02
2.129923659323889051e-01
7.260067912077572405e-02
9.702101747568964152e-02
1.070004487543314148e-01
1.644798614043738727e-01
1.742268703626695114e-01
1.604909459075970490e-01
2.946353747217237418e-01
1.509832306384596978e-01
8.296433712952760997e-02
2.622996928015454143e-01
3.005851598666609559e-01
1.307795842908900108e-01
2.724813203609390833e-01
1.216050076759855741e-01
1.559806811436636742e-01
2.414342708771980983e-01
1.503592795650061653e-01
1.022170721101101354e-01
2.108274548928847636e-01
2.002380669298944871e-01
2.162893087177497897e-01
3.578732264730896673e-01
3.415198208912798017e-01
3.890418839311229338e-01
1.993474754897271994e-01
2.039277967902899114e-01
2.580369145568222056e-01
6.499631477633142917e-02
3.148318121485026988e-01
1.841781767043202678e-01
2.231203257342522506e-01
2.682590198144187976e-01
3.180195617270043518e-01
1.782512224680783686e-01
2.465412942880466918e-01
1.863467816976617231e-01
2.210099464583335505e-01
2.516894025383724087e-01
2.728596964895358412e-01
1.650869222954280402e-01
3.677660217879013538e-01
3.509830691094305566e-01
3.669038778919457289e-01
3.305008405240649760e-01
2.899468368352064451e-01
2.225077913309874977e-01
1.955375941604942380e-01
2.202374255738961950e-01
3.869719659238328169e-01
1.918900872143463887e-01
3.794971953440100521e-01
2.263157170836552767e-01
1.844719763458513573e-01
3.368237489562603826e-01
2.971066348699643589e-01
3.454359206146018213e-01
3.757472399957870746e-01
2.245685206505242948e-01
3.395721406722785884e-01
4.760698094274547487e-01
4.236257717391113120e-01
4.252953133768940241e-01
4.645773274985689483e-01
4.737263762363294606e-01
5.399776554330674161e-01
4.783466251236038191e-01
5.532476204884594351e-01
4.337457891688832889e-01
4.644905278741345289e-01
4.085729790337886413e-01
3.540939306377111628e-01
3.701370115837883112e-01
4.075213574162332431e-01
3.375382718472344501e-01
4.172194738763269628e-01
4.478844429320065768e-01
4.871479529343449855e-01
3.644566611119493538e-01
4.603139070314467007e-01
5.386143523378897902e-01
4.424943852277521961e-01
5.414068547319496050e-01
4.639137960080764733e-01
4.674955067322895674e-01
5.430706513710761296e-01
5.501234393643323894e-01
4.888699283453067923e-01
3.377323691567603037e-01
4.368478434927377529e-01
3.909297263261113375e-01
5.327328745778548980e-01
4.890649356112256596e-01
5.570605183195289634e-01
4.648398878120675315e-01
5.973982959901219525e-01
5.784361356934843990e-01
4.830184317724807719e-01
4.318720058752680280e-01
4.753239580971690970e-01
4.802526413527497540e-01
5.977553431762074876e-01
5.748264623260229689e-01
6.080937755763680119e-01
5.430736448950935769e-01
6.077750366630322310e-01
6.134893018733595937e-01
6.031499602835546092e-01
6.134388434570724469e-01
6.194352119607405838e-01
6.172771052043873885e-01
6.214955132809913962e-01
6.255999359148435301e-01
6.282404498068563381e-01
6.237368825256154325e-01
5.708463439641787707e-01
6.239065950389736104e-01
6.285730053216305180e-01
6.260653894119664331e-01
6.222022165744381939e-01
6.181981170367557565e-01
6.205305296561370865e-01
6.147287272914856437e-01
6.047183307018992870e-01
6.152884153825122215e-01
6.094466138570048264e-01
5.450898412817969385e-01
6.105736027512291830e-01
5.773246319073337407e-01
6.008149437285076333e-01
4.828308081344029334e-01
4.765294559547071929e-01
4.351506791145874908e-01
4.846188958389603396e-01
5.811211957880223489e-01
6.004096736449054950e-01
4.675870973439372746e-01
5.607849147537079526e-01
4.920098217753734460e-01
5.360857538635007691e-01
3.942517435994149499e-01
4.392863215651936493e-01
3.415124327291625406e-01
4.920962032713063761e-01
5.526596454069173658e-01
5.459946864313657278e-01
4.712209746107900443e-01
4.664481688458901876e-01
5.470272334537932268e-01
4.481481530285050807e-01
5.434821677561324504e-01
4.644484079553612421e-01
3.671197052460603016e-01
4.932082529510156133e-01
4.519706772794230276e-01
4.213337348672246963e-01
3.413446448423339552e-01
4.105036155805905640e-01
3.740241392984710589e-01
3.577346459940446421e-01
4.121149119026957797e-01
4.670833922971575625e-01
4.376509690962991916e-01
5.598138551759282988e-01
4.849650163473621101e-01
5.461751348431354014e-01
4.818060039558896279e-01
4.728664105527141115e-01
4.322221279067480770e-01
4.307071445391702502e-01
4.809650753428479364e-01
3.426533880078809213e-01
2.278817038877357370e-01
3.817032159639308087e-01
3.522246638116485751e-01
3.017482326273905335e-01
3.438130940239573774e-01
1.869146069073827632e-01
2.307089908258071753e-01
3.849353084843937789e-01
1.937909194776661348e-01
3.886742352945432022e-01
2.237786721936285694e-01
1.999218299941593890e-01
2.261022017371898951e-01
2.960135326833349678e-01
3.384973839163400999e-01
3.705071694569717078e-01
3.594040894828022803e-01
3.733937207696280125e-01
1.690323886122061525e-01
2.711401159100833014e-01
2.567670097960635389e-01
2.222168181225510630e-01
1.885601678680986215e-01
2.526720438920467826e-01
1.837710612468263505e-01
3.167128147477396571e-01
2.758203183487890620e-01
2.254389849227308729e-01
1.880583021899574769e-01
3.208606813267953495e-01
6.656133797916612138e-02
2.571609114235267612e-01
2.079295954975967364e-01
2.035400339025482952e-01
3.918193401673131238e-01
3.530393213300691002e-01
3.588535993147202730e-01
2.174870478590520406e-01
2.098823540253810238e-01
2.123903600063257735e-01
1.027082946839653482e-01
1.530717568119844274e-01
2.463280918247680029e-01
1.607750549763511116e-01
1.222226001191014794e-01
2.730676637429725884e-01
1.343241858267805455e-01
3.050861457961829837e-01
2.698990570707502368e-01
8.270889235012816865e-02
1.581493561868781428e-01
2.944471293384237631e-01
1.681541689097126591e-01
1.785334417830381770e-01
1.673979250582508516e-01
1.082065377787406468e-01
9.586251172772977669e-02
7.474620809429345647e-02
2.135204880708108377e-01
8.936315067252365019e-02
1.978176727617053099e-01
1.943893648154804699e-01
1.025921794569407131e-01
2.437000730198738141e-01
2.927717804641996602e-01
2.111321567456775350e-01
2.291202785781926154e-01
3.157027683656118966e-01
2.885246698748897831e-01
4.974817754582919749e-01
2.028821775904182390e-01
2.196169860082973768e-01
2.193219809257006270e-01
2.222445126080781486e-01
2.057353260281322149e-01
9.354218510933268171e-02
1.492392629504255830e-01
1.804384661881288932e-01
2.047363146082835095e-01
1.406962041459373924e-01
2.313179495060038726e-01
1.567589053121624942e-01
1.283213103296941549e-01
1.232245844504746279e-01
1.059536948430035708e-01
2.035606689268705527e-01
1.296048009997063377e-01
1.156482343242900696e-01
2.263411514593034468e-01
2.641246287792166081e-01
1.337416079041580386e-01
1.029290748852890042e-01
1.670551070227036805e-01
1.060778654370167912e-01
1.277557707680392896e-01
1.101061950262985090e-01
1.651594271796672508e-01
9.213288948227063568e-02
1.245567130012794205e-01
8.125457641037539536e-02
7.819083798842096922e-02
1.525355257083259308e-01
1.811939543160017707e-01
9.416797970504792170e-02
1.460153587199196634e-01
6.707889991082977010e-02
1.243318068236809182e-01
1.477090242713663681e-01
1.031573156866623514e-01
1.004926950393765644e-01
1.720270648945584901e-01
1.798683037679171814e-01
1.311151184161475358e-01
1.894157313335996518e-01
1.377334417541013212e-01
1.864909500788534957e-01
6.811170133280215755e-02
2.173195745047354910e-01
2.263041438374760739e-01
1.430044653732656101e-01
1.657765344226214965e-01
1.785282201245241007e-01
1.392682181997645097e-01
1.427254683728620688e-01
2.305532749521385649e-01
1.350362130917272807e-01
4.323902006329000819e-02
1.813740734378765374e-01
1.176063491401998229e-01
9.133455041970678367e-02
1.644702351045576050e-01
1.444785844634251526e-01
2.813086983946051500e-01
2.637155799740206752e-01
1.312366432049754394e-01
1.714162266335598206e-01
8.721522277020965497e-02
1.331518989312676093e-01
6.460313874243349408e-02
1.585898121870344124e-01
1.944678135788109608e-01
1.961828946196772228e-01
1.889778740884663633e-01
1.190101509231504123e-01
1.885809092692981026e-01
1.959708934561838478e-01
1.946502139114164032e-01
1.585741825452882670e-01
6.464240517259446650e-02
1.338057189668408475e-01
8.782838103545610731e-02
1.714652423616402077e-01
1.315112771140340975e-01
2.622041680052490387e-01
2.811987881790455335e-01
1.451952241703892421e-01
1.651795775121069620e-01
9.173339072659689175e-02
1.178192336950908969e-01
1.831448090488185243e-01
4.333348014848353164e-02
1.360054421532304603e-01
2.292598575317484344e-01
1.410644905061001486e-01
1.400610206735336261e-01
1.779808271045979218e-01
1.655582909455992624e-01
1.438426125201422712e-01
2.237335557435697064e-01
2.177839523658187393e-01
6.877695019182239466e-02
1.876453464856895625e-01
1.346813187402924883e-01
1.898150045529169716e-01
1.316528181522860774e-01
1.809855790021894784e-01
1.734520630635950633e-01
1.012529127681448260e-01
1.036271753415956287e-01
1.445742156818747848e-01
1.252852079595788981e-01
6.808905539705577270e-02
1.480047415862939808e-01
9.342053446581587151e-02
1.836241222772221626e-01
1.513086413755169168e-01
7.784375193716316921e-02
8.105023031429073321e-02
1.238497313158102991e-01
9.055541789514212625e-02
1.639189265626425085e-01
1.102724208213478746e-01
1.247283119299715942e-01
1.070485380815084236e-01
1.643767877110077213e-01
1.014756857490532321e-01
1.317505090237177101e-01
2.614038531467742232e-01
2.266405591137005404e-01
1.148624649117134383e-01
1.312901265959257879e-01
2.033640026507274046e-01
1.051450181042008353e-01
1.215357564036722710e-01
1.250708489911658838e-01
1.555747097365503540e-01
2.311310599141302990e-01
1.376156486834430315e-01
2.040568212531999881e-01
1.780964616766650410e-01
1.458455714986866270e-01
9.338210254511332409e-02
1.993219735044727547e-01
2.194892438986032479e-01
2.144485547662980107e-01
2.221175187397943784e-01
2.005835093950370795e-01
4.923283311016773967e-01
2.891261174742751905e-01
3.140920732100230817e-01
2.299141725310968332e-01
2.124249529170621764e-01
2.939643931230109253e-01
2.411428184811315045e-01
1.022829547950379753e-01
1.913189112699973382e-01
1.929094732505098886e-01
8.947862042300272489e-02
2.131891073770926515e-01
7.336715966618151397e-02
9.658478992844872490e-02
1.074445742754185640e-01
1.655222174817194136e-01
1.757403148948444571e-01
1.630646285113016014e-01
2.945624816600404539e-01
1.534203377970841942e-01
8.287095749568340608e-02
2.649282179105535984e-01
3.021640530202605035e-01
1.319982542206943887e-01
2.726891921670003827e-01
1.218123627304555229e-01
1.576292325606876710e-01
2.431030118401988072e-01
1.512919650731917864e-01
1.023846440947011882e-01
2.113678514345220527e-01
2.033867697779379036e-01
2.166992416682676781e-01
3.582060680248282392e-01
3.453525432234134107e-01
3.899916921732615727e-01
2.007484493949319992e-01
2.052486855295736212e-01
2.577374745951749868e-01
6.550023006039497331e-02
3.168186691673679500e-01
1.854288903120774323e-01
2.238816439149099169e-01
2.706970909325359109e-01
3.175825530107805328e-01
1.800275937184472874e-01
2.485059162138104349e-01
1.870584894312887214e-01
2.214023802716920397e-01
2.533066960000699419e-01
2.722970859518293318e-01
1.663258660595075822e-01
3.695220629626991271e-01
3.536225320603821887e-01
3.680444141788951073e-01
3.329882249269418559e-01
2.918409672178834402e-01
2.236307692928146684e-01
1.968925637939228368e-01
2.213288895265847767e-01
3.874910142690402570e-01
1.924709294125807602e-01
3.811712297707505748e-01
2.276416100262386721e-01
1.852174832203782595e-01
3.389218445994399698e-01
2.985109930943681267e-01
3.474663245557932378e-01
3.775155312830268950e-01
2.255563270336600479e-01
3.404892658298094288e-01
4.775267697132930533e-01
4.257225673031799773e-01
4.273499715292815582e-01
4.669614972534256170e-01
4.760640953037408862e-01
5.417870762061443024e-01
4.802622843956317888e-01
5.551490236140849133e-01
4.348833666968482947e-01
4.652446138205449944e-01
4.095943426029211576e-01
3.551294094200055373e-01
3.712450023528662824e-01
4.083702675448759867e-01
3.386231560880614277e-01
4.183878862602604110e-01
4.490313584063989616e-01
4.888407521712658799e-01
3.652002907356241557e-01
4.614714931152138488e-01
5.399631312399172378e-01
4.440527848005348388e-01
5.429593901697037373e-01
4.646186106338007216e-01
4.685192198863383783e-01
5.438747684055784681e-01
5.508185940063623498e-01
4.897524992225927853e-01
3.387628154385087242e-01
4.375090342253068476e-01
3.918225795812691481e-01
5.336334776385668333e-01
4.898560658772427301e-01
5.580549654783106828e-01
4.655741312803979293e-01
5.982013135380298552e-01
5.791523938429369300e-01
4.834413811114220971e-01
4.327350963322114108e-01
4.756408478069973911e-01
4.809255475090451482e-01
5.985515180178858641e-01
5.754758344154093930e-01
6.087364280261303717e-01
5.435950872945660706e-01
6.082053974827403842e-01
6.139515062602175499e-01
6.035518479019339466e-01
6.137686944502486197e-01
6.197142206943512255e-01
6.175109695128669918e-01
6.216743058437037561e-01
6.257173851852010360e-01
6.283241140657853663e-01
6.237794440184762923e-01
5.708463439394653172e-01
6.238642999567434178e-01
6.284903896610037899e-01
6.259501052428602108e-01
6.220276408660975198e-01
6.179714381917184030e-01
6.202618153319378047e-01
6.144135258191577575e-01
6.043358733613646283e-01
6.148508396029941370e-01
6.090409457772514301e-01
5.446027960169064208e-01
6.099758045053913502e-01
5.767242823136445873e-01
6.000804976724504192e-01
4.822138318301585902e-01
4.762430854388512991e-01
4.343729573334482730e-01
4.842407823663479882e-01
5.804930000534783696e-01
5.997048731869849547e-01
4.669456532201124999e-01
5.599144350996466679e-01
4.913259180254828662e-01
5.353069925937036233e-01
3.934806473086885914e-01
4.387255328437721369e-01
3.406479960290210718e-01
4.913611540132069577e-01
5.520830260800355660e-01
5.453322357267371689e-01
4.703762633406323723e-01
4.658808386996772799e-01
5.457599884435322402e-01
4.468704780019459588e-01
5.423882435382776368e-01
4.635295958670861971e-01
3.665262405105667587e-01
4.918581090666918620e-01
4.510650814139184894e-01
4.204334220650248199e-01
3.405149802148589311e-01
4.098527071921581610e-01
3.731769935098701585e-01
3.569393435874945175e-01
4.113527381064664978e-01
4.665306723749839124e-01
4.368199839263042783e-01
5.584074599557240504e-01
4.835467970602625454e-01
5.448597527686862563e-01
4.800740290814128342e-01
4.710781246263444078e-01
4.307776939474776134e-01
4.292275870158362983e-01
4.799482141652884337e-01
3.420134353972227870e-01
2.271948313052509216e-01
3.804627007414507767e-01
3.508222872536625458e-01
3.008018522843729503e-01
3.423753096812150454e-01
1.864215168496282105e-01
2.298107822845345816e-01
3.838483159177580317e-01
1.934077913843068042e-01
3.883303633198124105e-01
2.230718773613231398e-01
1.990495303052106646e-01
2.253959876850369082e-01
2.948206736259401661e-01
3.369182877384024333e-01
3.698100014724434725e-01
3.577558885198207639e-01
3.722866797808366823e-01
1.682619203841301814e-01
2.714599477680929573e-01
2.557918637630849368e-01
2.219906790767386673e-01
1.881398768206612448e-01
2.515031094365508535e-01
1.827238783091429675e-01
3.169494520206854182e-01
2.743892715831911522e-01
2.250096388660525470e-01
1.873238491903286007e-01
3.197492508146713708e-01
6.626475575583054556e-02
2.573152880217119964e-01
2.071933285946273018e-01
2.027801188049743741e-01
3.913301198879186038e-01
3.509403278902099022e-01
3.586793872708979314e-01
2.172763180816013051e-01
2.080846791652176675e-01
2.121188726323804397e-01
1.026215425718702279e-01
1.525972962436018543e-01
2.454631811229535387e-01
1.599364140939046053e-01
1.221115187934898039e-01
2.729690109710474766e-01
1.337041975421474627e-01
3.043185330957998702e-01
2.685798240742440779e-01
8.275018480153019385e-02
1.568789278463637027e-01
2.944751544655220266e-01
1.667751452011329849e-01
1.778008136141279172e-01
1.669117967186122264e-01
1.080134361596092607e-01
9.604252552435794954e-02
7.438886634124865227e-02
2.134372335883679694e-01
8.939049285119581023e-02
1.965622310566756958e-01
1.936129452064309087e-01
1.025158322079823686e-01
2.430569376726988418e-01
2.930629987054003682e-01
2.114452722913586491e-01
2.293142421190557945e-01
3.153018119000750019e-01
2.886709800984890717e-01
4.962030959399660324e-01
2.023093337100393685e-01
2.202204198419272230e-01
2.180972570221910156e-01
2.215577922425307766e-01
2.041101329640558626e-01
9.350367668898473816e-02
1.483979447432934307e-01
1.798648860665705562e-01
2.045748352698009698e-01
1.399313359652248345e-01
2.312727543692503496e-01
1.564745023618914765e-01
1.275178288370670265e-01
1.228178720842559857e-01
1.057559620500241326e-01
2.035125532713293883e-01
1.299954141398505791e-01
1.154537524051955227e-01
2.264105081527565955e-01
2.634830120330262093e-01
1.332682540165237017e-01
1.025704830054014471e-01
1.664165486916868997e-01
1.062981490749728558e-01
1.270390312815589673e-01
1.101439611815559910e-01
1.648682311734383510e-01
9.176799232204285728e-02
1.243959345103943931e-01
8.120731450161113030e-02
7.811333085387511810e-02
1.522601270707389931e-01
1.817131261028596123e-01
9.400136850688413370e-02
1.464406595363409169e-01
6.729992468528617211e-02
1.245407790053863206e-01
1.470097732133500978e-01
1.032603061710321984e-01
1.006566589823877228e-01
1.723352657020728318e-01
1.801082826090043831e-01
1.312301807837540080e-01
1.895014630268135603e-01
1.370559351823874283e-01
1.867383473841857933e-01
6.825468706757950588e-02
2.174187672502382873e-01
2.257473471782762697e-01
1.431829188786904183e-01
1.657299670487777099e-01
1.784104733999163639e-01
1.394344042268145512e-01
1.423682021032763034e-01
2.302790386724242744e-01
1.352371947410524189e-01
4.325851199151810322e-02
1.817383648608582036e-01
1.176505541776538682e-01
9.141531253860006589e-02
1.646162959163701978e-01
1.446249762118221038e-01
2.812860849104721339e-01
2.634009183153213640e-01
1.312928746269349523e-01
1.714248302858396023e-01
8.733687240038878752e-02
1.332832456971859425e-01
6.461051788991278855e-02
1.585863229097581595e-01
1.945036515033523872e-01
1.961400977843135440e-01
1.888984272637855566e-01
1.190101509214015613e-01
1.886602483919396500e-01
