2.769150663165506066e-01
2.840220588222744369e-01
2.866842649584243063e-01
2.717154613202434343e-01
2.916894913174838955e-01
2.827548142319802893e-01
2.771692890271249543e-01
2.636722843028148078e-01
2.860947977995952352e-01
2.831129016844601831e-01
2.422163377510063442e-01
2.765030331997214152e-01
2.627618724997781152e-01
2.358261428033197327e-01
2.804564854998465306e-01
2.795100057157432483e-01
2.778347608629246346e-01
2.472294097301749038e-01
2.779432132874835037e-01
2.367883434923129526e-01
