2.528822550240133471e-01
2.790122878188429079e-01
2.575697824120123935e-01
2.305362350989772213e-01
2.232366863487409425e-01
2.785420499080687451e-01
2.713042069874570528e-01
2.701790168592029806e-01
2.417888810550447298e-01
2.059942391641949866e-01
2.523057709845458740e-01
2.534456434652194723e-01
2.685802335348881353e-01
2.405931992848358847e-01
2.592739972529072290e-01
1.889317354624394651e-01
2.374541545865030689e-01
2.542217868545519899e-01
2.315219135469349376e-01
2.479205758341443133e-01
