2.692905461649949261e-01
1.849168833144489432e-01
2.606183440643425886e-01
2.335161256415117792e-01
2.466312574833998961e-01
2.575063943375632269e-01
2.476624355578938563e-01
2.500252269309674036e-01
1.993289358324278893e-01
2.561814227401971178e-01
2.070145905680716159e-01
2.757906080860291209e-01
2.344784803861038602e-01
2.323202690687721783e-01
2.412132867144239079e-01
2.573358136784417716e-01
2.435183290164821823e-01
2.756620945856149141e-01
2.798586940685664493e-01
2.732910614960228912e-01
