2.590260375634718115e-01
2.686146437276475396e-01
2.783316102405661296e-01
2.808726859606748838e-01
2.501623974006763063e-01
2.695410418589541668e-01
2.234941116979163311e-01
2.173712945805885699e-01
2.742439077840741479e-01
2.670783584730049842e-01
2.443899177850095694e-01
2.235842363385409370e-01
2.691454077747103546e-01
2.579206539052988911e-01
2.514978337511682427e-01
2.719562461252889030e-01
2.743496789673845471e-01
2.025001031142032171e-01
2.609293843522593193e-01
2.491503607542529530e-01
