2.623552841850650963e-01
2.643715902418444230e-01
2.832570501899297488e-01
2.843189366524191408e-01
2.649351867104232650e-01
2.825169715738641840e-01
2.937124145643171258e-01
3.031023622610151680e-01
2.934690877714971613e-01
2.769149830599360596e-01
2.875762337765115362e-01
1.919643245122156505e-01
2.917993667175667327e-01
2.705050195887127584e-01
2.442668929139310274e-01
3.008414953236344669e-01
2.819553153316655125e-01
2.382250130840110336e-01
2.846319663579994219e-01
2.850225449121276400e-01
