2.585514664917950012e-01
2.461803180755787190e-01
2.607837176220361153e-01
1.031749026612634318e-01
2.460770204092123103e-01
2.430178859365846045e-01
2.426485953928436690e-01
2.336704912303352588e-01
2.461851879485426886e-01
2.217963590045908540e-01
2.222411202570728495e-01
2.200995039696145850e-01
2.297812413398350462e-01
1.947096303142451801e-01
2.265797362209047705e-01
2.429652483360823789e-01
1.745310548055076516e-01
2.357022878474043237e-01
2.038944999252798596e-01
2.261158946274919312e-01
