2.302317959654103241e-01
2.408379179601130016e-01
2.712596072748884590e-01
2.584197688256739678e-01
2.096676355818187509e-01
2.667118601603189476e-01
2.846403016259279051e-01
2.829417481371176990e-01
2.696097858972077432e-01
2.507108845895403282e-01
2.650035969736181940e-01
2.918216252113836617e-01
2.741334175908053949e-01
2.808892185101063421e-01
2.363053645785499757e-01
2.156387730258123026e-01
2.745985814001655756e-01
2.962814913027844721e-01
2.537519799087352146e-01
2.780748579864505965e-01
