2.270076431290710683e-01
2.463826861428982939e-01
2.725181851103742892e-01
2.686271762051943290e-01
2.406931338026053468e-01
2.203346381687692479e-01
2.607068156758498012e-01
2.686654631269452254e-01
2.325618403415500302e-01
2.436656607695921739e-01
2.541502984136420062e-01
2.328232564790209402e-01
2.363916028918622847e-01
2.615673848497303555e-01
2.576176863863831046e-01
2.517946349404261985e-01
2.373447208315243306e-01
2.182344547204553287e-01
2.173853875836583016e-01
2.558368773000903595e-01
