2.989481062865547711e-01
3.039571767308032468e-01
2.926386576065956868e-01
2.918034359780455333e-01
2.959932375431992835e-01
2.847449766310999886e-01
2.998210494048251240e-01
2.956904495491424756e-01
2.758937097769978419e-01
2.973660150267301572e-01
2.964814429688673592e-01
2.973689366255973798e-01
2.810680180974092224e-01
2.989262391594350032e-01
2.827695819807833910e-01
2.997698715805031111e-01
2.968191019294895705e-01
3.017599440597765192e-01
3.002412113904187052e-01
2.906813658367163322e-01
