4.444410340477755739e-01
3.843738435386597208e-01
3.843985194897240887e-01
4.444445357604247526e-01
4.147092424917992459e-01
4.146936762291874023e-01
4.080490989874926422e-01
4.080822694699459685e-01
4.087208067640848430e-01
4.087664170818590126e-01
4.444232825406246312e-01
3.945834916563039640e-01
3.945822775051419096e-01
4.249191231437455807e-01
4.249263566403149728e-01
3.835769448914147506e-01
3.835901702915881506e-01
3.830653733200751754e-01
3.830382554301224873e-01
4.444078074417636692e-01
