2.837572342594976704e-01
2.913341029293946005e-01
2.735203495666921891e-01
2.933286202529123976e-01
2.810204895613659382e-01
2.854707624443718061e-01
2.909028567899756834e-01
2.698305999261773058e-01
2.584840634258360192e-01
2.889084934872551691e-01
2.807287636068960812e-01
2.607266008681034530e-01
2.654858331068926103e-01
2.264074746435404684e-01
2.969101460341461163e-01
2.465916833629356875e-01
2.900136667869570584e-01
2.563401017660353332e-01
2.983701960987532598e-01
2.867021333597343236e-01
