2.770712448636791780e-01
2.892410389682277816e-01
2.710902276537574540e-01
2.856452077644669463e-01
2.150963799109648633e-01
2.637287804623443255e-01
2.780500871228268611e-01
2.673634213945500493e-01
2.908394829418839422e-01
2.766095586606047152e-01
2.453377196102378699e-01
2.958636840062663365e-01
2.420991804694984928e-01
2.908882819391723218e-01
2.804620185832554791e-01
2.928995625997924401e-01
2.793230702727852455e-01
2.842565029472041149e-01
2.683608955188917511e-01
2.597788876534422031e-01
