2.588342043916996293e-01
2.206424272287089983e-01
2.681818226484701806e-01
2.649306979606476098e-01
2.723328142120840512e-01
2.609547081579705607e-01
2.707173862389806174e-01
2.622218226510043548e-01
2.710104374423717988e-01
2.440960177275247056e-01
2.344274558797838637e-01
2.320614866789779407e-01
2.614728218199680043e-01
2.427872332775080910e-01
2.193626167720422737e-01
2.588160636712985574e-01
2.804650080948444257e-01
2.521494061036910206e-01
2.586819897983929639e-01
1.826243374064512037e-01
