2.958673641759696493e-01
2.743189930916291597e-01
2.672184587836798908e-01
2.872564090275767645e-01
2.816551006938897705e-01
2.898993120197778106e-01
2.856867822677113256e-01
2.863829881292399571e-01
2.883382148688782842e-01
2.564447748808875716e-01
2.815236123725464168e-01
2.726040373227249236e-01
2.714938998321509978e-01
2.882991000287284389e-01
2.628799506308563960e-01
2.822638516588436008e-01
2.488299024041481233e-01
2.945358863008208927e-01
2.777427922117286507e-01
3.060982999842101204e-01
