2.624413071038548262e-01
2.824903531021928371e-01
2.458097598652726756e-01
2.067659899336925788e-01
2.631233397956299624e-01
2.711659555572391578e-01
2.473215325902170247e-01
2.417997987703607576e-01
2.509124468040330180e-01
2.792988062053947673e-01
2.356086349600964303e-01
2.688016012362073881e-01
2.322059787669493169e-01
2.363133001214113293e-01
2.518571863582888537e-01
2.531910408024094505e-01
2.584335241643669900e-01
2.510057174312173567e-01
2.796394911321372079e-01
2.790492120918426910e-01
