6.466231907688438363e-02
2.447753934073895743e-02
6.477293715292034570e-02
3.630051243922360199e-02
5.174886788299617318e-02
3.493122967128001882e-02
2.074922009942863771e-02
4.953666298486144454e-02
8.585646707223955343e-02
5.655634836631364543e-02
7.455004587984188913e-02
1.625889782730080904e-02
3.658064967284013758e-02
3.008191198807187022e-02
1.099634232076201340e-01
8.543541102682028487e-02
4.247488865362782084e-02
6.382105224920385511e-02
1.748104588235125517e-02
6.000702585160767183e-02
1.235584777728996608e-01
1.348572609862576099e-01
4.236667353566669902e-02
1.873269074818069146e-01
2.920311058439847146e-02
1.655933819255634987e-01
2.592985619160876470e-02
2.273619731557126669e-02
5.153424195023852822e-02
1.295039413233227965e-01
2.189179140587306227e-01
3.434473506374730728e-02
5.033903533412857623e-02
