2.738702125002315246e-01
2.644968361505757315e-01
1.495845982766920157e-01
2.538994475942446538e-01
2.454720718980946959e-01
2.304926723246599196e-01
2.787080229039106127e-01
2.355839506750954659e-01
2.657992879726155944e-01
2.665947625327628190e-01
2.251628265424654995e-01
2.511376229274756566e-01
2.469772484498946041e-01
2.569471447811262355e-01
2.297880639746336107e-01
2.807529396798247867e-01
2.514832110990198322e-01
2.668413550683344515e-01
2.457210840295359910e-01
2.410652195423532429e-01
