2.902828699038372817e-01
2.931422321397268993e-01
2.869199738657888799e-01
2.993612303338062386e-01
2.794104127312660446e-01
2.953222005078327550e-01
2.961296313402079217e-01
2.520767848875285488e-01
2.792616882594101679e-01
2.804182802731696733e-01
2.919200921893692624e-01
3.020487257968130779e-01
2.702559171409616434e-01
3.037125468939856909e-01
2.831666259124611118e-01
2.957858679174465988e-01
2.828858103455456630e-01
2.931295139371799530e-01
2.846988157454013457e-01
2.898955707217795719e-01
