2.835924598914907335e-01
3.009107505304622898e-01
2.746789380227269706e-01
3.041176083539539055e-01
2.795184950320326878e-01
2.990462565549804608e-01
2.889064577949061463e-01
2.740307948503431512e-01
2.819758414280280623e-01
2.991652769679492563e-01
2.376951917007618931e-01
2.708102996163325171e-01
2.820648990222774377e-01
2.997607014413741222e-01
2.999917011616217155e-01
3.007198754877075664e-01
2.962124068843532965e-01
2.707568507502857158e-01
2.882993161763996448e-01
2.950046869527473414e-01
