3.186688182252854773e-01
3.065889811527366948e-01
3.176102951459896517e-01
2.790249057358533680e-01
3.029553865721512640e-01
3.149137176220821455e-01
2.958242811518590476e-01
3.133374887384556273e-01
3.087924168359186261e-01
3.184757731098062372e-01
3.233877761002619255e-01
3.216648288355138385e-01
3.112138164582023414e-01
3.289181084767985319e-01
2.948774693716407769e-01
2.930666004447589623e-01
2.766131088560605522e-01
2.871773493161061674e-01
2.788772091722034330e-01
2.816751874043057491e-01
