6.522295606220375186e-01
6.571875758086521691e-01
6.498407332020809113e-01
6.661256869222317301e-01
6.286815121076764212e-01
6.476600561622889440e-01
6.442612379347955054e-01
6.338309983584137219e-01
6.230810715759396157e-01
6.356495844051175403e-01
5.365567165252241866e-01
5.823656607665276264e-01
6.239323461830491580e-01
5.891242040736558438e-01
4.453266410591584235e-01
3.641232459726255755e-01
3.439128818656571607e-01
3.500855135940168505e-01
5.191107051499297409e-01
5.339568654439699191e-01
3.657084495810744573e-01
4.505690797026196681e-01
4.253828172420174858e-01
4.321581847672937293e-01
3.292951910386110459e-01
5.372788494513456303e-01
2.442290411902569292e-01
3.073316502255998284e-01
3.962776171205381615e-01
5.539413189716664299e-01
4.800354067009141579e-01
2.548025399389127754e-01
3.434494409409437066e-01
2.753433235684777380e-01
3.633321561078043382e-01
2.989202862645469194e-01
1.509419472807714824e-01
3.175454710347638265e-01
9.306318444111562338e-02
2.928025119741325955e-01
5.103205382989641770e-01
4.138108375114878390e-01
2.836712232984748838e-01
3.385492910992878857e-01
3.471495781645105860e-01
2.898904449929972094e-01
7.324385051150912596e-02
2.135435139782323466e-01
1.249917601836501996e-01
3.722984570246211655e-01
2.045402225741535795e-01
2.689528777467830589e-01
2.661893886848469282e-01
1.825481499910190375e-01
2.023420573241801745e-01
2.345149779840802473e-01
3.128842575978958429e-01
2.053759926988295570e-01
8.911228682182556482e-02
1.048084436482848714e-01
2.268427581103371893e-01
1.509029007885957785e-01
2.768018211203813195e-01
1.301573225273117973e-01
9.811237351743846979e-02
2.542576141413067092e-01
2.116994772278674442e-01
1.951401086576727006e-01
1.918153405570831305e-01
1.917621919106533845e-01
1.099046995698051282e-01
1.749553799080346972e-01
1.309979224813384857e-01
1.100596422495349058e-01
5.638595845959284286e-02
1.497731148735647888e-01
7.114481658154230004e-02
7.641886871565653494e-02
8.484980297881285216e-02
7.398520092374021029e-02
1.223954154950050999e-01
5.531700055138218108e-02
8.428068997860214961e-02
1.028672305994169089e-01
1.313146706772777839e-01
1.249499545881276458e-01
7.520848793016791933e-02
1.196617107510317551e-01
1.377158635919558116e-01
1.363720575994851469e-01
5.358289813057288964e-02
6.385459462816228671e-02
7.300581643752697414e-02
9.374252463110248346e-02
9.402821291018599592e-02
2.326968111294792640e-01
2.292489131518710421e-01
1.804671808140579925e-01
2.356480972720598199e-01
9.527766635621878755e-02
1.291454194564704006e-01
4.793172862802569378e-02
3.453404058723079373e-02
6.804210600612349558e-02
1.423791219690655752e-01
1.233208195244615279e-01
1.084953608665418096e-01
4.157587968025702047e-02
7.133299929604357270e-02
6.993280509837898617e-02
5.097777162004287627e-02
5.958389706537078195e-02
1.037050229287980740e-01
3.683019638754438801e-02
8.908234986034040126e-02
3.928985743693539506e-02
6.964405723497492373e-02
5.156265955072068113e-02
1.316982490235486247e-01
7.684977258989253435e-02
6.139034085103909494e-02
1.340673721997544254e-01
7.309936099145611377e-02
9.555268531625282780e-02
5.881099780374838409e-02
1.381129177016891252e-01
4.899517032672920380e-02
5.010306488747719167e-02
9.780098853423153937e-02
5.741015242657861173e-02
5.016869339035764236e-02
8.114519050993551641e-02
8.791841937969899212e-02
7.696473209046054975e-02
1.097857647368287171e-01
2.785894809486171020e-02
8.579790067645587381e-02
4.903838154220405143e-02
2.440844688151916700e-02
6.676202380600307351e-02
5.357529994748851110e-02
9.036778163767240912e-02
5.627502070046875443e-02
4.871911850616164608e-02
8.907499974059185366e-02
5.875808683983315545e-02
5.856612267495649171e-02
1.065263389969208080e-01
9.802768494412296418e-02
4.810058648470722648e-02
9.981437397905404407e-02
1.337112775329083458e-01
8.732014416291451753e-02
3.750533971974684411e-02
6.280717092307121219e-02
5.917459506655385615e-02
7.709907799438900367e-02
1.036988906551177397e-01
7.378753641229802984e-02
9.163041668206259316e-02
9.226403328887436417e-02
1.596400686291948867e-01
1.636952130409457251e-01
1.017813981962474995e-01
1.026051490881500217e-01
1.136607654538377005e-01
9.765006893384545195e-02
9.158490818859434113e-02
5.661285835668860428e-02
7.798555219279480755e-02
1.959970039456292168e-01
1.047334242850086888e-01
1.914905477984949200e-01
1.521148160719832387e-01
7.968086629779029539e-02
1.647040738182742603e-01
6.844403422550840443e-02
1.577300700330523386e-01
1.056573411643229460e-01
1.559091345941625573e-01
9.381812144773014894e-02
8.224407793448955395e-02
1.587792572222056220e-01
1.827494334104384222e-01
2.021224938870346266e-01
1.154144218388650917e-01
1.360501753120600954e-01
9.918717237284502275e-02
8.585703111747429450e-02
6.519466073319364618e-02
1.198827041609246830e-01
1.100415475218212008e-01
1.353087616238863589e-01
1.412471560199805576e-01
1.466200969365139273e-01
8.009760189869444269e-02
6.738157613446148220e-02
1.393394939730788207e-01
4.355230937420882104e-02
1.465646071537428652e-01
1.116763694679441393e-01
1.110005118118309736e-01
1.566107343520194151e-01
1.096809114770575661e-01
2.124887422807287263e-01
8.707123535247845991e-02
1.409354715948771819e-01
1.164151528518020118e-01
8.881885305740375158e-02
1.692325719013619834e-01
1.202874686238741136e-01
7.952805279814507966e-02
1.722896232436911534e-01
1.203435920897442807e-01
1.327706976508124803e-01
9.062917984377935610e-02
8.793742613425022114e-02
1.249913748754891557e-01
1.306795526835246857e-01
1.377694453576107370e-01
1.096309803918184417e-01
2.011107835194694826e-01
1.405521855863883229e-01
6.729147340328979487e-02
1.634276262409050107e-01
1.006373935854341095e-01
4.894972390800174378e-02
7.269130626454396726e-02
1.626803241821288826e-01
1.285489481844737381e-01
7.151872784317933607e-02
2.232841450212394996e-01
2.190389038629781682e-01
1.270709177455324468e-01
1.359019838459825935e-01
1.576420569724135412e-01
9.546781922633901241e-02
7.877080534951702573e-02
9.410083416695327885e-02
6.542711970020578804e-02
8.757758600481196920e-02
1.440362902837490078e-01
6.486942350449345640e-02
7.367935278625854789e-02
1.233545719394951862e-01
4.720310974332234816e-02
1.949909931857465029e-01
9.937212528667417610e-02
2.645546493693503587e-01
1.941896188024371805e-01
5.788118132678154310e-02
1.754283520783093686e-01
1.648912999382146916e-01
7.062543616093421017e-02
7.426487409593683642e-02
1.315164159305129699e-01
6.226856758654343571e-02
2.350027908148351885e-01
2.350406487960934043e-01
1.078057389311840308e-01
3.483802951243328977e-02
8.335323331444080552e-02
1.777068943766512699e-01
1.284489118264500740e-01
7.069675123484250867e-02
1.336403098113755350e-01
1.130848676456661928e-01
9.233696115974317220e-02
1.035457447277529225e-01
6.286624232382152788e-02
4.869848205054525675e-02
1.628090530585022955e-01
1.257436361969270777e-01
2.114543860284311960e-01
1.379784662493179770e-01
9.429222586902960557e-02
8.922336162869883014e-02
7.898597635897430802e-02
1.412401891676263177e-01
1.164743424953859907e-01
1.523138293369530327e-01
1.686127826135050412e-01
9.407881420404061446e-02
3.973834908121328530e-02
1.341088734055303211e-01
8.526483396157504002e-02
8.036523171596288151e-02
9.521786132613199727e-02
1.493198752470780155e-01
9.354504483971244622e-02
1.561299985786702982e-01
1.190742038423092397e-01
6.999485639338701159e-02
3.828290148292071149e-02
8.460455276691171422e-02
1.204552361459311077e-01
1.029214240214288006e-01
1.940839762558727033e-01
1.561349621525079112e-01
2.132690733159547658e-01
5.929269019046552736e-02
1.510594789479718925e-01
5.299288137063536130e-02
1.126207570894929427e-01
2.182465511557770688e-01
1.887903247160526987e-01
9.205065607925079496e-02
1.081715005223048837e-01
1.067488293315845688e-01
1.393434952527048964e-01
1.397826670323851495e-01
4.980920216763181502e-02
4.467248527548892817e-02
1.563922061442107880e-01
9.664519976064951667e-02
1.195344592098372682e-01
1.831774281825287176e-01
9.981392708952069315e-02
6.149061734305806548e-02
6.366657028915775896e-02
1.177409010356104957e-01
7.332483796290230338e-02
8.007930062525882298e-02
7.195917607278655426e-02
1.577592720977631924e-01
1.753526363464660287e-01
1.668722153582963275e-01
1.212342026283345503e-01
8.646245804861023287e-02
4.439003166450642551e-02
7.813609516061290061e-02
5.340615626777989178e-02
8.517737487888550618e-02
7.193272592325014592e-02
6.800186473030078727e-02
7.279565571488574860e-02
4.361234352977795548e-02
9.025589536119989209e-02
5.392268124022406295e-02
1.646183042782540518e-01
1.577251184395907224e-01
1.053476171612494489e-01
2.340467575428591962e-01
8.800780966203622380e-02
1.383563409069534234e-01
9.812878423236302827e-02
4.709275999538461294e-02
8.020295451898586114e-02
6.957854109498183559e-02
8.191049327304543437e-02
9.877034056890957037e-02
6.439523829064504323e-02
1.142757883430808030e-01
1.527879809136532263e-01
2.058013152308364388e-02
3.962949797229679133e-02
8.602708139052704650e-02
8.401520623749202110e-02
3.969942991106938796e-02
6.281714612545204190e-02
1.636535080689793531e-01
8.013241961305915539e-02
3.529231533700322859e-02
9.140327639074727339e-02
1.272340414961869448e-01
1.621460990886523790e-01
5.613099636224328642e-02
6.473414685976355831e-02
7.875716193629724027e-02
1.335588067308937921e-01
8.718386321760379642e-02
6.233941477844416601e-02
8.500492814346165271e-02
5.082253533085206998e-02
9.502009610472259005e-02
4.333577914033407558e-02
6.219066114392461653e-02
7.715146154915007715e-02
9.981097430031592166e-02
1.138361075496870517e-01
9.303199242018894699e-02
1.111741384329202192e-01
7.121797159908874186e-02
9.262884510106418612e-02
8.071880841771504611e-02
8.727697320440336304e-02
1.340396940253653912e-01
3.577867268478155532e-02
1.214864906271990452e-01
3.385505102006855505e-02
1.814736595128738084e-01
1.133026156820897551e-01
9.604087286601248330e-02
5.508157478036422583e-02
1.859990823698506879e-01
4.817338887401474701e-02
1.498708414555919577e-01
1.542854404566822712e-01
1.166897086421606194e-01
7.906283626444741974e-02
5.351769649271048007e-02
7.383874151663780139e-02
9.850304857573295714e-02
1.227577936569109046e-01
5.784094327237881278e-02
1.330602724190597108e-01
8.931131897697576483e-02
9.313483439083375393e-02
1.844700797337073817e-01
7.421840457377283651e-02
8.749045824334247823e-02
1.843446395634548152e-01
1.822985089715671581e-01
6.789375472869366157e-02
9.918614739529009461e-02
2.383359748751446017e-01
5.330612052316294203e-02
1.166961084060343518e-01
3.124873405632452167e-02
1.301587106107622294e-01
8.300168751007375167e-02
6.367884760351098794e-02
8.505203277216069613e-02
1.417198589424468191e-01
1.046771227617822181e-01
1.269588739066711547e-01
1.112118693444889839e-01
1.558967588400020365e-01
1.276796834146232962e-01
1.264626353837327577e-01
8.294499941813347765e-02
1.540981295685397712e-01
8.588382157413523843e-02
1.207598073263661254e-01
5.603456301334576450e-02
1.133691237020982151e-01
1.266027545131626075e-01
1.279491781171191445e-01
1.070565033904025687e-01
1.144305109278484500e-01
5.168831532039556975e-02
1.178089920166177362e-01
5.240805115459635372e-02
1.545824541810683905e-01
3.722947987292783006e-02
5.022013877857025438e-02
8.536171336217535099e-02
5.019822762242517195e-02
1.273297643791376776e-01
1.032408804165339533e-01
6.362018392120556698e-02
1.236235514004475206e-01
1.039770904601783758e-01
1.077336086696628614e-01
8.840006793143784236e-02
7.721057815609955188e-02
8.351620383019137117e-02
8.897196902535732532e-02
1.078376176108010592e-01
9.416670862509597673e-02
1.349010081678694017e-01
5.487889314904403903e-02
1.026746376064143762e-01
1.206415392583316815e-01
1.164577659603381193e-01
1.424038096185503699e-01
7.447372683859156128e-02
5.269285379700355820e-02
7.824732311030162257e-02
7.448215324430336459e-02
1.352317013028686288e-01
9.852768038118579763e-02
1.329005266809607233e-01
7.408692779896502989e-02
7.254560697816450632e-02
1.367117780615436373e-01
1.032865685621918994e-01
5.353760484034285339e-02
1.484146870982145927e-01
9.175647983381578221e-02
1.696594584204640099e-01
1.877525955540437774e-01
8.918713592131538581e-02
1.540724061295471736e-01
1.137210671950584645e-01
1.318733389383992538e-01
1.006647021117977880e-01
1.173112305192481469e-01
9.450681687773879180e-02
8.347979324905770160e-02
9.876973385382793735e-02
1.379749426953568170e-01
1.274379097264995431e-01
1.591529126751137224e-01
9.798533641645668091e-02
1.013724629280901707e-01
1.053540504210281059e-01
1.878016997831194468e-01
1.212041809234390977e-01
1.350243340262336778e-01
2.514137124955788116e-01
