6.493237879478732655e-01
6.527384707931459529e-01
6.674520363019157410e-01
5.861500626303682848e-01
6.370388914405561431e-01
6.586584871432219490e-01
5.338462957280699639e-01
3.724271777738791811e-01
5.052869327322189186e-01
4.378291491452310780e-01
4.612209058596128397e-01
4.439655633510493082e-01
2.986439705836356207e-01
3.795956717954285797e-01
3.616441116698026481e-01
2.894652920556221587e-01
3.000121944788769479e-01
1.397838177375884394e-01
1.697646402346755512e-01
1.060851823697341045e-01
1.765525246750457300e-01
2.077231069558273524e-01
2.273332744158028107e-01
9.779339076094829830e-02
1.269968519912023086e-01
2.464037056371636003e-01
1.503842039703038591e-01
1.107292090047753141e-01
1.552322372849597176e-01
7.225941302987297366e-02
7.313446951660976247e-02
9.617255188126391796e-02
8.648438091688206986e-02
8.628034520961748444e-02
5.230336702708271446e-02
5.601379149289698045e-02
6.673209183095531183e-02
6.441252826145331400e-02
7.904703415481831308e-02
7.598032325250639318e-02
1.894920195060704679e-02
8.154431297601751061e-02
8.370311359229021253e-02
5.447535324904251297e-02
9.670782053153458013e-02
1.152737504229115612e-01
1.580276665809959846e-01
7.438433556245910294e-02
8.208524331504224447e-02
8.278068432210052008e-02
4.134715296767323134e-02
4.189182062047543120e-02
3.862748232203981613e-02
3.128083618376758385e-02
1.024105340118918739e-01
2.510345708291019870e-02
4.201028200386706241e-02
5.593938147598498389e-02
2.563357762243578808e-02
9.168720704023630708e-02
7.934444679374461074e-02
5.146641225109790940e-02
5.856561141008981286e-02
6.332707179010285681e-02
2.870309778939083428e-02
2.515169127419466730e-02
1.091975907015081265e-01
6.558169308360474459e-02
3.443301306954746344e-02
5.674083420950631895e-02
4.159268015354756348e-02
5.362831587329711797e-02
2.352067289249419602e-02
5.939783867588165067e-02
2.497817160480031440e-02
5.772574248581461426e-02
9.850901849905270569e-02
3.137937217960912184e-02
7.714826928506768322e-02
5.669167422896195102e-02
4.135270510024013219e-02
3.639562176938430926e-02
5.011788880223923270e-02
7.488580651969710400e-02
5.090114450893698517e-02
3.650655019376605054e-02
6.568680358252071416e-02
5.240006069054318344e-02
2.361403707991392362e-02
7.163444731214228811e-02
5.045430009525676135e-02
9.437520864604222182e-02
4.624116013621872717e-02
4.563882028396858831e-02
8.804926315775729595e-02
5.741234780291658985e-02
4.493878415915729396e-02
5.156165443964345202e-02
1.443668678239559133e-01
3.060114207885440696e-02
1.437544417072068315e-01
5.073698722773343356e-02
4.276245437858866572e-02
5.991770965553189221e-02
9.266624375137343106e-02
5.095917956295873547e-02
4.747494595934842465e-02
9.180034900363420736e-02
5.362165248581583776e-02
8.249180938962889786e-02
2.493408765110954536e-02
5.416251403504649536e-02
5.330792433399885594e-02
3.963737786171867006e-02
5.110072611478661680e-02
7.767554901821867308e-02
4.732334701309854480e-02
3.246644509619367458e-02
3.891188607343355060e-02
5.794169450451078923e-02
8.292982093264164578e-02
2.836492654257581278e-02
9.838677083218165531e-02
5.733651866905381533e-02
3.223730618444016482e-02
5.997940219301926834e-02
2.307972733070885046e-02
3.871052400201269172e-02
4.343108020749575360e-02
6.174366863853483073e-02
2.874327971211044358e-02
6.523089202091861272e-02
8.373047199889936676e-02
2.883973289763755443e-02
3.062675515237422291e-02
5.496751254330702746e-02
5.518923140611006056e-02
4.339317115161744204e-02
8.069627269675617998e-02
7.893620108999870044e-02
2.273481212044484862e-02
5.309180078649810425e-02
4.355358208632120753e-02
1.680860030121462262e-02
1.019875808824344254e-01
3.582112509221088009e-02
2.547486593187044818e-02
3.651316142885033256e-02
3.446058973023227723e-02
7.865203421310648646e-02
7.300064211392491564e-02
7.285092084865876783e-02
1.096766241952338988e-01
6.556492833724100744e-02
8.393335066793754240e-02
3.509245114134026261e-02
8.367208095178428617e-02
5.765060041132790553e-02
1.251487864619818188e-02
7.797101431155994966e-02
6.187859865649202040e-02
3.681430941899780512e-02
3.229882500140737744e-02
2.706850689901194387e-02
3.243503457988801408e-02
6.128068767575140657e-02
3.804908713545958332e-02
7.891247184667690706e-02
5.411451210054822603e-02
3.199462566954472398e-02
6.255564126774273981e-02
5.833632790138967850e-02
9.015482711970990160e-02
1.030135797245907980e-01
9.041649890299383041e-02
7.800099873194007993e-02
9.766652535733946761e-02
1.281812428469932263e-01
3.967741927330405149e-02
3.233250699159313790e-02
1.156427853913025161e-01
7.063271490772130012e-02
1.095863295639615820e-01
8.605315554307670090e-02
1.458823119844793459e-01
1.960645098138729392e-01
3.385196653462486938e-02
1.199053377573717910e-01
1.959152787618616276e-01
1.827078937373388945e-01
1.412674838861285864e-01
1.629863661689136822e-01
1.598762879533526249e-01
2.076750794323016513e-01
2.000324422899525945e-01
1.739336211430619339e-01
2.530412503251255329e-01
2.310626664410125042e-01
2.500684419697500327e-01
1.730257009337806962e-01
2.503337158687302666e-01
2.316436125514968747e-01
2.538530247068598866e-01
1.746026457591786374e-01
2.013642006834950038e-01
2.085129805756422150e-01
1.606086639496221713e-01
1.638327993779654101e-01
1.416892181041957133e-01
1.849718966381085072e-01
1.976621583331871768e-01
1.224630361082747615e-01
3.416071188204008319e-02
1.985889290396245233e-01
1.479498698804573853e-01
8.628981211732916767e-02
1.112381198440503122e-01
7.125192308394309726e-02
1.187139962235025520e-01
3.218804023176242979e-02
3.956225298020632497e-02
1.326122772675414341e-01
1.033042632808411770e-01
7.813983488315910664e-02
9.276224658969144110e-02
1.073988556587254783e-01
9.327806635606028518e-02
6.005897441428048600e-02
6.569599138243628622e-02
3.317247877590143862e-02
5.491574815048792108e-02
8.154485087731117021e-02
3.865890437364500470e-02
6.506892567062887156e-02
3.222753330388828524e-02
2.842593114765830029e-02
3.241937996849256903e-02
3.783896663264000454e-02
6.444214979921990272e-02
7.731100385169387135e-02
1.158263836504206876e-02
5.974970152314811739e-02
8.368146263146711283e-02
3.871953394816922411e-02
8.768765827900519561e-02
7.301235133789471532e-02
1.174830590876131953e-01
7.334984034691419130e-02
7.441508389017974234e-02
7.995195138220083375e-02
3.578988750140366798e-02
3.771505020397187408e-02
2.737957700186444132e-02
3.394671536511296300e-02
1.021633083065295183e-01
1.768491222229962717e-02
4.283486390081272382e-02
5.417144557434411256e-02
2.302641139465010783e-02
8.368829696219130809e-02
7.997623464119381353e-02
4.594433355883320580e-02
5.635810887838943462e-02
5.757018183039287057e-02
2.966046863072403089e-02
2.709159131577070986e-02
9.187174527626094933e-02
6.509902214530748077e-02
3.076308625029363850e-02
5.890856389611057176e-02
4.236177836692447268e-02
4.229918724776395023e-02
2.330518105650334140e-02
5.960714982466382150e-02
2.740899071867274397e-02
5.752302758243628411e-02
9.844837046563920113e-02
2.922904950561609067e-02
7.969669338748873455e-02
5.722455262985032265e-02
4.033595239907398350e-02
3.475420961828382116e-02
4.897816533518022791e-02
7.596472438506141067e-02
5.095154367808875373e-02
3.765983695399702236e-02
5.945501391012987524e-02
5.296058164376248045e-02
2.408462029216938693e-02
7.513582227685147719e-02
5.126702888501651761e-02
9.343592249940935179e-02
4.654499046882712432e-02
4.723254534539843286e-02
8.930206143744640057e-02
5.807125137262718340e-02
4.420088812411016033e-02
5.128400990921694325e-02
1.441626407039365843e-01
3.060114207887357912e-02
1.439584986832287139e-01
5.100913285286783061e-02
4.347554749351906916e-02
5.889985646506890049e-02
9.083175063039726493e-02
4.900026868309846628e-02
4.695753322882433717e-02
9.258128457544620438e-02
5.231937369440399499e-02
7.875594183411419036e-02
2.452381208035089508e-02
5.355309063284071497e-02
5.574256584838920003e-02
3.869808896814934396e-02
5.102119520469924896e-02
7.688361916301478249e-02
4.806754476281811100e-02
3.348157365608912112e-02
3.954485882530177354e-02
5.762700726640357374e-02
8.153766748569772627e-02
2.857688012204332578e-02
9.841129764952764869e-02
5.740710852591931340e-02
2.985005681768991559e-02
5.981137105369357249e-02
2.317114456776518325e-02
3.969828245116386461e-02
4.297364810904764909e-02
6.051573398553982547e-02
2.942136441762862112e-02
6.512674630576562040e-02
8.636697265357330677e-02
2.816163977146491845e-02
3.024252508852406929e-02
5.578850455665984587e-02
5.557378015415477546e-02
4.421130648965022891e-02
8.040590360833363426e-02
8.058281054577698388e-02
2.275383262286769653e-02
5.346828379802136266e-02
4.328095469457689942e-02
1.697825408829416183e-02
1.020513969459928977e-01
3.514246755300776126e-02
2.595733136314055597e-02
3.685338736458663306e-02
3.482049417468138092e-02
7.907428047925582626e-02
7.333926081309034839e-02
7.301543040043133315e-02
1.117874613967445585e-01
6.760423878285375110e-02
8.513691187156602336e-02
3.613959498028774392e-02
8.367510647587667050e-02
5.812023251076908065e-02
1.217291631051034724e-02
7.775353060863209043e-02
6.257935743307907472e-02
3.699036508758626884e-02
3.220485210814552635e-02
2.737541383171138848e-02
3.228287826246861031e-02
6.234215074203305895e-02
3.810755231019820333e-02
7.964793615780871305e-02
5.426662237993797738e-02
3.225015505716426895e-02
6.329028167719795428e-02
5.871501910736882934e-02
9.090688794845318277e-02
1.040611932927977962e-01
9.100353069182307020e-02
7.797907358686495538e-02
9.908861846182036304e-02
1.293074116386084826e-01
3.959441273034069314e-02
3.225602848088019586e-02
1.164301707475911829e-01
7.074466693537950768e-02
1.099493303103757508e-01
8.605582150930975172e-02
1.463450926426893006e-01
1.966539589207965677e-01
3.391293396737489474e-02
1.205227216985264027e-01
1.963158844972102968e-01
1.832495192092195024e-01
1.413478481965244060e-01
1.631813411499185851e-01
1.600427781514858760e-01
2.078703052397636308e-01
2.003575876657851529e-01
1.740956499462216478e-01
2.532409378665201882e-01
2.312066315724740639e-01
2.501344046308837665e-01
1.730257009316499839e-01
2.502670435446109343e-01
2.314971192778234044e-01
2.536468793821550216e-01
1.744302678175202459e-01
2.010236853213231423e-01
2.082896567664349330e-01
1.604095187659903832e-01
1.636052346198731688e-01
1.415596816683956372e-01
1.843830517983595652e-01
1.971914122529437596e-01
1.218030946125285424e-01
3.406824232543006342e-02
1.979197535532029595e-01
1.473832880744235796e-01
8.617810026007921564e-02
1.107793905491256253e-01
7.105835202109657411e-02
1.179667606080465198e-01
3.218729426922178199e-02
3.954159799765388783e-02
1.315259318791808518e-01
1.019112993787626015e-01
7.805616771592509273e-02
9.218037700958577052e-02
1.062635178789987506e-01
9.247798090439082741e-02
5.958600113912933260e-02
6.487131289498304643e-02
3.284625407863219632e-02
5.467743965574291265e-02
8.095944917708110256e-02
3.842773407251647011e-02
6.422862770586029724e-02
3.219573766111281932e-02
2.806267515556296402e-02
3.228728290903210701e-02
3.752070781093164858e-02
6.386102452279920905e-02
7.743253100325016292e-02
1.172605182478732126e-02
5.919302066503491500e-02
8.367968817284034133e-02
3.794118883530630398e-02
8.697214284160256770e-02
7.132848159390918485e-02
1.157055807994418900e-01
7.325798484139225963e-02
7.406505013349057309e-02
7.970856851248485364e-02
3.549053665670072466e-02
3.745576430160264814e-02
2.692347917582275235e-02
3.425357804548809920e-02
1.021346517949747040e-01
1.743901142719970002e-02
4.294507428437584901e-02
5.398600238560012643e-02
2.292226247852073226e-02
8.286536661600056586e-02
8.007703592859104214e-02
4.546182745830579242e-02
5.614419581320229807e-02
5.707049838707899114e-02
2.979930971834892847e-02
2.735237721535115768e-02
9.034679523822124192e-02
6.508903651348077468e-02
3.040102826092113894e-02
5.926792891646900235e-02
4.249859237380389926e-02
4.151873595927264848e-02
2.327359787304112554e-02
5.965051491093605746e-02
2.789933710863638436e-02
5.749471228063498390e-02
9.843955383534133685e-02
2.903528432388425076e-02
8.011088347756067929e-02
5.731377925991599370e-02
4.016231444918595683e-02
3.447452390377111348e-02
4.878011191850987333e-02
7.616009829903541695e-02
5.096430679212073794e-02
3.787613095414983644e-02
5.856710588147862051e-02
5.307709280453155876e-02
2.417489019628526331e-02
7.585046748539607531e-02
5.145809194379202811e-02
9.325860277713257651e-02
4.661895013569827134e-02
4.757166937929901279e-02
8.958504821172920407e-02
5.822283393968860632e-02
4.405482556326711235e-02
5.122881426347813266e-02
1.441218054950048622e-01
3.060114207885474003e-02
1.439993202685896923e-01
5.106388860629678533e-02
4.361962611384179872e-02
5.871968600194923948e-02
9.050241740263216539e-02
4.863202931037390042e-02
4.686653681709516267e-02
9.274599435494507160e-02
5.208933423363031751e-02
7.802258628197854262e-02
2.443836545021747797e-02
5.343283508412585703e-02
5.635752831086455333e-02
3.849882617078763392e-02
5.100624290271584677e-02
7.671091288756522186e-02
4.823471838129171629e-02
3.371266936705224343e-02
3.968870689646195049e-02
5.755459460794183635e-02
8.121152881171984916e-02
2.865688595475117048e-02
9.841747257510191638e-02
5.742577385787640126e-02
2.936489918773212138e-02
5.977332590243898680e-02
2.319373873846498901e-02
4.002303478036479262e-02
4.286514502452914988e-02
6.022935746854871097e-02
2.961493960064149472e-02
6.511032579612749394e-02
8.713692739361993123e-02
2.798781870225937329e-02
3.014584125527210515e-02
5.603328458586383232e-02
5.568530976661986015e-02
4.445201142079092255e-02
8.033345126118847379e-02
8.104152256446829627e-02
2.277407178117129422e-02
5.357271884728818240e-02
4.320970189679852747e-02
1.704791590922561523e-02
1.020685948111259705e-01
3.495917356189082170e-02
2.612089177804222812e-02
3.696160157455698897e-02
3.493800990007736584e-02
7.919707675209228248e-02
7.345921368849578359e-02
7.306278288185136249e-02
1.124720474793443337e-01
6.825850140662098609e-02
8.548930586078498650e-02
3.646536029800630935e-02
8.367598938990536417e-02
5.829052468112129459e-02
1.207949592537342458e-02
7.769088117951121475e-02
6.280422528732805543e-02
3.706505469236718447e-02
3.219694871461747238e-02
2.748447334660648889e-02
3.225074839237252605e-02
6.267745379862402211e-02
3.814437409349059893e-02
7.988068755436183999e-02
5.432675885919267811e-02
3.234269108523466635e-02
6.354504292699333923e-02
5.885108062565858750e-02
9.116394676224121030e-02
1.044197236117945377e-01
9.120001108623032593e-02
7.798182058763757085e-02
9.956161694678541951e-02
1.296807446412700238e-01
3.957578824538596218e-02
3.223725661920597008e-02
1.166899551449880751e-01
7.078919447934807485e-02
1.100786022763391991e-01
8.606590468423458429e-02
1.465082910759066548e-01
1.968573589969036530e-01
3.393585296492855619e-02
1.207320961279765015e-01
1.964551988485566114e-01
1.834339865404646386e-01
1.413785468964320058e-01
1.632489345146817816e-01
1.601008465871751607e-01
2.079375723847563529e-01
2.004671681312018006e-01
1.741504551138360335e-01
2.533079936062418436e-01
2.312548112436860204e-01
2.501564452356813129e-01
1.730257009350509856e-01
2.502448714367691562e-01
2.314484714667144061e-01
2.535786279864475912e-01
1.743735467337453049e-01
2.009112601535584797e-01
2.082171895524223548e-01
1.603454085100472215e-01
1.635316136022216260e-01
1.415198883880013359e-01
1.841898636172027426e-01
1.970391413060764429e-01
1.215858657559620998e-01
3.403950706307487528e-02
1.977016632401117913e-01
1.472009645173127934e-01
8.614790968303458196e-02
1.106324877837342319e-01
7.099881885320025177e-02
1.177144679874619487e-01
3.219186306497359706e-02
3.954116314146131905e-02
1.311601235300340063e-01
1.014438686122789979e-01
7.803415418075818066e-02
9.198505744774948534e-02
1.058891220397175092e-01
9.221249185504601376e-02
5.943290979751765513e-02
6.460038204801568651e-02
3.274096099673783761e-02
5.460187099754928303e-02
8.075444858317475105e-02
3.835967808701552795e-02
6.393416026876957980e-02
3.219466162137894077e-02
2.794367638237258214e-02
3.225456823755289137e-02
3.742077759584615942e-02
6.365862825820162163e-02
7.747795988252677291e-02
1.178389018799155287e-02
5.900845807148476230e-02
8.367903074481311543e-02
3.766494579470169857e-02
8.670775298304714274e-02
7.074127013373099349e-02
1.150856818272380788e-01
7.322365956151181965e-02
7.394516555714010508e-02
7.961804268943846463e-02
3.538526093248653415e-02
3.736327040767048469e-02
2.676652968653254333e-02
3.437218492731535652e-02
1.021235640955292789e-01
1.735764847672692165e-02
4.298847158459320750e-02
5.391526339270218821e-02
2.288888372532232873e-02
8.255220524062782672e-02
8.011770403917160832e-02
4.528254988065572723e-02
5.606382315125343907e-02
5.688539270436631518e-02
2.985483670133518008e-02
2.745561782652956861e-02
8.977893958912354366e-02
6.508818724628401275e-02
3.026436403667348909e-02
5.941558291918941359e-02
4.255494074131241367e-02
4.123894454172478963e-02
2.326090728032670363e-02
5.966878609339661826e-02
2.810934824806538349e-02
5.748348582617274910e-02
9.843602257017773638e-02
2.896472986490122165e-02
8.028057878691027827e-02
5.735055407396125182e-02
4.009046114471611494e-02
3.435884363733446301e-02
4.869785827053219746e-02
7.624195623729962401e-02
5.096998362787426295e-02
3.796745756347879447e-02
5.821246933067523999e-02
5.312737619810478651e-02
2.421319784483038501e-02
7.615818875229861395e-02
5.154291885983913052e-02
9.318361950840510499e-02
4.665196741001061825e-02
4.771916684295372801e-02
8.970976265698482610e-02
5.828990692980338950e-02
4.399238043429071210e-02
5.120519280023517333e-02
1.441043057300173957e-01
3.060114207869962799e-02
1.440168162802847041e-01
5.108738887479243040e-02
4.368152465661558764e-02
5.864474007034720798e-02
9.036493893396477239e-02
4.847651285321086245e-02
4.682882703849015199e-02
9.281750496440069331e-02
5.199377377315444332e-02
7.770971138527422994e-02
2.440138662537871470e-02
5.338152437898309455e-02
5.663768749578136641e-02
3.841218954062529389e-02
5.099996651590196772e-02
7.663529264336485514e-02
4.830848370089279448e-02
3.381500078947617671e-02
3.975237582586024776e-02
5.752243616224589351e-02
8.106598242631102291e-02
2.869692662354744739e-02
9.842028199196152516e-02
5.743436390267991909e-02
2.915635804383541474e-02
5.975655972175227676e-02
2.320397482401549347e-02
4.018282107621636706e-02
4.281664522914929716e-02
6.010175286863897459e-02
2.970649812608242013e-02
6.510427878076366359e-02
8.750386945565487296e-02
2.790822514956553188e-02
3.010183070327532989e-02
5.615057789394062998e-02
5.573828914057301492e-02
4.456696085444499661e-02
8.030058170248836891e-02
8.125701629095746781e-02
2.278588799284961622e-02
5.362171261708305325e-02
4.317690164425420224e-02
1.708433728823491315e-02
1.020765906537412782e-01
3.487389751660388559e-02
2.620261494294593221e-02
3.701457665519177626e-02
3.499602289306957131e-02
7.925556125454615020e-02
7.351977551904416430e-02
7.308526499676430699e-02
1.128099769422761245e-01
6.858063458463115047e-02
8.565758502932781238e-02
3.662415909441536083e-02
8.367641041011593395e-02
5.837747820952146616e-02
1.203606028556142467e-02
7.766113142653396917e-02
6.291497543996577013e-02
3.710486018605648612e-02
3.219673971761420617e-02
2.754001782232453829e-02
3.223769534229286443e-02
6.284180771153063949e-02
3.816560630546464439e-02
7.999483874871245181e-02
5.435830510937431775e-02
3.239014052420804285e-02
6.367397630019049071e-02
5.892069090200780651e-02
9.129340593750968902e-02
1.046004807541297127e-01
9.129828930772160289e-02
7.798487833371368916e-02
9.979781798967456152e-02
1.298669412111537469e-01
3.956805296776644970e-02
3.222904410841671841e-02
1.168193165835068742e-01
7.081270978188869414e-02
1.101446887222449489e-01
8.607257573558414754e-02
1.465914603167075281e-01
1.969602706695075811e-01
3.394777731964886136e-02
1.208374188901037705e-01
1.965258914034862803e-01
1.835269208907428506e-01
1.413946076165786825e-01
1.632832036266465003e-01
1.601303505654239623e-01
2.079716078838589333e-01
2.005221781097854539e-01
1.741780044876581057e-01
2.533416126436950910e-01
2.312789365228718197e-01
2.501674753745376512e-01
1.730257009194679230e-01
2.502337952626853546e-01
