6.676734394101310199e-01
6.619707821245800483e-01
6.702680898277171284e-01
6.581183968439692222e-01
6.530483041738789352e-01
6.682135712927832483e-01
6.551457561207633118e-01
5.912985121035423397e-01
6.437237265201896097e-01
6.235639426451241585e-01
5.659448094959529385e-01
5.723539518994531505e-01
6.164973797208864736e-01
4.974369030274629622e-01
6.283083583726509769e-01
6.218000533921524964e-01
5.130373534814011149e-01
4.737142386912905345e-01
5.313436668467883539e-01
6.406560845158452144e-01
5.362874303209720361e-01
6.359545675446335311e-01
5.920707942053583528e-01
6.040243361466743899e-01
5.758636229412745777e-01
4.468554044562776939e-01
3.557455802509296716e-01
3.578666164682283157e-01
3.331496299694355900e-01
4.241145825916414758e-01
5.865273838053361999e-01
4.344165455311964630e-01
2.286891906521282269e-01
3.663254980848489883e-01
4.690840267573340161e-01
3.667333477528330610e-01
4.434724197740577689e-01
2.317354738254726876e-01
3.926751516777137185e-01
4.382885135856824377e-01
4.647676919086979885e-01
3.752937726096491344e-01
5.053404265537038142e-01
1.387191672850936752e-01
2.370467228787057623e-01
4.053093165569957579e-01
3.546741903197609957e-01
2.034020915237838845e-01
1.891015140773023850e-01
3.055615380384165691e-01
3.665499584631273233e-01
4.264481894096953107e-01
1.626504776418309373e-01
3.085248672630084843e-01
2.775540746832407257e-01
2.176185695395141950e-01
2.047689612588547703e-01
3.184892380396761591e-01
3.015666659238115388e-01
3.836779118477207651e-01
4.214985307413847138e-01
4.734920343647846530e-01
3.474323119249489999e-01
3.373579947878087570e-01
3.642056855677273663e-01
2.301497592025589789e-01
3.171634871512199472e-01
2.235346185346581138e-01
2.845521720024019596e-01
2.683531765816156156e-01
1.747842120732654159e-01
1.533751604729964857e-01
2.343185097884819823e-01
2.112520348492744893e-01
2.445284419523926500e-01
2.563175681436987152e-01
1.699935814632786979e-01
1.570601036346902513e-01
3.093866799487961505e-01
4.136805662161471275e-01
2.994108355880505945e-01
2.999459309748564451e-01
3.369659368446566994e-01
3.567659647322966587e-01
3.484338092897706907e-01
1.368369719540672436e-01
1.434958686238134995e-01
2.416307301439060140e-01
2.773684020780391446e-01
3.132959444441708596e-01
5.123050235112548423e-01
2.640813289307060163e-01
2.179036161256442394e-01
2.004338023304474414e-01
3.178969652652168798e-01
3.038528650047540580e-01
2.163495661146998539e-01
1.291004528615045943e-01
3.505022959172781061e-01
1.414156794648650517e-01
3.490737611613098923e-01
1.293349346957384793e-01
2.198413686236796449e-01
3.027341425560145516e-01
3.132379467904808923e-01
2.037483046860624480e-01
2.196711051353920086e-01
2.702734390296355205e-01
5.059821206126852156e-01
3.015299273120506385e-01
2.820636760371196816e-01
2.455097063775002753e-01
1.477285859286897596e-01
1.390386259659777135e-01
3.513263726616869254e-01
3.635552146663133533e-01
3.453114813332796018e-01
2.806140705182812445e-01
3.134208776211184766e-01
4.239996568731952409e-01
3.049574729194529099e-01
1.549048010597602609e-01
1.671059714325541790e-01
2.472510014734601580e-01
2.416993795497945352e-01
2.011166649742995027e-01
2.288266689114262786e-01
1.533756924363282592e-01
1.714006968857148538e-01
2.455422200598949556e-01
2.640145689110516281e-01
2.100796791130614127e-01
3.011532726626788836e-01
2.313810469881412146e-01
3.494342894376035735e-01
3.181209975078466146e-01
3.531565323388128341e-01
4.648670424940165025e-01
4.320946934765950709e-01
3.686088988603443695e-01
2.862536775818674273e-01
3.181321469861390638e-01
1.887145497974679065e-01
2.119670377675814121e-01
2.660038294587251384e-01
3.139769128640839124e-01
1.633969788083547148e-01
3.907920271699046877e-01
3.605248340158259679e-01
2.817084182491212951e-01
1.889151356582496610e-01
1.997680000632292285e-01
3.474181605680268792e-01
3.960240817247130951e-01
2.379030252504786558e-01
1.285805911024325010e-01
4.715651873240270242e-01
3.703225001473081091e-01
4.506326487330245545e-01
4.034914105812842378e-01
3.869871605595379127e-01
2.156447822805837855e-01
4.151257038826031698e-01
3.589030224447602446e-01
4.400914953423716858e-01
3.422017099289658137e-01
2.214552550042689916e-01
3.928275073238191584e-01
5.506158616133866035e-01
3.927815116442758270e-01
3.205117967961184089e-01
3.335352780947394846e-01
3.407821915735943508e-01
4.012793957575982451e-01
5.352308932128807539e-01
5.687627036282220105e-01
5.616566089731257483e-01
5.921532232621781189e-01
5.083808000974934238e-01
6.038195042028507986e-01
5.115587807813811727e-01
4.460567254691453210e-01
4.659390860167114123e-01
5.881886322585175852e-01
5.893625599308182084e-01
4.604584914042370580e-01
5.848223999327627487e-01
5.357645835199574824e-01
5.212254107061511377e-01
5.984119474840466912e-01
5.809168505941642024e-01
5.448318792888768858e-01
5.974344056205310727e-01
6.103759545629782179e-01
6.148458700887452499e-01
6.061602517171668092e-01
6.154751140256207176e-01
6.272041779590740163e-01
6.300255685353446378e-01
5.695052019028922219e-01
6.303276929561633102e-01
6.277730595572715844e-01
6.167704134743942079e-01
6.078823135096766972e-01
6.164749899318465731e-01
6.129837951872645352e-01
6.006492134006871098e-01
5.475406870411132498e-01
5.849108374251016373e-01
6.005775462644868945e-01
5.249078253024336282e-01
5.392104248684274070e-01
5.882538416073160858e-01
4.644221302648246508e-01
5.940590033431517591e-01
5.923929039452572320e-01
4.716741076984402592e-01
4.498764106746255265e-01
5.141904870822435747e-01
6.099844864419160517e-01
5.128892344870655817e-01
5.991423801014490458e-01
5.669531427946782332e-01
5.751394864262920903e-01
5.425097818068844724e-01
4.089711329611852575e-01
3.439995237327265198e-01
3.388705945206374470e-01
3.234414858351465361e-01
4.000963471565734952e-01
5.587428216851098028e-01
4.020904216907474904e-01
2.231869098588495082e-01
3.486533836808529685e-01
4.480421069692911429e-01
3.610097011708426340e-01
4.227344499953655244e-01
2.199512122934552949e-01
3.887334167268653440e-01
4.136724293483937109e-01
4.550972288765640084e-01
3.718828829626639187e-01
4.815986996056170200e-01
1.316220886431035686e-01
2.375869372599154761e-01
3.993987941709263301e-01
3.500539098530775495e-01
2.010893306470733499e-01
1.889845599680654020e-01
2.903574141987915191e-01
3.629048038541872745e-01
4.039088734188581165e-01
1.630787598688936413e-01
3.116905942052250467e-01
2.706644964955124411e-01
2.143871269163933058e-01
1.952019118970583778e-01
3.182705757403861968e-01
2.929467239398002021e-01
3.751875572087495780e-01
4.270794184864349363e-01
4.687124325069055297e-01
3.504331004848897924e-01
3.266802088022734418e-01
3.561467482888815428e-01
2.307092211048469288e-01
3.087012797485612636e-01
2.161067494057355709e-01
2.733047106484648436e-01
2.559994169364173677e-01
1.729614801370594479e-01
1.533552813521891489e-01
2.313499458094613326e-01
2.058049260432512073e-01
2.432239092479449860e-01
2.519689854262593398e-01
1.686665605318036221e-01
1.561260662143689748e-01
3.074751307792162880e-01
4.178881212638055342e-01
3.049351834004735973e-01
2.915908955794210833e-01
3.403248979802751539e-01
3.594551077007454576e-01
3.495808031574590413e-01
1.376890355418455281e-01
1.451753345729394906e-01
2.431351568941517993e-01
2.791234432131651788e-01
3.086423052106967435e-01
5.098886458139022526e-01
2.663021629586573291e-01
2.185507439604238988e-01
2.015890237756315373e-01
3.161937192562591648e-01
3.034149956856089236e-01
2.175244929694009621e-01
1.291667281941822620e-01
3.500212537241841892e-01
1.414156794649017446e-01
3.495450822363603272e-01
1.292450317815263539e-01
2.186884236559381856e-01
3.030457176526434315e-01
3.146475688647652480e-01
2.026928830846412843e-01
2.191371963014343005e-01
2.683606894541912258e-01
5.078020504061114826e-01
3.047823339742862236e-01
2.806776955978436683e-01
2.444121683911062715e-01
1.465629092558905222e-01
1.384141689724159574e-01
3.505291710948550410e-01
3.616816361442257155e-01
3.430526142542413837e-01
2.853937038394180892e-01
3.095357734921320159e-01
4.212516029297264097e-01
3.060546155862881590e-01
1.554357600643018478e-01
1.677618427702286530e-01
2.491848872312742158e-01
2.423390354925441803e-01
2.028979725622800101e-01
2.297803200536415735e-01
1.533622068692608587e-01
1.719934136323502116e-01
2.495195184938605593e-01
2.675231512002367307e-01
2.123432297646521139e-01
3.040715434169575238e-01
2.311008398116519980e-01
3.519780757284324268e-01
3.213300872237479511e-01
3.520979421595455960e-01
4.663102824024791260e-01
4.301508412490219202e-01
3.710536035137428357e-01
2.887429158571152010e-01
3.181803523386543819e-01
1.910404110652497156e-01
2.128582821633407396e-01
2.676739932504290098e-01
3.131430857944996760e-01
1.632801187521867592e-01
3.953176022933477807e-01
3.613702337560384392e-01
2.846772739794334317e-01
1.889391957350756435e-01
2.002218489695694603e-01
3.483236888738195924e-01
3.971838960030523169e-01
2.377937508031447711e-01
1.295594279490409895e-01
4.747855436746836744e-01
3.708317780706900657e-01
4.520946823964977490e-01
4.067502705385532269e-01
3.875541233119151885e-01
2.169891979350574984e-01
4.175050660803192870e-01
3.595615530219782308e-01
4.425934652219969956e-01
3.442190698231714086e-01
2.219817876357762232e-01
3.956030863153763288e-01
5.530597962946002255e-01
3.949979658574708230e-01
3.213980716451760866e-01
3.351311729723381871e-01
3.417408767559971250e-01
4.034738138484018632e-01
5.373297763905289237e-01
5.706053349663140484e-01
5.631782917216927586e-01
5.941354313810257581e-01
5.096623428717438342e-01
6.055818522517303348e-01
5.122871854460340213e-01
4.471212866275443010e-01
4.675151489240488289e-01
5.893478626626049710e-01
5.906530595216911150e-01
4.615354742236220664e-01
5.857559586486531522e-01
5.366911480764026132e-01
5.222060473732264008e-01
5.989906614026034859e-01
5.819645635584795862e-01
5.455395547538058887e-01
5.982730099301650784e-01
6.110505057048144506e-01
6.152665781971948800e-01
6.066017129047356349e-01
6.158047468441982808e-01
6.273481536557862226e-01
6.301015531002335246e-01
5.695052019033874924e-01
6.302526135191806045e-01
6.276325802450599678e-01
6.164523284844403150e-01
6.074625619147258071e-01
6.160808499898237089e-01
6.123539224024810990e-01
5.998794363277011321e-01
5.468930894233675621e-01
5.839600239712025020e-01
6.000718243144610442e-01
5.240447814238523572e-01
5.384109654079703988e-01
5.874674832150439396e-01
4.635126155520462032e-01
5.929940892857377133e-01
5.914430986363092835e-01
4.703739578161622026e-01
4.490233859511904013e-01
5.135985449512429080e-01
6.086450532258486090e-01
5.119037153459143896e-01
5.976109173257889706e-01
5.658088125993649964e-01
5.737705063169543651e-01
5.409436399190490352e-01
4.072970756069277942e-01
3.433320648854048529e-01
3.377685285873195387e-01
3.228440476250157287e-01
3.986074053789513405e-01
5.570745229010010124e-01
4.001813146960737644e-01
2.228359507772403048e-01
3.473870096322063672e-01
4.464931421328233174e-01
3.605961918720082537e-01
4.212413537156668442e-01
2.191046515301297570e-01
3.884056210801721254e-01
4.117286533645422297e-01
4.542678244015775357e-01
3.715919278785513313e-01
4.796899980924626550e-01
1.310453808192557357e-01
2.376418580164112448e-01
3.988080664265697406e-01
3.495923469878141621e-01
2.008579157574421348e-01
1.889725385514181011e-01
2.888412746104001005e-01
3.625053639995631793e-01
4.016245172097558935e-01
1.631298834897680072e-01
3.120613521656264711e-01
2.698912167411047780e-01
2.139997031614800094e-01
1.941262693587981480e-01
3.182468485972244077e-01
2.918892510125702389e-01
3.741471102701255380e-01
4.278284195978065974e-01
4.681124359079854025e-01
3.508382121234292494e-01
3.253428585952066188e-01
3.551130847706351901e-01
2.307990708989029194e-01
3.075702929161215904e-01
2.151678430130592734e-01
2.718680524282525712e-01
2.543976916278499201e-01
1.727224208194907962e-01
1.533555571485613334e-01
2.309614294289755454e-01
2.050877091579751399e-01
2.430207986528335473e-01
2.513184626121880982e-01
1.684591915261375583e-01
1.559719147124586647e-01
3.071584924470789901e-01
4.186196330357419004e-01
3.059215563002380400e-01
2.902086581717228109e-01
3.409147981518164117e-01
3.599333335893742936e-01
3.497845941333990738e-01
1.378432585505247332e-01
1.454735847685455497e-01
2.434069961329158871e-01
2.794492046550607345e-01
3.078137429900629218e-01
5.094472255258818416e-01
2.667262920699185469e-01
2.186726055635662413e-01
2.018138090009990449e-01
3.158726353203606951e-01
3.033360333628935535e-01
2.177581586632309774e-01
1.291814407045192847e-01
3.499256304251535110e-01
1.414156794648766258e-01
3.496399278567631774e-01
1.292284297176130581e-01
2.184565169057711420e-01
3.031146398524512398e-01
3.149452726467584784e-01
2.024760777688738023e-01
2.190243474952622560e-01
2.679611440068307981e-01
5.081962673303959122e-01
3.055006880973002437e-01
2.803812396517593730e-01
2.441724461913394595e-01
1.463050296312391474e-01
1.382779237696672714e-01
3.503528689454648015e-01
3.612675261540602700e-01
3.425488835533804788e-01
2.865016995554280910e-01
3.086786193341640727e-01
4.206341450459198938e-01
3.063087566062232536e-01
1.555590242775699850e-01
1.679189595496204668e-01
2.496584757229614870e-01
2.424924805190073751e-01
2.033631117583971637e-01
2.300304884582445586e-01
1.533599780272426050e-01
1.721481899031120089e-01
2.505553860250469000e-01
2.684419382259932707e-01
2.129386043816701712e-01
3.048216104590664721e-01
2.310330614066640476e-01
3.526422652000768543e-01
3.221748596421966648e-01
3.518270328769607103e-01
4.666899046076601332e-01
4.296522449364061358e-01
3.717013962905805213e-01
2.894020715963467882e-01
3.181937717708986924e-01
1.916730771299055003e-01
2.130960207831556763e-01
2.681284373162766133e-01
3.129190710573170886e-01
1.632488777224471721e-01
3.965817883880089489e-01
3.616016817118391513e-01
2.855093999118783477e-01
1.889458968364820246e-01
2.003490104367392777e-01
3.485773396505194022e-01
3.975086905184566644e-01
2.377632707662745426e-01
1.298454340563754139e-01
4.757280284038713503e-01
3.709792834424149310e-01
4.525171627819725706e-01
4.077053641358288627e-01
3.877188356978718553e-01
2.173892238855462400e-01
4.182122419564738292e-01
3.597573461406830542e-01
4.433342362505059420e-01
3.448186214499492919e-01
2.221408629403161805e-01
3.964485349542476444e-01
5.538027041407748152e-01
3.956687748085571665e-01
3.216665531679766543e-01
3.356176908508314294e-01
3.420337601687204465e-01
4.041602885149236934e-01
5.379825844615148123e-01
5.711777699985771672e-01
5.636524665651155841e-01
5.947573244225737854e-01
5.100639201744110451e-01
6.061324366956964971e-01
5.125186124385489039e-01
4.474582731397635516e-01
4.680176115899545852e-01
5.897168099494561888e-01
5.910644858209399555e-01
4.618807494501146471e-01
5.860550613845598722e-01
5.369897197188753246e-01
5.225235268524373033e-01
5.991777025189654049e-01
5.823061992848462820e-01
5.457707562352959174e-01
5.985471762999247103e-01
6.112719079136549327e-01
6.154047669415723121e-01
6.067472086434017031e-01
6.159137504318261680e-01
6.273958827005882144e-01
6.301268137538871272e-01
5.695052019156853218e-01
6.302275204462615132e-01
6.275854985497496541e-01
6.163454631313077803e-01
6.073210854505923795e-01
6.159475792369998315e-01
6.121407902457782768e-01
5.996180066325801361e-01
5.466730054425765761e-01
5.836363171320961829e-01
5.998982761289761712e-01
5.237490446685406642e-01
5.381358822773737449e-01
5.871955611785164564e-01
4.631982677031120099e-01
5.926242876279014249e-01
5.911127852904013436e-01
4.699224133684014038e-01
4.487253878143209196e-01
5.133922988598080828e-01
6.081722068045143370e-01
5.115565930610199707e-01
5.970719721114919887e-01
5.654039730472998349e-01
5.732850413296787240e-01
5.403886930216537099e-01
4.067063536667910872e-01
3.430924219714380219e-01
3.373722366856501953e-01
3.226282429108370819e-01
3.980692360468788826e-01
5.564732512723415958e-01
3.994941997101804088e-01
2.227088864147390712e-01
3.469235846441096616e-01
4.459248932463714121e-01
3.604448426792391524e-01
4.206948684072124300e-01
2.187949556580712218e-01
3.882839080041380897e-01
4.110107986109741152e-01
4.539588485136665241e-01
3.714836479294160720e-01
4.789841469533201446e-01
1.308318828210639495e-01
2.376627335241378036e-01
3.985840138304310720e-01
3.494173020068969127e-01
2.007701497271638658e-01
1.889679640563400598e-01
2.882664468925063561e-01
3.623520295080318032e-01
4.007567341933025995e-01
1.631497451827039202e-01
3.122050205649673504e-01
2.695934144557671774e-01
2.138490594489653174e-01
1.937119374382657855e-01
3.182377778046901473e-01
2.914766465704645704e-01
3.737412410750823311e-01
4.281248553215440400e-01
4.678775431152956688e-01
3.509987014339190914e-01
3.248194842926758752e-01
3.547070503711065026e-01
2.308356277767395492e-01
3.071230175439839116e-01
2.148000151955163362e-01
2.713042217494140429e-01
2.537675622300470946e-01
1.726282942770206996e-01
1.533559018924122996e-01
2.308085851362391416e-01
2.048051760356449646e-01
2.429382708975215133e-01
2.510561191875483877e-01
1.683748807522157387e-01
1.559085656711070855e-01
3.070282731604013216e-01
4.189234487080629732e-01
3.063335216331378175e-01
2.896403483900903408e-01
3.411603356393813624e-01
3.601329197626157996e-01
3.498696299135517496e-01
1.379078679220182291e-01
1.455980225313471543e-01
2.435208392326125848e-01
2.795864374579608014e-01
3.074678614109643271e-01
5.092619231035984129e-01
2.669061111573332590e-01
2.187241081123056374e-01
2.019095226453830327e-01
3.157369034122008422e-01
3.033030064152975047e-01
2.178581664487354852e-01
1.291878924586599420e-01
3.498847086096853465e-01
1.414156794654057581e-01
3.496806354112101944e-01
1.292214573902172314e-01
2.183569937366488523e-01
3.031449022778619495e-01
3.150745659267021326e-01
2.023825625641531845e-01
2.189753269072773345e-01
2.677880963294461125e-01
5.083685779351463374e-01
3.058162545887541106e-01
2.802520751332008841e-01
2.440674405179451556e-01
1.461916956542320400e-01
1.382182615340132592e-01
3.502753940010173150e-01
3.610855756938488037e-01
3.423270398046016627e-01
2.869947469783003524e-01
3.083022055595343036e-01
4.203616834566576421e-01
3.064218235151324743e-01
1.556138974094800342e-01
1.679895090775378741e-01
2.498724588136875535e-01
2.425614104504627000e-01
2.035771234915291217e-01
2.301457320391834260e-01
1.533591109881885239e-01
1.722194128626704235e-01
2.510319080283747728e-01
2.688652955922160581e-01
2.132132946058141465e-01
3.051653351097447509e-01
2.310025701132373821e-01
3.529480673219765330e-01
3.225647712907755982e-01
3.517030429348946274e-01
4.668650805808745030e-01
4.294238922822231075e-01
3.720010023164297963e-01
2.897068760399632570e-01
3.182000690921077402e-01
1.919680687028041399e-01
2.132062027320884845e-01
2.683403519929164482e-01
3.128150203439642452e-01
1.632343894717632193e-01
3.971762280547208590e-01
3.617098205111951570e-01
2.859011098139932483e-01
1.889490447701609177e-01
2.004088618461524196e-01
3.486967192336541954e-01
3.976615419437074528e-01
2.377489449142559941e-01
1.299819049765577328e-01
4.761779935813239550e-01
3.710494635381401674e-01
4.527180290064005685e-01
4.081615947336991179e-01
3.877972867591551465e-01
2.175812777378273444e-01
4.185516426772372678e-01
3.598513228901670247e-01
4.436893093709129987e-01
3.451063719753169057e-01
2.222176350534093292e-01
3.968577231306963937e-01
5.541620128020982028e-01
3.959927314116832853e-01
3.217962534186076251e-01
3.358532371959956353e-01
3.421756637140344059e-01
4.044956447412413891e-01
5.383008551074360826e-01
5.714567439661721870e-01
5.638838034147269918e-01
5.950614590266098958e-01
5.102602270741813939e-01
6.064013005349234708e-01
5.126322992046934424e-01
4.476236032627993744e-01
4.682647563212306019e-01
5.898981735661756876e-01
5.912668558003056907e-01
4.620509238198313162e-01
5.862024453256365897e-01
5.371371487621489083e-01
5.226805601998170125e-01
5.992701610639925569e-01
5.824756256259628895e-01
5.458854966430565225e-01
5.986832743785649447e-01
6.113819734351765289e-01
6.154734836660761266e-01
6.068196494486802761e-01
6.159680897349464335e-01
6.274196982435255032e-01
6.301394314333680358e-01
5.695052018806094907e-01
6.302149614489839236e-01
6.275619097085026743e-01
6.162918721593731997e-01
6.072500513389605947e-01
6.158805836197975836e-01
6.120336190674661170e-01
5.994863657473284979e-01
5.465621555813264809e-01
5.834731647730218018e-01
5.998105382672633823e-01
5.235996188687136454e-01
5.379966705808553185e-01
5.870576847020972933e-01
4.630389116283934459e-01
5.924364753066773126e-01
5.909449327026007337e-01
4.696930770073309280e-01
4.485736901231938689e-01
5.132874186863674026e-01
6.079305090007497414e-01
5.113793187707322829e-01
5.967968310264075704e-01
5.651968639161092378e-01
5.730364525811677545e-01
5.401046158155375920e-01
4.064044662833078414e-01
3.429691023424215612e-01
3.371681803828265878e-01
3.225169207970716712e-01
3.977915522459209430e-01
5.561633697270994547e-01
3.991402740365542767e-01
2.226432817403211362e-01
3.466832657773058490e-01
4.456299177957884217e-01
3.603663542186453794e-01
4.204114618651313973e-01
2.186343825717598499e-01
3.882204139540970655e-01
4.106371494801895339e-01
4.537974484703817257e-01
3.714271106372576403e-01
4.786165533865536781e-01
1.307206489607044275e-01
2.376737298635370199e-01
3.984660949851484002e-01
3.493251798719525514e-01
2.007239592617894586e-01
1.889655531313077230e-01
2.879639655795198649e-01
3.622709190180372629e-01
4.002997242796448862e-01
1.631603053461359309e-01
3.122813227114908941e-01
2.694356682193450037e-01
2.137689343352216220e-01
1.934924471574881177e-01
3.182329891662257770e-01
2.912568644972251541e-01
3.735250684314677661e-01
4.282837342860275065e-01
4.677522429835544449e-01
3.510847547932912094e-01
3.245403415269831893e-01
3.544901430879454085e-01
2.308554550641272740e-01
3.068833749021624979e-01
2.146037518297742586e-01
2.710031411319301364e-01
2.534307266094806277e-01
1.725779658057681187e-01
1.533561439494822709e-01
2.307268951667455492e-01
2.046540789631908497e-01
2.428935236149940557e-01
2.509143486449279536e-01
1.683291545122766464e-01
1.558740424040200301e-01
3.069572832910510973e-01
4.190898110168310708e-01
3.065596781907306556e-01
2.893305695658735521e-01
3.412949208820190705e-01
3.602424504854182530e-01
3.499162921989396047e-01
1.379433865858752661e-01
1.456663039503923451e-01
2.435834140910186629e-01
2.796620736075149383e-01
3.072780238004147457e-01
5.091599591969401262e-01
2.670055104281325309e-01
2.187525357695554451e-01
2.019625359711035573e-01
3.156619758367867901e-01
3.032848655345807831e-01
2.179136910547110340e-01
1.291915142903266589e-01
3.498619894648359874e-01
1.414156794517177351e-01
3.497032663267437003e-01
1.292176213359415016e-01
2.183016685733097095e-01
3.031619055479637392e-01
3.151468440289511563e-01
2.023304540596781442e-01
2.189479205123569805e-01
2.676914836942507758e-01
5.084651966853502847e-01
3.059936223227635588e-01
2.801797583379109224e-01
2.440085011104811685e-01
1.461279815967799489e-01
1.381847780832461126e-01
3.502318423391658775e-01
3.609832998522687353e-01
3.422022000921390306e-01
2.872735894196229434e-01
3.080906751213628447e-01
4.202082169777133225e-01
3.064857639858723504e-01
1.556449367740077860e-01
1.680295819932741685e-01
2.499943751398192304e-01
2.426005723214498810e-01
2.037001346705556160e-01
2.302120100105079503e-01
1.533586553840150524e-01
1.722603537469106216e-01
2.513058104579738439e-01
2.691088364109894826e-01
2.133714128256599118e-01
3.053625346226715442e-01
2.309852363098116035e-01
3.531239156031083515e-01
3.227892648605220072e-01
3.516319503331911678e-01
4.669659278469517893e-01
4.292929219765275750e-01
3.721736777306381416e-01
2.898825292072002568e-01
3.182037227267750512e-01
1.921387769081862873e-01
2.132697741484366194e-01
2.684629931497321542e-01
3.127549229106492690e-01
1.632260270489825638e-01
3.975216850235966937e-01
3.617724642513606703e-01
2.861288785816100133e-01
1.889508739402780690e-01
2.004436723447032553e-01
3.487661312516216472e-01
3.977504113487586590e-01
2.377406256435520282e-01
1.300618034572570969e-01
4.764415117799914445e-01
3.710904878205497082e-01
4.528354156112133766e-01
4.084288658468824829e-01
3.878431839719417851e-01
2.176940708270092284e-01
4.187509417848069293e-01
3.599065051994127518e-01
4.438976841144591790e-01
3.452753570491453594e-01
2.222628417406906087e-01
3.970990462624837125e-01
5.543738448939342645e-01
3.961835710056700877e-01
3.218726676536632914e-01
3.359921843915786299e-01
3.422594037550280577e-01
4.046943771574499360e-01
5.384892644724588173e-01
5.716218676926199116e-01
5.640207945422157643e-01
5.952417885878017456e-01
5.103766044483923903e-01
6.065605967446813240e-01
5.126998732050063179e-01
4.477217872763372131e-01
4.684117385786397136e-01
5.900059935552129931e-01
5.913872056707111247e-01
4.621522282891923905e-01
5.862901826069776279e-01
5.372249905637608292e-01
5.227742016453724716e-01
5.993252989831129307e-01
5.825767827371519658e-01
5.459540307563746087e-01
5.987645726701318338e-01
6.114477569363471199e-01
6.155145717006548223e-01
6.068629739748271357e-01
6.160005903754185441e-01
6.274339514782411031e-01
6.301469697718857788e-01
5.695047189655551012e-01
6.302073929787208595e-01
