5.581466694438074194e-01
5.593357585863799608e-01
4.545489463791912987e-01
3.302243228815192611e-01
2.420550007777015622e-01
4.392113093131436163e-01
2.661418685549108987e-01
1.242536223193180800e-01
1.238521735070547275e-01
1.215122133172294866e-01
1.235282543258846705e-01
1.034510940543440644e-01
9.744858241517459496e-02
9.250092593619005377e-02
8.378984280518593508e-02
9.757671141274162907e-02
1.138396856078673774e-01
4.895918255521701512e-02
6.709581770605162199e-02
7.134426688889557167e-02
9.062623383202306204e-02
7.573025375641617707e-02
2.162841447375140475e-02
5.016311936775822572e-02
2.381767234496264679e-02
4.631386182111075361e-02
1.010352100571725587e-01
6.362676819747491164e-02
2.283796275897328684e-02
1.889491097084909296e-02
3.667139724822301300e-02
3.265782176053450003e-02
2.996977291204740851e-02
2.759726966378310553e-02
2.087521671958201055e-02
4.034598513813864723e-02
2.984356570150998103e-02
3.170263550743888242e-02
1.988591554979787096e-02
4.218851231270956403e-02
1.900427891151326362e-02
3.171743000980165039e-02
5.645818805700990317e-02
1.443795506853955135e-02
1.521859041551718722e-02
1.775355165024294565e-02
7.106411388716983579e-02
2.888236902092967268e-02
1.336392787091911054e-02
2.567662102515047215e-02
3.181327161459433089e-02
1.253355773634880731e-02
4.040606373862933032e-02
2.821897860632790675e-02
2.048455108838980604e-02
2.522571670495452056e-02
2.377614216879810408e-02
2.870171774112325810e-02
1.646318258899274675e-02
3.022398243479111971e-02
2.809628485036861148e-02
2.899407632560192793e-02
1.281580620482507087e-02
3.957813577867690114e-02
1.121434979712645011e-02
3.185165058451184389e-02
1.755503779358389901e-02
2.658363684739170271e-02
1.045130172769881058e-02
2.486098358243290021e-02
1.530204724217325285e-02
1.886169849044915664e-02
1.167969017253402651e-02
2.836029752279250332e-02
1.623506390316322226e-02
1.620192622018669718e-02
1.315894376654607595e-02
3.187220263658559899e-02
1.165656798145985051e-02
2.347952952778504035e-02
8.498230618946823328e-03
1.520244395699226446e-02
1.351549093244225862e-02
1.050696451259331039e-02
8.032007097950686486e-03
9.351805871172113108e-03
3.395974080938316680e-02
1.523898501509540065e-02
1.201915863006716712e-02
3.184552727793255045e-02
4.076405860146427307e-02
1.776183902572914253e-02
3.086868588821194137e-02
1.472886136440205301e-02
8.696815324294178418e-03
2.945516524176552617e-02
1.256596393026631654e-02
1.114561684057679795e-02
7.923002498748551309e-03
1.685536374701221765e-02
2.791438654304028918e-02
1.108467159394804259e-02
1.251168428359591966e-02
2.980589815812869151e-02
8.590689606581384391e-03
1.438186766910193835e-02
2.972023681145009519e-02
1.666912412543060384e-02
4.286912813728945698e-02
3.258570334775499205e-02
1.133417192555432641e-02
1.439399553258994408e-02
3.370282928280500523e-02
8.415001786902607389e-03
6.880151040765222943e-03
1.012828594033380117e-02
1.498063530098864629e-02
1.681348877975004721e-02
7.375192579880524707e-03
2.345556502413663480e-02
1.223220184354033464e-02
3.160681412856964495e-02
1.294319471073672630e-02
1.440422073020414251e-02
1.688958467132150448e-02
2.933604169741655526e-02
1.274079069377987913e-02
1.981423136698026374e-02
1.431188771143636178e-02
2.518197542242535739e-02
9.955221383172407207e-03
2.683390680696821906e-02
1.854341036490112643e-02
2.990972596211420934e-02
1.115744704680347345e-02
3.147864769859207851e-02
1.236524836566099857e-02
3.193764991318805840e-02
2.942570972963745937e-02
2.534925942992181588e-02
1.221948621197863939e-02
2.720041850594991789e-02
2.248607938700966993e-02
1.990288137276073968e-02
1.561134668036151529e-02
2.697897808541697626e-02
3.732085057060367111e-02
1.184250821716531510e-02
3.187381343682730434e-02
2.042969477556134950e-02
1.189389586412786456e-02
2.573412775609104988e-02
4.243207542945413857e-02
1.030365615739540879e-02
1.147779706288874595e-02
1.286867439493395542e-02
4.328289684879198240e-02
3.149815546030056840e-02
9.356056277783852959e-03
3.975102475430414284e-02
1.195529047796855746e-02
2.587878658731422934e-02
2.734651263906085969e-02
7.886386431639533581e-03
1.210075337002788562e-02
1.806412362259813068e-02
1.735871019970445725e-02
2.200690769509686118e-02
2.601945368561738026e-02
1.551136672851493106e-02
7.339656987374759169e-03
4.193848733440732474e-02
5.440836508811496691e-02
1.345788576307548057e-02
6.608111219796037987e-03
5.813597239366318642e-03
5.921275193103406678e-03
5.671453168737075612e-02
4.952985363420515236e-02
7.525428608014869160e-03
1.787210820778644543e-02
1.642605210883289063e-02
1.844215557536939276e-02
9.819609046192513332e-03
3.292042862277912152e-02
1.166664386551525059e-02
4.680832589844129837e-02
2.494522628700259967e-02
6.174507280618390243e-02
1.811898004021506026e-02
4.120672355003028586e-02
1.431931286792826989e-02
6.375854424720743541e-02
4.043891916197259878e-02
5.743734236441053881e-02
1.167106378702025271e-01
1.051735138387541457e-01
1.662759650478120438e-02
5.565226607171580575e-02
2.405703041187290392e-01
5.563650955930733027e-02
1.661260264850853569e-02
1.049854796333662965e-01
1.162164788588924969e-01
5.701158797756593344e-02
4.008883556230261047e-02
6.311129225034974033e-02
1.415167663384086887e-02
4.069151038978254670e-02
1.778717411014866037e-02
6.095821748185355216e-02
2.444089141389535133e-02
4.565518754796445144e-02
1.133441334654980426e-02
3.194269636899743636e-02
9.515549705435487685e-03
1.777533381564601334e-02
1.579592322556486531e-02
1.720659725240092364e-02
7.079776748820625597e-03
4.804086345239102357e-02
5.523028970564085316e-02
5.499686906216280126e-03
5.347886164867947031e-03
6.102611456200294528e-03
1.288782554227474279e-02
5.476527142063714049e-02
4.224257218845841461e-02
6.874894427133944851e-03
1.462786523325772074e-02
2.653698916702385002e-02
2.165761830425218595e-02
1.734433947554231414e-02
1.791789456582622633e-02
1.141213980931568561e-02
7.201101753401696615e-03
2.706115223524095323e-02
2.650266142780601311e-02
1.202466560134740278e-02
3.984272108330345896e-02
7.962817729496659766e-03
3.074791752002918946e-02
4.475484851024491562e-02
1.205965458144642177e-02
1.131119734936792895e-02
1.044581385353319722e-02
4.426142192235633932e-02
2.578717307972738793e-02
1.196248546440787687e-02
2.130602966729854691e-02
3.177262962131257445e-02
1.179544607342948061e-02
3.843297794244970866e-02
2.743129545759525473e-02
1.639342485742613723e-02
1.996975783496235043e-02
2.271530106778843830e-02
2.755268316785947774e-02
1.277109979510004760e-02
2.680716356476639181e-02
2.870968367782958039e-02
3.057255731100798346e-02
1.243119987206408109e-02
3.302442040073529789e-02
1.091142320262973586e-02
3.075405751590033418e-02
1.808568249236178552e-02
2.660512447548766396e-02
1.019236887451269863e-02
2.494617468005555505e-02
1.475215839142936247e-02
1.920248152985049028e-02
1.219202411825122921e-02
2.880077867701357278e-02
1.642997001775617361e-02
1.534250810945571655e-02
1.306220540733491961e-02
3.173306470159423937e-02
1.184467448748073928e-02
2.346947599730128328e-02
8.053123050667633856e-03
1.568975859519608149e-02
1.371931635646332290e-02
1.035373808620604005e-02
7.594344814129890507e-03
8.835999783690384052e-03
3.376846333461714506e-02
1.492621153693478135e-02
1.176691565614984558e-02
3.200073937337923058e-02
4.123883304811368222e-02
1.738858515696092150e-02
3.047940390546137121e-02
1.460687917460737340e-02
8.661114509575771475e-03
2.957232827885460449e-02
1.254785537318908913e-02
1.112528427969979028e-02
8.511387637810731779e-03
1.686172606246166480e-02
1.904425758766861709e-02
1.110496919706212456e-02
1.252976215904104754e-02
2.968923919627577263e-02
8.625739975138449478e-03
1.449113337061943250e-02
3.009663659037890501e-02
1.702434338897284433e-02
4.192362611795107108e-02
3.224621831105927566e-02
1.153963969638589770e-02
1.464613182620633225e-02
3.368639835433713536e-02
8.507290039346464272e-03
7.213855008871225723e-03
1.022937630005660292e-02
1.418848796417450896e-02
1.622877771100779062e-02
7.684834706345999682e-03
2.346171509594276519e-02
1.203855458482085139e-02
3.165352921483120807e-02
1.299394215154976370e-02
1.478284398561892365e-02
1.667133825474788680e-02
2.910868595429250485e-02
1.251668983865507519e-02
1.952724980143201450e-02
1.447684580805400079e-02
2.507497571443726217e-02
1.004761445533672651e-02
2.672740221667345428e-02
1.836808348210586250e-02
3.022294667245446764e-02
1.103678474045582079e-02
3.187479040600953856e-02
1.237348745631241566e-02
3.141447811058618866e-02
2.914627645638507777e-02
2.581444089272624115e-02
1.233868146594584506e-02
2.729795973843309950e-02
2.253745751540698825e-02
1.982677605331282719e-02
1.581558080683212464e-02
2.713464031831348128e-02
3.770186897339908305e-02
1.180705607711030232e-02
3.182808480954138486e-02
2.066656862988248966e-02
1.189085156004988583e-02
2.570671470859587152e-02
4.283630615634208272e-02
1.031003792112287522e-02
1.139884455082598377e-02
1.259363276844747102e-02
4.366465611077196413e-02
3.124266458173199923e-02
8.926505758130422533e-03
3.976205642628284631e-02
1.195422016939197071e-02
2.604717752779385845e-02
2.725128130001740895e-02
7.686210154485349604e-03
1.189586341997150160e-02
1.800599591609320857e-02
1.733684993248425441e-02
2.189054258406265482e-02
2.614855821354811899e-02
1.525873000021647254e-02
7.206781432001760530e-03
4.200135666947288349e-02
5.447767424368694933e-02
1.329985529637407911e-02
6.470246857567797834e-03
5.687260100315787333e-03
5.808306144604329438e-03
5.631682806125504204e-02
4.913240624593606665e-02
7.407897766755355481e-03
1.769884541499544897e-02
1.626290780206720785e-02
1.826993608080206694e-02
9.741420389964913426e-03
3.266924250065836310e-02
1.158170277295319898e-02
4.651386817902525284e-02
2.481654581440570495e-02
6.154441728941388579e-02
1.803462365576844265e-02
4.107664575857049305e-02
1.427700526883577369e-02
6.359533804130630685e-02
4.035079506503270325e-02
5.733026700255147712e-02
1.165866495831195393e-01
1.051264399280461698e-01
1.662384550068520678e-02
5.564832610442020655e-02
2.405703041187120250e-01
5.564044784767700064e-02
1.661634857363541301e-02
1.050324228861912457e-01
1.163395711563704749e-01
5.711739233635623053e-02
4.017575602221912234e-02
6.327171996993732894e-02
1.419318965953518877e-02
4.081904752680927395e-02
1.786873624438444635e-02
6.115103738160102692e-02
2.456441293758819880e-02
4.593738556816689272e-02
1.141561555329224063e-02
3.218049753889253711e-02
9.589431084673957773e-03
1.793664340880166824e-02
1.594797261258742993e-02
1.736627005241829849e-02
7.185286605114962408e-03
4.838884889842157144e-02
5.557573302240911145e-02
5.597854061057267946e-03
5.454928139040979632e-03
6.218134635263343826e-03
1.301569314541146070e-02
5.465768458998254697e-02
4.215466303219363858e-02
6.975655931611385134e-03
1.481940311406037755e-02
2.640789579422882574e-02
2.171865731895268256e-02
1.733157042518225499e-02
1.793510139017867946e-02
1.155453320209037273e-02
7.346172439615723804e-03
2.711126484975349624e-02
2.635860003459868789e-02
1.199156019022907214e-02
3.981038795518463541e-02
8.240253349813561265e-03
3.087788354816569172e-02
4.440372136724643481e-02
1.220036210621608559e-02
1.132204642779130292e-02
1.038689549990097147e-02
4.376793238601577735e-02
2.574341048404002810e-02
1.193119088032314201e-02
2.110663017286858872e-02
3.178343862339502029e-02
1.178991053579422563e-02
3.823754149593844298e-02
2.735225437011567021e-02
1.621073669676509690e-02
1.988676563500717254e-02
2.265731040405318322e-02
2.747584113414703114e-02
1.262561081140904477e-02
2.652854365841768314e-02
2.881420087784089881e-02
3.077960735991211796e-02
1.241071452234282849e-02
3.266387482166611955e-02
1.093188675193330732e-02
3.062020090717803428e-02
1.815516535039913421e-02
2.662907016159637985e-02
1.015721185624276178e-02
2.497275072120658940e-02
1.468331412152363603e-02
1.926999276797140490e-02
1.226810886327196065e-02
2.887078870492989710e-02
1.647854001640774654e-02
1.521153088928168216e-02
1.304673074145350220e-02
3.171352628635450144e-02
1.188323133935458020e-02
2.346776681396810574e-02
7.973997295158239892e-03
1.579365310583022083e-02
1.379064266335366766e-02
1.032675784287073045e-02
7.514046082859418899e-03
8.754371813420057380e-03
3.374369894299297096e-02
1.486774646939032982e-02
1.171957243055922991e-02
3.204251735068407159e-02
4.135759852023560001e-02
1.731501592056309755e-02
3.040233404029720962e-02
1.458322377755767382e-02
8.654013568722272731e-03
2.959573062688324041e-02
1.254423550300413047e-02
1.112121986475570444e-02
8.226256253032361923e-03
1.524882393757689969e-02
2.668940590031297633e-02
1.110903081538573700e-02
1.253337957468783799e-02
2.966587717463598298e-02
8.632788881855925703e-03
1.451377240265866453e-02
3.017267600516948534e-02
1.709647069869359506e-02
4.176767450830292522e-02
3.218974514830966194e-02
1.158325717783126665e-02
1.469977421178325291e-02
3.369463014756307606e-02
8.556419542142246898e-03
7.285916793368507963e-03
1.025222938158507242e-02
1.407125383560938435e-02
1.611715914105178032e-02
7.753310062448540499e-03
2.346312088722550190e-02
1.199965207235759689e-02
3.166620745371848816e-02
1.300593855737915659e-02
1.487752948046588107e-02
1.662416190424350834e-02
2.905474843309586302e-02
1.246163688317281949e-02
1.946511511409295542e-02
1.452029625039045514e-02
2.505059702904594010e-02
1.007121734609714783e-02
2.670344847763440888e-02
1.832269158599019593e-02
3.030604597499807554e-02
1.100997001987082807e-02
3.201001319221482427e-02
1.237860863544057791e-02
3.127908348775405856e-02
2.907447330230547231e-02
2.595129436876204843e-02
1.238407105201508665e-02
2.732965372551452582e-02
2.255688463555850440e-02
1.982165988912384241e-02
1.588349168811421450e-02
2.717819245558150687e-02
3.780879427103545076e-02
1.180029567243434316e-02
3.181737359017813155e-02
2.074345925557495585e-02
1.189429485582910694e-02
2.570600096895553008e-02
4.298287696990001072e-02
1.031780405679740692e-02
1.137952579291820823e-02
1.251526687700158132e-02
4.379063741113288499e-02
3.116987562268585740e-02
8.797649061832673797e-03
3.976805482282490256e-02
1.195717327243914566e-02
2.610136460371284203e-02
2.722365005280612954e-02
7.624315834905032695e-03
1.183305194736070792e-02
1.799029024932887605e-02
1.733267658855658366e-02
2.185664452122914464e-02
2.619175844918819954e-02
1.517973396980436783e-02
7.165225998980964683e-03
4.202452705932976929e-02
5.450405268585252483e-02
1.324965683793736908e-02
6.426126270469672587e-03
5.646723960925604038e-03
5.771841779561044834e-03
5.618841657642137388e-02
4.900384820569433225e-02
7.369670873080939183e-03
1.764214753108409375e-02
1.620938381736703252e-02
1.821337025376874169e-02
9.715687650504373218e-03
3.258653854237351238e-02
1.155367371475536642e-02
4.641664744442452334e-02
2.477404393217321615e-02
6.147812559902533780e-02
1.800671609451513777e-02
4.103347696323360327e-02
1.426296227697209859e-02
6.354114394664858723e-02
4.032151027405737193e-02
5.729467004827559079e-02
1.165453868143472016e-01
1.051107583193647832e-01
1.662259554235323220e-02
5.564701290711938225e-02
2.405703041185366375e-01
5.564176073907199649e-02
1.661759759150662277e-02
1.050480802937819591e-01
1.163806680033211277e-01
5.715275392340675442e-02
4.020481792045866448e-02
6.332539954513077829e-02
1.420708551369219072e-02
4.086174584341953353e-02
1.789612640556793519e-02
6.121587822302342746e-02
2.460595961221580946e-02
4.603233639071176858e-02
1.144295236387894536e-02
3.226072352525658632e-02
9.614366428727457239e-03
1.799118972749226900e-02
1.599944297448316691e-02
1.742045284064116725e-02
7.221289917337250092e-03
4.850825893440921521e-02
5.569447971130495750e-02
5.631582540675599338e-03
5.491900457373964303e-03
6.258129952001453659e-03
1.306032224958069213e-02
5.462425113188255216e-02
4.212688662714697552e-02
7.011296532003545579e-03
1.488714699467438840e-02
2.636471984384508235e-02
2.174239255002547236e-02
1.732939038382988808e-02
1.794329913024957091e-02
1.160586308479344929e-02
7.397943036837887482e-03
2.713063160973822746e-02
2.630891583122971569e-02
1.198238955204639598e-02
3.980057623005548578e-02
8.341406193134339245e-03
3.092793981215941415e-02
4.428371013235676834e-02
1.225444288083310344e-02
1.132911059337393146e-02
1.036973692944597944e-02
4.360598355746209132e-02
2.573167275032637105e-02
1.192189550918543867e-02
2.103703418915313719e-02
3.178828582725978097e-02
1.178961262208712280e-02
3.816350042132637260e-02
2.732226048156158327e-02
1.614738399292553819e-02
1.986474021611930527e-02
2.263735951953449455e-02
2.744840426617783935e-02
1.257660997302492006e-02
2.642555220429890564e-02
2.885606482441322243e-02
3.086124181343192011e-02
1.240388834198118302e-02
3.253778376771585684e-02
1.094207874373014956e-02
3.056801938413341094e-02
1.818255431103443440e-02
2.663965711176736681e-02
1.014327182693638973e-02
2.498415615315814631e-02
1.465637564273577186e-02
1.929859501734330213e-02
1.229875299821571628e-02
2.889934753490573660e-02
1.649949238485707431e-02
1.515866783250806316e-02
1.304041038166001316e-02
3.170578860972671914e-02
1.189980740037055104e-02
2.346706038851629691e-02
7.940977713377995670e-03
1.583879581052455299e-02
1.382450809263978224e-02
1.031553423149414971e-02
7.480306346631080544e-03
8.721703962073635089e-03
3.373439602814278654e-02
1.484307901187414264e-02
1.169958084168527465e-02
3.206153202827775189e-02
4.141114289918345487e-02
1.728359657003996144e-02
3.036938356761220703e-02
1.457316253960632725e-02
8.650974299245781443e-03
2.960575711667614435e-02
1.254268430852073686e-02
1.111947815874050373e-02
8.467642827243099593e-03
3.936981055650876082e-02
1.551398390677161294e-02
1.111077172576318065e-02
1.253493008349175139e-02
2.965586179469194630e-02
8.635813815349252520e-03
1.452355364638082541e-02
3.020534258131858663e-02
1.712749280550165606e-02
4.170389708547355551e-02
3.216668300613920173e-02
1.160222270861706317e-02
1.472311370517430558e-02
3.369938033439964786e-02
8.580167599379465854e-03
7.317389222760197105e-03
1.026231704618092710e-02
1.402476966185203441e-02
1.606989011041735568e-02
7.783400130792876744e-03
2.346374394921146855e-02
1.198298324797197542e-02
3.167206819183504551e-02
1.301130556250982076e-02
1.492044727075581348e-02
1.660366086800102448e-02
2.903059379420667996e-02
1.243673916201663322e-02
1.943801814748767273e-02
1.454035428513822566e-02
2.503986556698493612e-02
1.008201397363545603e-02
2.669297271523436710e-02
1.830184461103957425e-02
3.034449487328502032e-02
1.099837708918598687e-02
3.207744952253041570e-02
1.238142996021382967e-02
3.121690932416465447e-02
2.904163230163351803e-02
2.601671401034884312e-02
1.240738815773758871e-02
2.734523639246098925e-02
2.256680265949714478e-02
1.982197580023363492e-02
1.591723715637002531e-02
2.719868255163036472e-02
3.785914830781247215e-02
1.179764678765404633e-02
3.181264470249674237e-02
2.078141954604917352e-02
1.189664679084776779e-02
2.570689967606797771e-02
4.305785166435608519e-02
1.032257341368779564e-02
1.137098986918147654e-02
1.247825811583920183e-02
4.385327976376711401e-02
3.113551034039839516e-02
8.735622745300772665e-03
3.977141823243777324e-02
1.195919901705738524e-02
2.612810476879024596e-02
2.721053705274715032e-02
7.594208689352291257e-03
1.180259962527721411e-02
1.798306937951850773e-02
1.733112553048465204e-02
2.184054320638020852e-02
2.621337452758917136e-02
1.514115473911102280e-02
7.144930667414734447e-03
4.203649665944463043e-02
5.451781889645869461e-02
1.322500190768615899e-02
6.404394934254245032e-03
5.626739224490762310e-03
5.753825241846709931e-03
5.612496695990742968e-02
4.894028382451687947e-02
7.350730728721589780e-03
1.761399266415442783e-02
1.618277974749469938e-02
1.818524236452616696e-02
9.702882297040953813e-03
3.254537604722076288e-02
1.153971194177646521e-02
4.636820990219932964e-02
2.475286565654578885e-02
6.144508997600162808e-02
1.799280157633709187e-02
4.101192808994404138e-02
1.425595187538221398e-02
6.351408571288479077e-02
4.030688466806002512e-02
5.727688928773091992e-02
1.165247678891808553e-01
1.051029193218017549e-01
1.662197063069592237e-02
5.564635634361680266e-02
2.405703041130073105e-01
5.564241719900138439e-02
