6.498594834761496630e-02
6.760607605192822667e-02
6.628883325783334335e-02
6.416079487215946286e-02
6.905790755660802527e-02
6.189726263555567903e-02
6.272330981478596579e-02
6.586841069138762994e-02
6.445811339868096068e-02
6.144681099446615280e-02
6.956446975145363920e-02
6.629728048879751645e-02
6.775140418984040847e-02
5.253718379979039482e-02
6.619408908523831403e-02
6.830934023235410435e-02
6.482779443036107425e-02
6.423859303294955636e-02
6.838201307792378392e-02
6.531584667844191061e-02
