1.171788810149258959e-02
1.394873286836850051e-02
1.349126279492575582e-02
1.288174930868176728e-02
1.250304485673537323e-02
1.228923000196476510e-02
1.388346148736031155e-02
1.199833672850363943e-02
1.186727582393631159e-02
9.747888643903360878e-03
9.805194564050628836e-03
9.900137874278467157e-03
8.862405562368428150e-03
1.205467099499178338e-02
1.246538658838774495e-02
1.390770542331957495e-02
1.178853086279857409e-02
1.260274479924803660e-02
9.468839095297039085e-03
1.247532315181141237e-02
