4.438123904645544515e-01
4.121356910740749946e-01
4.120620564192892799e-01
4.440114195092262905e-01
4.420880169499286083e-01
4.405385150096496893e-01
4.435771410143848348e-01
4.437272455025909057e-01
4.118281587427556345e-01
4.122231095111159038e-01
4.436411066507267575e-01
3.843964904521889880e-01
3.840756467568981480e-01
4.020186717751156880e-01
4.037193095699231349e-01
4.249873519666482191e-01
4.263557353939781414e-01
3.812642916284579298e-01
3.796007933523620204e-01
4.439475160948001542e-01
