4.348289344722359312e-02
4.392833292593611993e-02
4.125389071771284888e-02
4.244627997308684370e-02
3.934685567287297264e-02
4.036120158914432987e-02
4.539618222095415101e-02
4.631015626111402439e-02
4.935855181490907129e-02
3.310728103581711546e-02
4.731317987736555902e-02
4.806055258029753863e-02
4.359293704536477965e-02
4.632888151071180155e-02
3.042983115751268092e-02
4.305981847279866104e-02
4.270528654113239092e-02
3.771292083557958863e-02
4.469292540505020311e-02
3.929878931045956841e-02
