1.617240354440152850e-01
1.778489634918928308e-01
1.648799134214283535e-01
1.683152751887982690e-01
1.761935763510786568e-01
1.668538028732322598e-01
1.741059187690562338e-01
1.722076625042665288e-01
1.661313933323491643e-01
1.680128147556061990e-01
1.602727295682914721e-01
1.755371415737377039e-01
1.608729738594087966e-01
1.727638500188881931e-01
1.593941213077617602e-01
1.695073829007220645e-01
1.695363997227370689e-01
1.781793860806086538e-01
1.577327187604949110e-01
1.694624643339242287e-01
