1.540811576139404331e-02
1.423453728732611105e-02
1.422843289210139021e-02
1.541896098655008880e-02
1.532905654125304648e-02
1.527917247319583206e-02
1.538408127808650432e-02
1.539785015580124802e-02
1.403942147181905763e-02
1.405233969214043574e-02
1.540227029238116357e-02
1.332696364668631804e-02
1.332212146313521001e-02
1.390900532314486709e-02
1.397275618976035610e-02
1.496221557373349220e-02
1.502978162847855986e-02
1.322309695745393400e-02
1.316329979712604382e-02
1.541786419512942811e-02
