2.394535017194814319e-01
2.390059560116346848e-01
2.324160801367292917e-01
2.348438427882155177e-01
2.369429585741893440e-01
2.367342281277665106e-01
2.357654528402878535e-01
2.255463847820643186e-01
2.369495459068823306e-01
2.328410930474152929e-01
2.361342965373397218e-01
2.384581535981080969e-01
2.336550165626990749e-01
2.380499224220669341e-01
2.336013793523969151e-01
2.283642606119418994e-01
2.347911964705820809e-01
2.344939394573670177e-01
2.349921103388277754e-01
2.237842936818033590e-01
