2.095815877519309756e-01
2.031404629708205012e-01
2.140065725172832778e-01
2.094585273097816780e-01
2.125115515974894398e-01
2.116329146153101415e-01
2.076850980390463619e-01
2.140745698625961257e-01
1.894350878949061512e-01
2.023996839110479562e-01
2.140008919714163071e-01
1.929394872200671518e-01
2.038607175809177274e-01
2.104879872888171799e-01
2.145163896728413955e-01
2.068990467703530622e-01
2.017951090482727750e-01
2.165114256417187133e-01
2.081648586987693006e-01
1.870063375021735752e-01
