1.540812329406230502e-02
1.423440661577772028e-02
1.422828181600856862e-02
1.541910108457216280e-02
1.532909576146430225e-02
1.527921788720591929e-02
1.538409497816033665e-02
1.539781575885181865e-02
1.403954503549355998e-02
1.405207956412469344e-02
1.540227004618799876e-02
1.332700574696865821e-02
1.332211830467575943e-02
1.390873162007246443e-02
1.397289231021269645e-02
1.496226767529566272e-02
1.502948911893442832e-02
1.322309070622440866e-02
1.316329484540677656e-02
1.541786320905311723e-02
