1.570612214174867960e-01
1.707852759369920259e-01
1.468815349147120919e-01
1.387371280916649408e-01
1.613750420499907856e-01
1.537051049704637185e-01
1.235002430334906920e-01
1.675260496417695644e-01
1.628194715753166211e-01
1.711986771874034197e-01
1.415712322481431917e-01
1.583146566078406647e-01
1.343646334992163183e-01
1.517783434071667548e-01
1.570227766381976919e-01
1.126511300331792531e-01
1.565970997533824016e-01
1.672101343207649804e-01
1.591104940447730098e-01
1.606345286761376168e-01
