2.159884950091179312e-01
2.032492645212730653e-01
2.264437724309245614e-01
2.200379453206559588e-01
1.880605224294911726e-01
2.180499186662221700e-01
1.659010600519547629e-01
2.141016169013768011e-01
1.973557198471908025e-01
1.963366064074139605e-01
1.985644328647269696e-01
2.367767417612951786e-01
2.077777013303558074e-01
2.113890261108228030e-01
1.874547372913249188e-01
1.916994972282523024e-01
2.261424595917811420e-01
2.137646108665983424e-01
1.997195771321079727e-01
2.229871578524569575e-01
