6.866496132727530066e-03
1.010442860793539857e-02
9.461088352403258794e-03
9.278801075673290266e-03
7.505596940407997797e-03
9.131924874197859532e-03
1.031737395543805974e-02
9.687311573119543676e-03
6.801884869293125559e-03
9.713478973161899371e-03
8.232526344195129422e-03
8.006695182167984995e-03
9.531130224847968874e-03
8.292232406607983469e-03
1.057874308564010941e-02
7.983966323588335273e-03
8.860478117500226319e-03
9.407538884028654111e-03
9.229337117713240848e-03
1.069783807359881746e-02
