7.155648867640358735e-02
7.193128541819437949e-02
6.970149737018105363e-02
6.910572000508034829e-02
6.886361131773449662e-02
7.148070869961008211e-02
6.934352681197072932e-02
6.913434726253486762e-02
7.254176493834764428e-02
6.874468336714746608e-02
6.968860801166174013e-02
7.201551053925232815e-02
6.863852902450945370e-02
6.717599280567283782e-02
6.873071560600015062e-02
6.694626632666053623e-02
7.120493975916894480e-02
6.980109627267915007e-02
7.089560539905556680e-02
6.842768992577533127e-02
