7.248390387412013969e-02
4.860821746840003621e-02
4.106652996431767177e-02
7.520465223774007446e-02
5.502941204567149414e-02
7.517832729570898820e-02
7.652975729640089375e-02
7.078810651301324641e-02
6.318147339788073025e-02
7.426576414207047838e-02
7.240656010137061505e-02
7.600740287598492517e-02
7.577803558300026665e-02
7.646049092368983890e-02
2.347793499865891143e-02
6.419194818408006931e-02
7.257412750820593783e-02
6.151417662303889505e-02
7.790134739632363636e-02
7.215079783165490035e-02
