1.622542969165156612e-01
1.579913235091755797e-01
1.688079875281695008e-01
1.650201449240338014e-01
1.613514762189686425e-01
1.482603740579913620e-01
1.261706712782281470e-01
1.640340179110137131e-01
1.609074204633325345e-01
1.521388706710491701e-01
1.715585710352792170e-01
1.444709178558702678e-01
1.527160234977756881e-01
1.745602609662370575e-01
1.681055141150400167e-01
1.487475415750982022e-01
1.573779851553507581e-01
1.698171338469852965e-01
1.661379373431947359e-01
1.612557715788203727e-01
