1.092396195024451511e-01
1.070306685386002293e-01
1.068660604360363031e-01
1.023705208152807522e-01
1.140157160726529284e-01
9.887723187893668331e-02
9.450929807878959144e-02
1.041923398257993266e-01
1.065759934403480574e-01
1.058645704310321595e-01
1.131842195841645388e-01
9.763073643411397662e-02
1.058732272334966112e-01
1.116625690765232076e-01
1.097062781246720825e-01
1.041989801084466372e-01
1.097978515250876558e-01
9.838536175449930088e-02
1.061637111255870208e-01
9.565567808259085869e-02
