1.375884029711025858e-01
1.650861114661043849e-01
1.764951312866201716e-01
1.662489444510449887e-01
1.521253892006926012e-01
1.739903633728848154e-01
1.751994095310121791e-01
1.522461787333279637e-01
1.641571495152659710e-01
1.588995320934755151e-01
1.697056173161948511e-01
1.731679366635600348e-01
1.577022925692433963e-01
1.702389248562879986e-01
1.800181106877249970e-01
1.724704543734377482e-01
1.763293915264469158e-01
1.738668551442577592e-01
1.757540749368681765e-01
1.728086676515134257e-01
