3.217897593529442379e-02
4.215469856828742146e-02
4.049717081854016520e-02
3.836244258882461067e-02
4.010153229282095028e-02
3.659259027193067365e-02
4.290202250996775352e-02
4.200270472809998490e-02
3.526606210468703068e-02
3.933402830108289477e-02
4.319955216631522071e-02
3.863161803744189632e-02
3.266956246788108725e-02
3.714182139389825971e-02
3.643357235109771775e-02
4.402930708406784660e-02
4.064634341613308083e-02
4.228112319085413490e-02
4.423609559157167664e-02
4.499510412030027773e-02
