1.269438717856341270e-01
1.287388938220422885e-01
1.311769540125536926e-01
1.250680773539745161e-01
1.263648516626635909e-01
1.253130959774873543e-01
1.320830750131805620e-01
1.287883890878310511e-01
1.212160538507094931e-01
1.307737439265480583e-01
1.211675698236015924e-01
1.194306035271286426e-01
1.298161775332586365e-01
1.247955611456740277e-01
1.061449366288797908e-01
1.226636281885588736e-01
1.233243228126829766e-01
1.211248711493103786e-01
1.209319114715917270e-01
1.227831455434943292e-01
