6.113167065537307432e-02
5.748982322981685544e-02
4.885871849805003414e-02
5.654869781384829625e-02
5.753571347556554055e-02
6.168508441544287568e-02
5.203288731432115927e-02
6.174605775038752298e-02
5.472804011006974362e-02
5.422577732833133712e-02
6.061559661997758391e-02
5.634598440128701924e-02
5.591999467292018550e-02
5.695757079499638720e-02
5.775397537719875740e-02
5.554238771036903305e-02
5.870456454861740225e-02
5.629850659574113514e-02
6.015187584885539618e-02
5.452430267524734087e-02
