1.010279757668259004e-01
1.126210912331800651e-01
1.062380515310626938e-01
1.005697154778749935e-01
8.944559678373152634e-02
9.822355355099529617e-02
1.107949239630433153e-01
1.064249393998303733e-01
1.060193027027805102e-01
1.073268779693433428e-01
9.855154467266453999e-02
1.064734027542824646e-01
1.078497955443579320e-01
1.096234125955074662e-01
1.075438211448816045e-01
1.090767798992740012e-01
1.082284806481090128e-01
1.071913237704119476e-01
1.078643399319553359e-01
1.098235846804585247e-01
