6.971845967070675054e-02
7.081201921255833587e-02
8.634495621084777028e-02
8.193735208863427155e-02
9.080238175267596468e-02
8.091941325444830524e-02
6.989144612500496068e-02
7.183427664313429828e-02
6.357512690628293328e-02
8.678678062002909144e-02
8.732685760413463893e-02
9.166438462182736890e-02
8.463549304743285540e-02
8.049069786390798675e-02
7.040559896459577804e-02
7.046190097031732047e-02
7.514659300913832662e-02
7.416420354205875698e-02
8.057849061542898816e-02
4.099461448179084200e-02
