7.117161668483391358e-03
2.119950187080727431e-03
1.327815857522424148e-02
5.573287699470591376e-03
1.124392851653401894e-02
2.497492498771603040e-03
6.040054483424840519e-03
2.716068776837402433e-03
6.684338324429234951e-03
4.825189401853644672e-03
7.797680025829436222e-03
2.493498739901169221e-03
2.396170222545744403e-03
4.476073125982347502e-03
4.182308238807250916e-03
7.919845991465867749e-03
7.003991261511356183e-03
4.565854703093450914e-03
9.666361026645845303e-03
8.666959751079174670e-03
