1.540811728444882803e-02
1.423449541406075596e-02
1.422838509021192091e-02
1.541902240502091188e-02
1.532909020764632729e-02
1.527921924289838210e-02
1.538410212861930984e-02
1.539781190717493496e-02
1.403949458492661020e-02
1.405210997668313727e-02
1.540226963745761589e-02
1.332701644561899885e-02
1.332212406131453274e-02
1.390888175664068728e-02
1.397281356114032924e-02
1.496224763130925110e-02
1.502956155271990141e-02
1.322308485798014133e-02
1.316330170528238683e-02
1.541786249430338387e-02
