1.540811671566659838e-02
1.423453294347535626e-02
1.422842685266215157e-02
1.541897326512531655e-02
1.532906909854693002e-02
1.527917294857039469e-02
1.538408696954210279e-02
1.539783992817051958e-02
1.403944872511933908e-02
1.405208361498339401e-02
1.540226966077576885e-02
1.332698903257722133e-02
1.332212921488897667e-02
1.390898409410278556e-02
1.397276534242609773e-02
1.496219024720252082e-02
1.502973803047614153e-02
1.322309405921366469e-02
1.316330135684775672e-02
1.541786189740580217e-02
