2.235535768059621065e-01
2.132943745840591432e-01
2.087384867805528454e-01
1.996987941772059016e-01
1.995905914939276327e-01
2.050330502796206544e-01
2.197781673823634152e-01
1.935148660918289132e-01
1.990369875262512633e-01
2.135487539735992646e-01
2.177519974512384937e-01
2.176275547040311398e-01
2.222649781577988870e-01
2.112185040739440467e-01
2.036970842824986916e-01
2.132030841085299222e-01
2.069280558823652916e-01
2.033576357595492379e-01
1.851891128946321352e-01
2.200786959197033599e-01
