1.872440964810069552e-01
1.591075839585847640e-01
1.779939567141450019e-01
1.904237751430098990e-01
1.845438318925111953e-01
1.677978449955812579e-01
1.655747540477283120e-01
1.910921172019615089e-01
1.930359621840848361e-01
1.913830411880971805e-01
1.680575519147331220e-01
1.897890983068440396e-01
1.649362606736188286e-01
1.567798836843005417e-01
1.728351315575188119e-01
1.923061500819358838e-01
1.740111199600880010e-01
1.951596496494966138e-01
1.856538905547098495e-01
1.794494188496985054e-01
