8.367326322128965099e-02
1.059377078582347947e-01
9.422074319184148283e-02
9.462256576290946353e-02
9.475643313325674000e-02
1.041089288530297613e-01
1.010820225661624022e-01
9.338486655081422450e-02
1.013695923496760742e-01
9.227948084791286198e-02
9.225348328542561094e-02
1.075413556238135754e-01
1.052427846982897375e-01
9.570744547592019424e-02
1.003701146658685095e-01
9.688698671244846961e-02
1.000078684500662757e-01
1.040298503903969163e-01
8.703633231348446853e-02
1.020805872161617972e-01
