1.540813722332944925e-02
1.423456005834017844e-02
1.422845755378507847e-02
1.541894882100490992e-02
1.532905765260462322e-02
1.527915300987356222e-02
1.538407447230979649e-02
1.539786306831814403e-02
1.403946347396287271e-02
1.405238099242284329e-02
1.540227089500322520e-02
1.332696423649631923e-02
1.332212180297364865e-02
1.390909928595007901e-02
1.397270570709291219e-02
1.496218374157533282e-02
1.502980957586996964e-02
1.322310167682200568e-02
1.316330157521851223e-02
1.541786839860418562e-02
