2.955888084019774320e-01
2.761482424013199100e-01
2.581393944336883850e-01
2.880765185954368146e-01
2.979782156220487921e-01
2.668826638901171666e-01
2.806834648769087615e-01
2.662459173566190107e-01
2.723592830114146546e-01
2.810416838780877558e-01
2.946887374564415296e-01
2.907910932594184872e-01
2.720751347848975321e-01
2.699882856391974673e-01
2.869374235244246951e-01
2.639786497392096476e-01
2.996316812997318335e-01
2.808488990899380977e-01
2.937075825608531088e-01
2.949852945414974115e-01
