2.158540449020389385e-01
2.698709820122361935e-01
2.675228181258342830e-01
2.515101009095105922e-01
2.666251921423937743e-01
2.599851844947292934e-01
2.729300362183358919e-01
2.664119038891464841e-01
2.703107742420002291e-01
2.728742556548370279e-01
2.430787275410778714e-01
2.638537318871795878e-01
2.730883280306933836e-01
2.671341542874583475e-01
2.471629411810143118e-01
2.644448541859517054e-01
2.556896976423399526e-01
2.484714354383356916e-01
2.774108428492844669e-01
2.681468917017998388e-01
