2.696909888953172296e-01
2.959791017168250105e-01
2.657043425661836933e-01
2.700643878375657003e-01
2.646608738002508288e-01
2.674658542185670562e-01
2.623099483859173131e-01
2.909667913656087679e-01
2.802173011281812731e-01
2.726681728221512224e-01
2.763376918957813899e-01
2.726807858691783215e-01
2.943206614394778819e-01
2.778678925710853509e-01
2.554354033129959123e-01
2.844203297510836670e-01
2.942983822457682086e-01
2.961861028180338140e-01
2.804494871798220434e-01
2.715339892495100549e-01
