6.525506377653719214e-01
6.588069941555237952e-01
6.430917548465866496e-01
6.665401445184250262e-01
6.099631429223663082e-01
6.180353453571724165e-01
6.299465096547213205e-01
5.503881837276022315e-01
5.755524107414597967e-01
5.877210782749449081e-01
3.602285217504078707e-01
4.672536987093330318e-01
3.778317983862938267e-01
5.753508743154258642e-01
3.766397637951089394e-01
2.675219692439378405e-01
2.760870665371182864e-01
2.668876316436837315e-01
3.924915195635545473e-01
3.173657373503916412e-01
2.152376048187847613e-01
2.244181528945869697e-01
2.094202828770881653e-01
2.570376296236611680e-01
1.410405248338515161e-01
2.683999467218465274e-01
2.128180408832464898e-01
1.389244626388173032e-01
2.087833942772840401e-01
1.715848049638436235e-01
1.658925961168071228e-01
2.833313673770299079e-01
2.088833159762142067e-01
8.322395793931515462e-02
1.358954240891055154e-01
1.557417286791378808e-01
2.702091045458315244e-01
1.434878654728930225e-01
1.667612350084161643e-01
5.307938222752048296e-02
8.958445993263040863e-02
1.665591439975485366e-01
1.485009659126013404e-01
9.547262082670518457e-02
9.744151292731788316e-02
1.195358724380640586e-01
4.873786507803448687e-02
2.242171462079824706e-01
7.816834258717968165e-02
1.983322124488853810e-01
9.783423000247339074e-02
9.841713147287244057e-02
1.207998301160235211e-01
9.702969054786925174e-02
1.633244704118789192e-01
1.043832676771852958e-01
9.307405395525186753e-02
2.182911163127604637e-01
7.137359296949652432e-02
1.305666977385128713e-01
3.613766753282787042e-02
4.880154364816667589e-02
3.712091895583479600e-02
4.258528858443993287e-02
1.327993483901977190e-01
7.672808184824260469e-02
4.314017806094729707e-02
9.038253857141982650e-02
2.615652675520776377e-02
9.823960870059073036e-02
4.582790133180460190e-02
2.800689637950189506e-02
9.260183681153727475e-02
3.336597993719709471e-02
2.924291691624929246e-02
3.952351720944021624e-02
4.382459310819591253e-02
8.212993238397098272e-02
3.016723942366116018e-02
4.715357553162386611e-02
1.204240018857379198e-02
7.549113212584383781e-02
9.474600975304111466e-03
4.077215648800860265e-02
4.185167361040590533e-02
2.723767664507084629e-02
5.803188371199638484e-02
8.189272122951163357e-02
4.265524474646801428e-02
6.473631854960094911e-02
5.416972885393384757e-02
6.966576512184477488e-02
6.145890752182882333e-02
4.263004184837953375e-02
5.763681097433141082e-02
2.888934714709572374e-02
4.766238213059646733e-02
7.895906225650876908e-02
4.101197124432529040e-02
4.384772043447804357e-02
8.418987895822953316e-02
5.948737994121876954e-02
4.854990594542423626e-02
1.754359262445554651e-02
2.067353638598559001e-02
2.618620668756794015e-02
6.935095238340935331e-02
4.985909514229180245e-02
1.931374116102014746e-02
1.563477011039946310e-02
3.060863562522252862e-02
5.210391487591390508e-02
1.262658196093585129e-02
2.100561437668535883e-02
2.796969075637869076e-02
1.281525789266742613e-02
2.214457538233123232e-02
7.405322860820306996e-02
3.633366455067842116e-02
2.712504071055253305e-02
4.921344704641002210e-02
5.520763977089798713e-02
2.573320622468549396e-02
2.928384081075934009e-02
2.510332263966816649e-02
3.166353590489850989e-02
2.530030757479186793e-02
2.305420986907871436e-02
3.199204023191400820e-02
1.435154889469330772e-02
1.257584551793771918e-02
3.962703537645297786e-02
1.909316069547584843e-02
1.721650653477319395e-02
2.349593858074119218e-02
2.445533655614013507e-02
2.837041710475348907e-02
2.984787549874410445e-02
2.467449084838645515e-02
2.079634007677395868e-02
3.340121622857788325e-02
2.625555969820326727e-02
1.876556976560595294e-02
1.176058233048908608e-02
4.977184354302421898e-02
4.448619454179519872e-02
3.605669776654246705e-02
4.464594266724172117e-02
1.248908580240023006e-02
1.248836303518317987e-02
3.938761569833524462e-02
3.297417451806958222e-02
1.989243863430038492e-02
2.886287078114875559e-02
2.089850642021657059e-02
5.387050830427631692e-02
1.568968608980516807e-02
4.671298188719342354e-02
1.513422794764086345e-02
2.834583711448185328e-02
2.117159413343682947e-02
5.236931553146179086e-02
5.557041224164410709e-02
2.067635255007882478e-02
1.649345549677934050e-02
1.819781085286945738e-02
1.406587651987817496e-02
2.505894435683817326e-02
2.236390206301758568e-02
3.744290322088855705e-02
2.545057225477090346e-02
1.825327509688291425e-02
3.245205358159066605e-02
3.284340179126030851e-02
2.755404554611703971e-02
6.918634394805298592e-03
1.180741907759461085e-02
3.581722726887657388e-02
4.030504224030444921e-02
2.157733570696358447e-02
1.677487471952564604e-02
2.522715004746129211e-02
5.295768747013852168e-02
2.312058159144110558e-02
2.426093238414456926e-02
3.172441178640166698e-02
2.281941014178006863e-02
1.810162229046608992e-02
2.518330643118417769e-02
4.475207090597374537e-02
2.356665294786440892e-02
2.870630022729419445e-02
3.721884735238457226e-02
2.261629207008721693e-02
1.490152116118620765e-02
2.578082721982133743e-02
4.820416930493695573e-02
4.317088178011618815e-02
3.401852924780392196e-02
1.655120512944351086e-02
3.401057332266352318e-02
4.285849534010475331e-02
4.743575436348940882e-02
2.536849361386733781e-02
1.468990341314007318e-02
2.153562429536753572e-02
3.554465869586052179e-02
2.995903219442873702e-02
2.784325290448667195e-02
4.734664088647162067e-02
2.475876708902778611e-02
1.738898909255996716e-02
2.547958978326978971e-02
3.413977365860371149e-02
2.625704639770210652e-02
2.373747471938572259e-02
5.126484263084351428e-02
2.681082624276175455e-02
1.746775495464559722e-02
1.992235598704353294e-02
3.835160725958382949e-02
4.124591091530323272e-02
1.246750961722064080e-02
6.885598995443890230e-03
2.900014254083141743e-02
2.665396216699881735e-02
3.125379773722996440e-02
1.981868893085822828e-02
2.555036305775301719e-02
3.883777452630372135e-02
2.337310081249885721e-02
2.366167348547568161e-02
1.577405238071394322e-02
1.623322256083149090e-02
1.668819894998955014e-02
1.945594303668556763e-02
4.901115639745601965e-02
4.801653340545604387e-02
2.137237440743898487e-02
2.897084725225548829e-02
1.773304232480658188e-02
4.971767950071822456e-02
1.418246327128804864e-02
5.455728202610886368e-02
2.324516081461195510e-02
2.866825899328027602e-02
1.918512575870322950e-02
1.946472217885129863e-02
3.272259531216835382e-02
1.272097170190082845e-02
1.611865309221998180e-02
4.438555575127827585e-02
3.709140701141697832e-02
3.777301824248920081e-02
5.512231853727293795e-02
1.154011893473898785e-02
2.035772817801242626e-02
1.911443770424285996e-02
3.435600041316650560e-02
2.171554010374849783e-02
3.204466681131130923e-02
1.889394959816034086e-02
3.087183431926778313e-02
2.339919013500543071e-02
2.245227183765805684e-02
1.437163985605341941e-02
1.670007512124846438e-02
3.001466996126246622e-02
1.441986633219118248e-02
1.531337757618563174e-02
2.700254545631202915e-02
1.792574826632904045e-02
1.873116356225975124e-02
2.748375627694906592e-02
2.756365137448725522e-02
2.759541384508355441e-02
2.169658563928228076e-02
5.048045723849078903e-02
4.958804487093166485e-02
2.678155475174750708e-02
2.306599047307730799e-02
6.065161376408888944e-02
1.582765296073884373e-02
1.137755592859609685e-02
2.654590041469448436e-02
2.177741140338955786e-02
8.439609703931660184e-03
5.274980914053067904e-02
2.277964915398326962e-02
1.790797869249964244e-02
1.273743296593535419e-02
4.259213700438588962e-02
5.739579964235793502e-02
2.251154250861358772e-02
1.723026533302598681e-02
1.753435224983827811e-02
3.060790715455386293e-02
2.405097777798474029e-02
4.479167424784206292e-02
4.400031994701649601e-02
3.644442680273855123e-02
5.481321873134809702e-02
2.988150781956288443e-02
1.721870115209264696e-02
3.278278472100908808e-02
3.287046832409745017e-02
5.162003314409421145e-02
4.949310120652185979e-02
4.155085113166364502e-02
3.526716972050242260e-02
3.199375022586746498e-02
5.448982752329003393e-02
5.042586760147575037e-02
1.754622557369828195e-02
4.183613333042671828e-02
2.882530020566424420e-02
6.257439323099280026e-03
5.785920638369208141e-02
1.044300784487324843e-02
3.450138040640612913e-02
2.478320801539431878e-02
3.568289935990825307e-02
4.353033048923174442e-02
3.093929950065406678e-02
1.731771113057338496e-02
1.614939436715251767e-02
6.054477699458342410e-02
1.353425388255982166e-02
4.040781753579680835e-02
4.060507544995734658e-02
1.621911788757268713e-02
6.543872096545369499e-02
3.064034837103532874e-02
3.879935663529713447e-02
5.607538304512192651e-02
1.869302634848690747e-02
2.761539514400105158e-02
9.311226549789197379e-03
1.600184568989911418e-02
7.071280982953678795e-02
6.076263836431710502e-02
1.066791148080081381e-01
6.291162061096045033e-02
5.291990578523489419e-02
1.015049124251092422e-01
5.848977645539974596e-02
7.292323127976935160e-02
7.341628022082104243e-02
5.105659022842067712e-02
9.633561380604328817e-02
5.440493623869925577e-02
1.258168262259710402e-01
3.887669640849621133e-02
5.244266673757942004e-02
2.472418436754337742e-02
6.726735288690405268e-02
7.240375805075019433e-02
1.111024763022537554e-01
2.004977928988568858e-02
1.617467468325261074e-02
7.892264156202365155e-02
9.674276461406126904e-02
1.381262461574236378e-01
7.298723584064954750e-02
4.775805799073543773e-02
2.356535074995535356e-02
9.543896981234745169e-02
1.212263194511929987e-01
7.172642390259438561e-02
5.222935911760996641e-02
8.107114208322158122e-02
5.447539628696421166e-02
2.673614291382708091e-02
5.908898530897524481e-02
5.990137249154231514e-02
7.536339212634811380e-02
7.290465947227299515e-02
7.946389795080209539e-02
8.402093382826780754e-02
1.356636591889495980e-01
1.843714019519957503e-01
7.718297997627353302e-02
7.407613073319599395e-02
1.470984805230756420e-01
1.201280055751287185e-01
1.771760594882142992e-01
1.448620278874552247e-01
9.970143722331546721e-02
1.022935077648483571e-01
2.118667360818661805e-01
2.098523777499164966e-01
1.639134515633047517e-01
2.180216117676155307e-01
2.050528707265904249e-01
2.044946268462702610e-01
2.081752553377905768e-01
2.484483235301862825e-01
2.325992658435067639e-01
2.118978457672782423e-01
1.691551075419453487e-01
2.120158646927591539e-01
2.329576384888621399e-01
2.488916381461757088e-01
2.085739370796644288e-01
2.050430662349652655e-01
2.058844399176019968e-01
2.193758908395758433e-01
1.646415502785670004e-01
2.109460746096856187e-01
2.127423569955737559e-01
1.027796589799240962e-01
1.003330501519385243e-01
1.461198097844293164e-01
1.781333177321914873e-01
1.205258205873692007e-01
1.481433891093032196e-01
7.438039455814815515e-02
7.848770871308563546e-02
1.874442027207377792e-01
1.375075814875791058e-01
8.493027456636841055e-02
8.040677148536158614e-02
7.358439658344997913e-02
7.692519412946705049e-02
6.112087895283119937e-02
6.052728462687819583e-02
2.705886453327828109e-02
5.570929838945434115e-02
8.267539592492059719e-02
5.287281350592892143e-02
7.321785841650947646e-02
1.234493644671176144e-01
9.859552957726559763e-02
2.428708086430486288e-02
4.901531356902796843e-02
7.418654787142557605e-02
1.406277467519100877e-01
9.891764499108104958e-02
8.139792787659858031e-02
1.610265979046778678e-02
2.000436909042844352e-02
1.139253061393366434e-01
7.464860418967000921e-02
6.883765424246214570e-02
2.503007847049809609e-02
5.532030560299042166e-02
3.894587899968954270e-02
1.318074543656936604e-01
5.598517171848915036e-02
1.006257611896336501e-01
5.260645829970943266e-02
7.544668764866975519e-02
7.499188795623866477e-02
6.068317528276166023e-02
1.052936008838944171e-01
5.493149218760301489e-02
6.495269081503216024e-02
1.112803549862666358e-01
6.197939639662194272e-02
7.368472219967135695e-02
1.659074686525848288e-02
9.345650819412913007e-03
2.799205617321388201e-02
1.899288160066235978e-02
6.048086866033784009e-02
4.116381923549679300e-02
3.253446749227225515e-02
6.783760185114440233e-02
1.611559396455458648e-02
4.326832247751086907e-02
4.117474237443240898e-02
1.421296600186261472e-02
6.321657492505476650e-02
1.620966901768431528e-02
1.764939423812150396e-02
3.222107506106016567e-02
4.353897097922779930e-02
3.843761254047063647e-02
2.520619333978068796e-02
3.474986354360039276e-02
1.061828957995382752e-02
5.994544187941164975e-02
5.791319182520694372e-03
2.987485076156552039e-02
4.184083199941955600e-02
1.935976698092698942e-02
5.208338881214649718e-02
6.050002114091920791e-02
3.370796750292540112e-02
3.904132770453205142e-02
4.344418231722062956e-02
5.405687405469144363e-02
5.304970101466988802e-02
3.380754888153211790e-02
3.650638588119585470e-02
1.805831468111571483e-02
3.195120449758012682e-02
5.871095945115474557e-02
3.716285463206593642e-02
4.391567632890884532e-02
4.968657144302920936e-02
2.626609771810961211e-02
3.327259377137721519e-02
1.743846992932845605e-02
1.789491174149752256e-02
2.314085387140373679e-02
6.032971408439118111e-02
4.427466482107153545e-02
1.368978850093255546e-02
1.696948523198281433e-02
2.382849509132581658e-02
5.247693982310046301e-02
8.884759282618908197e-03
2.141799155335869301e-02
2.708572280737108970e-02
1.151906309037049013e-02
1.704910797793536548e-02
6.541679891998626595e-02
2.658937651135376626e-02
2.692997802851760519e-02
4.931797282390790876e-02
5.236099616337445278e-02
2.297216685583977624e-02
2.817995047796907626e-02
2.642144275904197842e-02
2.878509092223197410e-02
2.058276238352547971e-02
1.958640846906936281e-02
2.898454650537623384e-02
1.483023431536081155e-02
1.354579554001591676e-02
3.273649007118506482e-02
1.754435523980688028e-02
1.538154312514475666e-02
2.281624686051069578e-02
2.378379112310144081e-02
2.945428195393912096e-02
2.151786439080149646e-02
2.730741024810162329e-02
2.118088918346123020e-02
3.387127525827649671e-02
2.079001593372248671e-02
1.950047108229615439e-02
1.165284095553425353e-02
5.229257384744143838e-02
4.041807635559249018e-02
3.651001067782244647e-02
4.441970526863341096e-02
1.370449535933626964e-02
1.259281827118725536e-02
3.508155315597368679e-02
2.402840442853045044e-02
1.946097909626956848e-02
2.876151338295293916e-02
2.192904805069496865e-02
5.417388404408090413e-02
1.461452475281522015e-02
4.803665587255572661e-02
1.622136184304037720e-02
2.861227631492480050e-02
2.115957637589449894e-02
5.030082620706905622e-02
5.228519569371030407e-02
2.016797619966916380e-02
1.651198623063791435e-02
1.737710479614128223e-02
1.468372834832682751e-02
2.448908263276851696e-02
2.270587847125664707e-02
3.798236217538392134e-02
2.547577183895009811e-02
1.882991847695627413e-02
3.194017340374728786e-02
2.972750693110732742e-02
2.804082115731099806e-02
6.856398741838678687e-03
1.204273440711073687e-02
3.756791568492478389e-02
3.955672295749443346e-02
2.095024098507925273e-02
1.701775730949023346e-02
2.563351444328453022e-02
5.234000856061266777e-02
2.327249682684664339e-02
2.489831309047755778e-02
3.230806251332578316e-02
2.361627267307664368e-02
1.784619519887303829e-02
2.503198576544914816e-02
4.547096845233485757e-02
2.466317145313738288e-02
2.903576809869081940e-02
3.664964283749948953e-02
2.224990456736585659e-02
1.482985431145768598e-02
2.564200494588230600e-02
4.794748852323869187e-02
4.306662235931814353e-02
3.401587714527931627e-02
1.655120512987894379e-02
3.401322516030391013e-02
4.296249355544082271e-02
4.769135048852962688e-02
2.550456642700196785e-02
1.475932297181420730e-02
2.188973262476638995e-02
3.609166175058029641e-02
2.945008759867297210e-02
2.605611772590630398e-02
4.633097594939742520e-02
2.489076560406091806e-02
1.760929748503517814e-02
2.450013434264992560e-02
3.310206246761507320e-02
2.556373657073654493e-02
2.347876827904342434e-02
5.177813431154931062e-02
2.615968684689264773e-02
1.724844637917167731e-02
2.040321715622769871e-02
3.891190677824919036e-02
3.937797633210681630e-02
1.226235196064779688e-02
6.847504999495867065e-03
2.852433176088999683e-02
2.787128292791364245e-02
3.155427441711983194e-02
1.934904448044333022e-02
2.551059760304368734e-02
3.844180958295081302e-02
2.304404693722805417e-02
2.403377235419095967e-02
1.525134774201959871e-02
1.674078682944273033e-02
1.658336277898959585e-02
1.977242941261790274e-02
5.031417309995669940e-02
4.895658165861472427e-02
2.125211262411847574e-02
2.881350364218769958e-02
1.706283525682005323e-02
4.899361321822919002e-02
1.428844006109360708e-02
5.439242420366538489e-02
2.267734195165244798e-02
2.870355389294744486e-02
1.927651665483587004e-02
2.098092081473779819e-02
3.349185605596503162e-02
1.266638613180136839e-02
1.492502840859041835e-02
4.437695669479721494e-02
3.684380586200328156e-02
3.870096949626330302e-02
5.394986764901369553e-02
1.158582557853686523e-02
1.999826370387907531e-02
1.956656115447848870e-02
3.416034942312141942e-02
2.148682405454126199e-02
2.977728077302446361e-02
1.965244246972863706e-02
3.025786699511002695e-02
2.352611006400733007e-02
2.256881119449742276e-02
1.471068220880742371e-02
1.698154842898077707e-02
3.084861595140779914e-02
1.408081976861591880e-02
1.512126254413927173e-02
2.770744193046863549e-02
1.846752873763412781e-02
1.930300791244788164e-02
2.789425228424798758e-02
2.712560891401910243e-02
2.778772376186900567e-02
2.210565331278759732e-02
5.114899009055752510e-02
4.946948791061731715e-02
2.683634627550020996e-02
2.415458892127008914e-02
6.227253408539426549e-02
1.615523796834092418e-02
1.138555547005572904e-02
2.673414192138640413e-02
2.164107566649173947e-02
8.526435714661096538e-03
5.264995552606836077e-02
2.300570556421031518e-02
1.756817976963405067e-02
1.297866568139894802e-02
4.307900001111367172e-02
5.827152683527149490e-02
2.266737596795815810e-02
1.741021681355711323e-02
1.749009931779082344e-02
3.131315409143389100e-02
2.453476408745900589e-02
4.606365933689139658e-02
4.396775650601067453e-02
3.661766863255346699e-02
5.586704253334254244e-02
3.039216820675046116e-02
1.738446279506590531e-02
3.380240469017021382e-02
3.305532095656902453e-02
5.197390573674424280e-02
5.086066592154762922e-02
4.204834312580364025e-02
3.627883043660499324e-02
3.246020659990512397e-02
5.628459495116878986e-02
5.091180296892289237e-02
1.806979749426521759e-02
4.183764868523944663e-02
2.906011625791425287e-02
6.086458155255452911e-03
5.838065921252919704e-02
1.048352190393129005e-02
3.447464888356037427e-02
2.486790738194022410e-02
3.634232687418294944e-02
4.352707801432896539e-02
3.128967888508221717e-02
1.735657823358119703e-02
1.610240717507491204e-02
6.119950612574108495e-02
1.368770734620216277e-02
4.061376586065183064e-02
4.123829799274828650e-02
1.614310018402538571e-02
6.604679742454615254e-02
3.117107993493071008e-02
3.938116825948904248e-02
5.717449098775178457e-02
1.872178312508744613e-02
2.768368383936156696e-02
9.290500170506997557e-03
1.612959301371391652e-02
7.142108741383779158e-02
6.108444084236203109e-02
1.077602923594759565e-01
6.341448959761276927e-02
5.338890061402121884e-02
1.024404140996864193e-01
5.902815608711527162e-02
7.340621684853679274e-02
7.393771740039650764e-02
5.141397037571122236e-02
9.739144177763169041e-02
5.480433445382985880e-02
1.273481930512800064e-01
3.886577104373643149e-02
5.316658691536672171e-02
2.476508839241161469e-02
6.765902952419232397e-02
7.294310743519574758e-02
1.118080314651273000e-01
2.001127858307015159e-02
1.613648425697464250e-02
7.952512985162062120e-02
9.728589095286413468e-02
1.386987142879449186e-01
7.325227907412808215e-02
4.805343547038775504e-02
2.373770498256196071e-02
9.622388404458270816e-02
1.217435051938451224e-01
7.208129675920278701e-02
5.236419181399197542e-02
8.144915803456810599e-02
5.477283392029465986e-02
2.680478664625180613e-02
5.943405045416991911e-02
6.019965896032913877e-02
7.574078426729444202e-02
7.305574276068177442e-02
7.968446667877358836e-02
8.423373694459120042e-02
1.361092765699104257e-01
1.851305113427963445e-01
7.750195942089556367e-02
7.413976907550703932e-02
1.473492272855898844e-01
1.202130327633892520e-01
1.773991370726382411e-01
1.451690741143694396e-01
9.985227978430173679e-02
1.024089548636763075e-01
2.120765898966461283e-01
2.101196755445524644e-01
1.640909747853203093e-01
2.183574466947311443e-01
2.052581710251381863e-01
2.046296449267260287e-01
2.082734884668921704e-01
2.485584015974977024e-01
2.326885907786084562e-01
2.119272641646999522e-01
1.691551075483499200e-01
2.119862738654250955e-01
2.328677788425110584e-01
2.487800655694373808e-01
2.084728438442550180e-01
2.049038926646209735e-01
2.056740003868021416e-01
2.190346539297887973e-01
1.644551172619673762e-01
2.106666790284066337e-01
2.125146301112720293e-01
1.026521934705547506e-01
1.001682851861433327e-01
1.457982599620134267e-01
1.778783065828782040e-01
1.204124331880886412e-01
1.478722406892617747e-01
7.429237995882682910e-02
7.815473233551473164e-02
1.866678974799667046e-01
1.370322761114549370e-01
8.468925431399795811e-02
8.015679083926864623e-02
7.339671072946309105e-02
7.652261140277276386e-02
6.081008053467989311e-02
6.015422394889721053e-02
2.696685779962218477e-02
5.539087731550768057e-02
8.225335849186771187e-02
5.268785802501494558e-02
7.282885509910827504e-02
1.228586771896301583e-01
9.780400399118674426e-02
2.409937328463347336e-02
4.868406064742526740e-02
7.385555335860502502e-02
1.399555915536146167e-01
9.837550387739839308e-02
8.076589214788705562e-02
1.610222694418911998e-02
1.999096335268225888e-02
1.132227093696503151e-01
7.406950440367877919e-02
6.844643050846427323e-02
2.492180119751746803e-02
5.460757855127702093e-02
3.890418749324061481e-02
1.303473991647720875e-01
5.559655410542872767e-02
9.954330998189446500e-02
5.219448772091087041e-02
7.495519644936503301e-02
7.444838248393220725e-02
6.013014238189345190e-02
1.043436506562248622e-01
5.440224263084066786e-02
6.444071143314802907e-02
1.100776906158777019e-01
6.169373181805695022e-02
7.291752207865798141e-02
1.642763141791782344e-02
9.311593311163832501e-03
2.787735710748185866e-02
1.887921368511321848e-02
5.938574450555736406e-02
4.057014925771366964e-02
3.211431848118043858e-02
6.725300110285102606e-02
1.609964299949400227e-02
4.257999900114308595e-02
4.099796434381995647e-02
1.403133800593227287e-02
6.254701243291681256e-02
1.614362116095148861e-02
1.753171797545761967e-02
3.193051242495856257e-02
4.353295934607037676e-02
3.773215835485031755e-02
2.508636381628505385e-02
3.461855607515405830e-02
1.057302030155498479e-02
5.943531476925708462e-02
5.863025912384378126e-03
2.959651032998245404e-02
4.183994333507985719e-02
1.897059442370083171e-02
5.173472855062888343e-02
5.925667744593884206e-02
3.331924013641382465e-02
3.816877847047123878e-02
4.300205567618861635e-02
5.311705335499296993e-02
5.270136603174087331e-02
3.354377027384404519e-02
3.566447219133349333e-02
1.781948514194085439e-02
3.144142475500378425e-02
5.782338723461345753e-02
3.698593913682569900e-02
4.392823536057996470e-02
4.852741829272639446e-02
2.566767147758314618e-02
3.265411835454944123e-02
1.744786654698241013e-02
1.774523682870660785e-02
2.298939878826374711e-02
5.972663435562748646e-02
4.391863523573668465e-02
1.346173958789990445e-02
1.712312536714826611e-02
2.355222324544075166e-02
5.252099156283436543e-02
8.760292696087332992e-03
2.147310667012651206e-02
2.699300121350815471e-02
1.146772121160085506e-02
1.677279862467740898e-02
6.457244661971667243e-02
2.589025473078443440e-02
2.690630984736029976e-02
4.935018209602569372e-02
5.204594308764672744e-02
2.273091380331704325e-02
2.807297796329865161e-02
2.659453346025356102e-02
2.853524920021003816e-02
2.021725621946499421e-02
1.927772036619965559e-02
2.865255841986562996e-02
1.489965485886786227e-02
1.367618848999011677e-02
3.219619698564787913e-02
1.739198342484072832e-02
1.520051413045946966e-02
2.274836120313457680e-02
2.371419267184047761e-02
2.963396445851828112e-02
2.096525648477579745e-02
2.781684350703313158e-02
2.124929618689857733e-02
3.393962352014030792e-02
2.042009749370691379e-02
1.961478456757164562e-02
1.163705003649061036e-02
5.267667144004222618e-02
3.996904716744845154e-02
3.658535317575980356e-02
4.440336965316241113e-02
1.394966855421483388e-02
1.260950784838743045e-02
3.464901433301628697e-02
2.319779963554795960e-02
1.941196448829419705e-02
2.874735574075464040e-02
2.209713431813084203e-02
5.422310144167086926e-02
1.451764216190761306e-02
4.825190220512320244e-02
1.640640586045803706e-02
2.865688962789700311e-02
2.117345584664338809e-02
4.998792723597190318e-02
5.181503462956506267e-02
2.008115722453839361e-02
1.652278999339519897e-02
1.723726194206916945e-02
1.480109347378011711e-02
2.439005592611487652e-02
2.277403486856760875e-02
3.808004913641826333e-02
2.548215339639500060e-02
1.893806547706954058e-02
3.185451761641487634e-02
2.928355294308713358e-02
2.813795667939170131e-02
6.850599336056427228e-03
1.208787384662416559e-02
3.792523846799311649e-02
3.942016028965961150e-02
2.083492683274254867e-02
1.706484380875821980e-02
2.572904597173483396e-02
5.222341986412695064e-02
2.330947667453474315e-02
2.502916232174318481e-02
3.244912744521154940e-02
2.378583469023436495e-02
1.779739954186592560e-02
2.500296330400220840e-02
4.563126269788315287e-02
2.491546669464693789e-02
2.911156269839324309e-02
3.653715676575016585e-02
2.217737787003854627e-02
1.481565797240588268e-02
2.561440713173349787e-02
4.789621752332898913e-02
4.304578615075129594e-02
3.401534673475355153e-02
1.655120513392617509e-02
3.401375555360625774e-02
