6.724353605188047034e-01
6.648363730710906694e-01
6.639085025428902442e-01
6.258428319718893906e-01
6.058784133841275121e-01
5.688293303672103951e-01
5.884318149107738982e-01
6.322718236903708267e-01
6.225751897738087681e-01
5.144807718375956629e-01
5.892949829343718804e-01
6.258966762328775912e-01
5.651907013290000670e-01
3.647787464293592019e-01
4.792870197400460053e-01
4.877002961968555095e-01
5.624685848601472804e-01
5.068698860206212187e-01
5.734101662638246832e-01
4.343847244061239676e-01
5.019164517601598652e-01
3.688677275801379163e-01
5.926767678743418699e-01
4.348042343503751295e-01
4.907511215097963841e-01
3.464361850948607935e-01
3.433031392645666813e-01
4.949066108785209472e-01
2.015684923809977491e-01
3.584776911467493221e-01
3.570214773229273830e-01
2.336745445968249069e-01
1.815665125283113246e-01
1.696768188269041633e-01
1.647186032689960111e-01
1.779416134563984175e-01
1.510054802632796733e-01
1.603599987183003672e-01
1.349219905694544752e-01
1.908320318555330464e-01
2.519859843005349820e-01
1.221451673413228578e-01
2.484689149882956527e-01
1.686507962245492320e-01
2.602199277074987993e-01
1.029049875734953240e-01
1.311170032100735516e-01
1.239209690861220320e-01
1.293554102305432829e-01
1.545095808011403282e-01
1.822929398175110738e-01
1.183947851071361912e-01
1.343069142284147588e-01
1.064135991437145518e-01
1.498992036109804693e-01
1.459888010978467043e-01
1.429319839052139995e-01
1.032561072573547206e-01
1.043454436657585138e-01
8.386752715411284476e-02
8.507864026721601025e-02
2.244625122450395749e-01
3.237550488010423333e-01
1.539117997636495483e-01
6.822310900717033777e-02
1.261245158291698643e-01
9.708006245526720757e-02
1.650397231981491630e-01
9.506170021613546961e-02
1.420770219818208446e-01
1.247518078554270687e-01
1.667037559639277799e-01
6.235968160496969948e-02
1.538249183310441692e-01
5.374005752798207552e-02
1.229203248731075560e-01
8.302109303555309239e-02
8.381467069930395586e-02
1.312263898398427220e-01
2.653967030851137748e-02
4.479232956818404027e-02
5.219262963899282126e-02
7.577225993245488567e-02
8.394705127920104593e-02
7.575276271120352789e-02
6.709114214648292940e-02
4.866729732955753923e-02
6.064673612560021049e-02
1.050000501405706499e-01
6.599818107009834678e-02
7.343511144272803215e-02
4.869050369128943845e-02
5.953185230798556382e-02
2.436893114976534588e-02
3.032003482785536677e-02
7.659955725845832286e-02
8.241955438023731983e-02
1.121413308747945953e-01
3.908728263470757219e-02
3.540224430552216944e-02
9.916535734445290629e-02
5.022206733220259400e-02
5.197014702570865174e-02
7.394993880199222935e-02
4.922125109705380308e-02
2.592521880543962112e-02
6.312674412014707137e-02
4.217998685927919905e-02
2.359904239661000241e-02
4.851496121686340451e-02
8.166256615510077144e-02
5.218906619580924305e-02
3.683986607627941917e-02
3.256296800101272232e-02
4.740035487199498188e-02
6.554808834802502981e-02
2.843509200946491358e-02
1.091037869697048107e-01
5.081005819011853719e-02
6.528273457578522010e-02
1.806883374894252547e-02
3.607195529045402471e-02
2.418174471434834244e-02
1.856045895466281251e-02
3.809143067464633436e-02
2.416952615024647519e-02
3.351068032020393384e-02
2.455207209585815245e-02
4.604068644325481213e-02
3.188765452730870503e-02
2.129264424232996805e-02
1.613484244988213495e-02
5.148732110183983773e-02
3.921004727189712075e-02
2.157008903018839407e-02
1.307826370621367404e-02
4.911725909446670868e-02
2.199381389560742250e-02
3.824734178388278921e-02
2.291390958100075412e-02
4.992559380189482560e-02
1.400344818973600636e-02
2.266951211764997587e-02
6.405383244071367888e-02
4.179353606274216482e-02
4.158047159194054598e-02
3.623736667709452630e-02
1.668298996860899039e-02
3.023437928266492838e-02
2.160052362799494072e-02
1.462145845825309903e-02
4.090944203722771122e-02
1.976175860471791890e-02
1.625230843390072788e-02
2.191229578761146046e-02
3.284876524590300134e-02
1.509554841934626981e-02
3.449572076926582520e-02
1.797723771546781701e-02
2.638462500218588871e-02
6.130231980951712095e-03
3.731567773746156252e-02
1.840672652910159759e-02
4.094761044985630732e-02
2.554537740946025842e-02
1.705356217975957309e-02
4.737300487652365381e-03
2.185889273576787153e-02
2.426618600780545282e-02
2.038607824394291987e-02
1.693206540513638586e-02
3.539545804743988999e-02
2.092583680519038980e-02
1.361883832256112307e-02
2.901626432548702617e-02
4.095571318493326091e-02
2.136464531134391401e-02
3.094218022868588241e-02
2.220294083843551286e-02
3.589634165196828319e-02
2.629296757930905601e-02
3.478148278688508038e-02
2.708486012373953131e-02
3.613320258193121470e-02
2.015967347940501864e-02
3.483287829245738237e-02
2.855421318899386413e-02
2.571984150047571666e-02
3.305405303691896779e-02
2.166364882790521029e-02
2.010619730315103479e-02
2.131502075979747196e-02
9.329782577711408231e-03
2.881840548725424223e-02
1.188840903049889590e-02
1.444363268706841917e-02
2.423371519691919912e-02
3.947953113098037758e-02
2.479547312810569462e-02
2.050598562237119019e-02
2.192386021803855931e-02
1.087558606000148254e-02
1.673790667040357671e-02
2.586071132699077624e-02
2.350859062595100218e-02
1.826122735780072448e-02
4.209493947830934141e-02
2.974368996884388730e-02
2.446223286035332720e-02
8.771796316245798752e-03
1.033676819298011765e-02
1.309379820705975500e-02
3.467547619241528878e-02
2.492954757045470413e-02
1.188617138745673429e-02
6.927838578487416354e-03
1.673620056304031892e-02
9.656870580504073320e-03
1.559229470976769213e-02
1.244945459491957930e-02
1.455598429409110141e-02
1.483985660756437577e-02
7.457843063387968076e-03
7.817385055196504964e-03
2.069585627481812518e-02
6.046605246101781350e-03
1.530431781265341636e-02
2.605195743797465019e-02
6.313290980458652682e-03
1.050280718830170525e-02
1.398484537817942103e-02
2.435139129703339442e-02
6.407628946332935907e-03
9.450878056040468503e-03
1.714830523483590677e-02
1.107228769118939228e-02
1.493542092191712557e-02
6.217379846744819534e-03
1.144377352982914146e-02
3.702661430413916460e-02
1.393938099364750230e-02
1.012906952156164726e-02
1.820846863745920544e-02
1.356252038078154323e-02
2.540390111624555095e-02
2.460672352312994263e-02
4.940588170174136165e-03
1.205793022623132156e-02
9.530654945364713110e-03
1.279926878256443593e-02
1.286660311232303705e-02
1.931352762108630092e-02
1.784847975490128080e-02
1.464192040538225825e-02
1.583176795244338811e-02
1.265015378739897493e-02
1.152710496116595741e-02
1.174421779466090082e-02
1.599474606382600764e-02
1.042229571274452121e-02
7.175774447337509264e-03
6.287922758975659707e-03
2.104025862065482880e-02
1.981351768822583320e-02
1.408183008197759142e-02
1.284839486939855571e-02
4.640946888168652300e-03
9.546991802294979915e-03
1.547490634949082004e-02
1.419654662898566996e-02
8.421962917493927905e-03
8.608253267390899091e-03
1.315406114301094324e-02
9.611605639813419755e-03
1.509331633187686178e-02
1.174750916385343576e-02
1.239134488140725826e-02
1.418520855236705784e-02
1.637357522461704504e-02
1.492393774935545613e-02
1.233724543293515316e-02
1.249178108272176041e-02
1.266634678812111198e-02
1.039817003838837406e-02
1.399042129834177604e-02
1.920259999604500764e-02
1.312777984909456637e-02
1.549590022895441094e-02
9.382784882838203500e-03
5.880291165241042367e-03
2.488592177151031926e-02
2.224309727083884775e-02
1.802834888326992901e-02
5.000987124505412197e-03
2.262919677497537280e-02
1.271938970077125808e-02
6.244542901198783628e-03
1.380843454789632344e-02
1.259048559901029471e-02
6.586963300516767220e-03
6.244180307024459024e-03
1.971597337547429177e-02
8.715960686934403484e-03
9.525967237645725783e-03
1.648708710543370440e-02
9.946792792262515448e-03
1.086303731177196662e-02
8.780744124680403204e-03
2.051329388221466085e-02
1.494115803039614346e-02
1.443143539057418177e-02
5.529399188257738337e-03
1.044925321011999295e-02
2.693525415212918994e-02
7.844843044900844109e-03
2.335649094374839946e-02
1.715280095279448497e-02
9.801526071408078744e-03
7.567028304350418080e-03
1.291702337828101038e-02
1.933306982158827098e-02
1.908411230257362617e-02
1.417291856032573683e-02
1.203098295193282853e-02
5.288279109374315057e-03
1.055618148949651926e-02
2.618465776492271552e-02
2.778520612048442084e-02
1.411487661000769209e-02
6.067472993298434793e-03
7.325912726185368311e-03
1.008942473988498102e-02
1.145113813312232179e-02
1.033817627504125466e-02
8.994370908545996912e-03
8.277119721201172883e-03
9.098905426426464466e-03
7.032938259939720653e-03
8.028369023210676914e-03
1.252947217853217846e-02
1.909151293091704282e-02
1.876599496750349164e-02
1.118195075380308372e-02
1.872145161043271833e-02
1.272528612738675971e-02
7.587080417962624099e-03
9.126637550004349300e-03
8.853962288887030560e-03
1.622602679079242563e-02
1.642170090463255377e-02
1.377702277305373896e-02
3.459317198550804218e-03
1.395029509004139245e-02
6.488231802588711322e-03
5.903709538794188992e-03
9.605778081707077448e-03
1.790861363444639157e-02
2.015252111997365911e-02
1.078866785321489635e-02
8.983689612373410224e-03
1.344817104192553257e-02
8.758477187391786739e-03
1.261357502391626147e-02
1.367321742829102731e-02
2.647884373506910125e-02
1.156029079573152145e-02
1.248294869892352388e-02
5.613666502785769410e-03
1.054962847079126374e-02
1.213046619206118587e-02
1.586220586503034671e-02
1.140970507088612251e-02
8.838168446286024174e-03
9.050804859736969951e-03
5.138971565894642768e-03
1.333923409732565984e-02
9.720145143458685383e-03
1.259165320387124407e-02
2.237603545300263438e-02
8.669307809495183786e-03
1.178332646514673038e-02
1.435315011364456973e-02
1.060413017285284643e-02
1.169090086723228485e-02
1.560529303795377132e-02
1.707721369941641101e-02
1.856708097275584085e-02
2.496697521917089560e-02
1.130814603501409388e-02
7.450848795223096940e-03
1.812228348312019607e-02
1.289041361126045705e-02
8.558756978456734735e-03
1.141262231275158232e-02
9.927881599449057612e-03
1.908699401979125840e-02
2.158574182354512996e-02
6.764496467953143299e-03
1.681165298891847820e-02
3.843336948395449995e-03
1.680776839523895685e-02
6.760020342491359323e-03
2.142954823562875921e-02
1.884729128937203887e-02
9.804026708832166981e-03
1.110298510548880270e-02
8.504689248525362788e-03
1.268424680001598893e-02
1.816918606990229959e-02
7.345046058658675180e-03
1.076781214769099819e-02
2.354321942073249116e-02
1.773950411725705445e-02
1.754710011751867832e-02
1.528553247744635427e-02
1.141202217964206768e-02
1.020579677221834271e-02
1.497951609722172200e-02
1.392162647675211293e-02
7.887256475365197333e-03
2.367332044323015514e-02
1.237938353530129536e-02
9.911791417362572978e-03
1.499306163523312502e-02
5.629388023155335215e-03
8.694497270992975271e-03
8.595339698771360670e-03
1.273979489162599052e-02
1.706988680198827379e-02
1.312852319887576093e-02
9.270696681467923903e-03
5.179249253988285617e-03
1.197531557481045818e-02
1.186873735969207894e-02
2.563242131542596558e-02
1.423051057893904604e-02
1.340541312137260785e-02
9.324735417160646966e-03
1.318263000985611146e-02
9.919808785252710523e-03
9.961177993402717604e-03
1.917580362972042679e-02
2.062295545764555177e-02
9.674342536953093805e-03
6.233754808614975530e-03
6.771945363808468295e-03
1.375152179598428462e-02
3.442799500288365715e-03
1.450007127042104126e-02
1.332698108277286311e-02
1.562689886861509322e-02
9.001242378437026084e-03
9.909344467008916399e-03
7.051470165910796173e-03
1.277518152887342079e-02
1.941888726318860212e-02
1.168654850742623964e-02
2.300172654423184720e-02
2.158675069826606480e-02
1.183083674260506334e-02
8.036041125267774296e-03
7.887026190355830163e-03
8.116611280421485650e-03
1.001659012857579294e-02
9.510485720582009805e-03
9.727971518344735377e-03
1.026974933013623421e-02
1.083875948297887901e-02
8.806709060731689881e-03
6.809443504448620121e-03
1.354321132864297339e-02
2.450557819971294765e-02
2.400826670393168411e-02
1.067233424939816565e-02
5.383052923240408752e-03
1.261028732413321113e-02
1.448542362551704862e-02
1.840765829690768629e-02
2.052940130000842009e-02
1.502916595659518559e-02
8.866541571557412862e-03
9.946443078195872645e-03
1.598156843258309590e-02
2.485883975026275533e-02
7.091231635644775454e-03
2.727864101304562638e-02
1.162258040730496968e-02
5.674103580648138731e-03
1.433412949663167950e-02
1.354307250610854545e-02
1.617450258617511571e-02
7.747023588370447432e-03
1.105741944038655944e-02
9.593204385800970305e-03
9.732361010793827774e-03
9.470849960742336315e-03
9.208212335269225918e-03
1.639420773625013469e-02
6.360484585482536167e-03
6.666926395423469244e-03
1.670987375343244152e-02
1.254549722712780015e-02
8.059326549215374905e-03
9.768113549782860006e-03
2.254667023163239511e-02
4.675955470689736188e-03
1.854570350565792544e-02
1.888650912138270868e-02
2.756115926872783339e-02
5.770059467369532090e-03
1.017886408897713917e-02
1.342796552976887985e-02
9.557218852118437580e-03
2.000843306675266151e-02
1.302473367712877680e-02
1.085777005186505141e-02
1.344369459939397625e-02
9.632871178161327153e-03
1.602233342485018253e-02
9.446974799081152285e-03
1.174858193045495887e-02
1.543591715971531081e-02
1.194768377032574998e-02
1.122571595705198176e-02
1.104197325573094690e-02
8.118837621075326860e-03
1.434650299742371710e-02
7.185819928671965257e-03
9.530426001327607990e-03
1.042272013401262902e-02
1.395370740526433694e-02
8.350178822505579038e-03
3.969112259872092062e-03
1.287848206522583007e-02
1.401646657128829444e-02
1.500733498064331546e-02
1.493706274837255932e-02
7.209933166096126403e-03
7.656688788635700182e-03
8.754440025216926255e-03
1.349961348917768159e-02
1.071003991159861883e-02
8.962874147668860661e-03
9.365581781131199213e-03
1.374187813851308025e-02
1.379770692254081617e-02
1.344943677817131249e-02
1.794626788361413511e-02
1.084829281962033064e-02
9.870533984465411012e-03
7.014073596058716283e-03
1.103941690401507615e-02
4.441956469393850554e-03
2.479402243529058719e-02
1.937501130033538257e-02
1.339077739679929435e-02
1.165124090546978963e-02
1.063803589031710184e-02
1.138805075670477375e-02
3.032580688201497524e-02
9.839203228607137919e-03
4.639782661878392653e-03
1.329538478792375092e-02
7.913826480361494178e-03
1.048434991994100576e-02
9.618051169027513198e-03
5.688777964300237647e-03
1.695248704833931391e-02
1.327295020715091312e-02
1.088870570171249566e-02
4.219804851966890875e-03
2.637490457023540513e-02
1.138982457698583563e-02
5.885236398366433877e-03
1.912997731956074532e-02
8.953989346261048352e-03
6.030648163842877198e-03
1.221942979806573716e-02
8.837143088350775041e-03
1.047207177145637047e-02
1.608169422321317418e-02
6.368716483030979758e-03
1.080849591346694921e-02
5.665751607209508489e-03
1.096105580033210347e-02
2.129606850231546139e-02
2.869789982106847256e-02
1.125649593175626594e-02
8.615132666506817791e-03
8.767176131278310927e-03
1.546180727140063910e-02
1.202548888922521340e-02
2.239583712010076444e-02
1.709081759392154162e-02
1.774798690711541088e-02
2.010541943834126197e-02
1.009583984938140604e-02
7.109810355647052001e-03
2.200015997453150587e-02
1.822221340127063577e-02
1.468973180069289841e-02
2.740660936770903180e-02
1.933854415613951369e-02
8.608826351387948231e-03
6.705557783857617714e-03
1.639139236046886772e-02
8.084332127158895889e-03
1.643523407032871850e-02
1.332789726629845899e-02
1.065013345518746324e-02
3.191105106633253946e-02
2.182907555246676665e-02
1.999060223784787649e-02
2.474654742720091768e-02
1.269778693742412527e-02
1.329181642464587199e-02
2.077542127800546812e-02
1.934545979265255358e-02
2.206608265383042805e-02
1.720240737709717582e-02
1.565051715248673425e-02
2.522785594878220600e-02
1.602500971784399583e-02
2.725220938379866245e-02
2.521324373044945069e-02
8.773112786874606717e-03
2.091806666521489264e-02
2.975946787146073469e-02
1.553260568147746962e-02
1.441265010006054226e-02
1.934473226505659116e-02
1.632318496254069745e-02
3.128719661558954611e-03
1.432670654632372045e-02
1.290971432262009132e-02
3.157613618823276042e-02
1.546279058846826600e-02
2.376401320990674873e-02
5.258183378021124427e-03
1.934344265981309541e-02
1.358695327484794532e-02
1.398957037498688508e-02
1.239524359815739711e-02
2.252782687090882502e-02
2.176516438783214838e-02
6.772313620342692436e-03
1.546964975113064404e-02
2.037247930170440688e-02
8.658855565411177971e-03
1.314098346258420029e-02
2.040638903868300519e-02
8.074697183571672224e-03
1.287526838666715884e-02
2.836853080403847413e-02
2.579857739032975425e-02
4.107379304025669808e-02
1.317866916505320771e-02
6.767126941466725804e-03
3.149381679351796054e-02
2.020386211910771973e-02
1.125121104919725272e-02
1.496228847409941318e-02
2.030116920638855640e-02
8.109559086740216263e-03
1.532017418652942102e-02
1.986987463437391369e-02
2.208600064341681088e-02
9.962532211153342712e-03
9.346513166419389423e-03
1.693334812088268665e-02
3.641497929332077749e-02
2.238715014575915277e-02
1.939717152200412520e-02
2.125933551563735299e-02
2.772260430647866675e-02
1.380769703679921023e-02
4.616022348259270387e-03
2.506475877474701602e-02
8.000922838097623141e-03
3.535608676297481712e-02
2.903596656595783948e-02
5.333673232889649118e-02
1.215481746435067602e-02
4.804146547151949553e-02
3.198220405808744476e-02
2.955158837466591651e-02
2.114473990676147414e-02
2.645859549772610481e-02
5.075298841462944077e-02
2.924493923007638954e-02
1.751280904630470037e-02
3.382381645019527650e-02
3.833883176973400947e-02
1.719471078872465003e-02
3.671669670272062480e-02
2.201796409912609720e-02
2.260705085666467329e-02
2.623348426312373943e-02
4.817207921793206782e-02
1.266854923628240974e-02
2.720514222246009015e-02
6.292467515897119668e-02
2.670742744088746776e-02
3.222010473169288625e-02
7.369599342807126550e-03
1.943834676573881828e-02
2.608062253164890668e-02
1.237279365402242821e-02
2.369033746735193027e-02
4.783428388267992742e-02
4.492176833920920320e-02
3.003209397031366204e-02
2.832949115120264247e-02
2.589048798437576168e-02
3.692566452773889119e-02
5.575145860622428284e-02
3.136007736456307426e-02
2.601091332580807852e-02
1.002490136051572764e-02
8.087331723739384082e-03
4.539529889033736693e-02
3.962429546139831227e-02
5.489873481565854529e-02
4.000386552250392164e-02
2.546483174949732906e-02
7.785598149542767576e-02
3.004890325687664676e-02
5.343925430268001153e-02
5.577260766600903447e-02
5.863070093913112790e-02
3.340479146430340440e-02
4.738221602461852033e-02
4.440296552617162273e-02
4.793010159816885052e-02
3.593793061515646731e-02
3.335477847871615165e-02
1.022049332321057352e-01
8.535668266932787407e-02
3.715368485337769422e-02
2.558266586290793357e-02
4.054062325627914160e-02
4.260788135804144394e-02
8.069021654427542545e-02
4.533036256653698998e-02
7.463679310480986206e-02
1.336763636335075965e-02
2.956343578437341593e-02
5.354087892266722049e-02
7.295116320941003041e-02
8.610236442034061022e-02
3.147620650372070367e-02
7.857964345372482617e-02
3.860765233998386670e-02
3.571993476890059777e-02
7.718740781634958470e-02
6.146024918777902996e-02
7.863036573675236118e-02
4.799433550428981732e-02
1.261818313458748231e-01
8.339379188507776985e-02
6.185908961493195857e-02
5.583248897022247831e-02
4.097683099975017035e-02
5.613697321005230167e-02
6.528659269749045868e-02
4.563874464431590117e-02
9.562683003831051742e-02
7.944162458470700738e-02
1.056964111650344484e-01
7.609545469528679329e-02
6.310092976544101617e-02
1.289687473777872129e-01
1.150163621607878106e-01
1.217135575769440203e-01
1.574987089683255181e-01
1.486583847209042575e-01
1.697465392890795954e-01
1.050057338291758013e-01
1.617832020591774833e-01
1.621169004841609973e-01
1.742998856022978937e-01
1.877824077996148311e-01
1.940698797795663288e-01
1.484810378256597174e-01
1.664913826382017348e-01
1.138452289997794048e-01
2.022477085528246177e-01
2.150130012628137521e-01
1.896865406518482844e-01
1.710160991034840039e-01
1.980661451078617741e-01
2.010505289512666549e-01
2.130517813850568432e-01
2.071477291369844820e-01
2.048459917381037221e-01
2.093789967881045655e-01
2.069348658114026629e-01
2.111916304452206850e-01
2.081861516171830406e-01
1.721733525091852235e-01
2.082372897158294711e-01
2.112944982885205658e-01
2.070612517651509998e-01
2.096081141280935201e-01
2.050940439575832941e-01
2.075155928664281779e-01
2.134275252637687637e-01
2.015036063503744257e-01
1.985425383514949904e-01
1.714624492286573876e-01
1.902869006071647440e-01
2.157560208462822593e-01
2.030127582105923090e-01
1.144881129931916708e-01
1.672488270753036688e-01
1.490746069400343543e-01
1.947349070702694973e-01
1.883899337974836163e-01
1.750467084520136440e-01
1.627006310754590679e-01
1.628706038392003230e-01
1.055842075800077079e-01
1.709731717927487626e-01
1.497444675643362089e-01
1.584349087331767547e-01
1.224791933080197487e-01
1.157001099966124824e-01
1.297010622401137125e-01
6.334257984619758031e-02
7.678345332221582498e-02
1.065529522631160492e-01
7.988690958713778878e-02
9.618738643011182088e-02
4.586710951522998680e-02
6.603904069015245626e-02
5.669030952945468271e-02
4.155607936697965771e-02
5.628542501246242002e-02
6.262312623568686010e-02
8.468931913971555758e-02
1.275460105453476434e-01
4.851054802711802366e-02
7.951524296751827370e-02
6.237062969838096799e-02
7.799201568129419948e-02
3.596954070499843586e-02
3.938974921306264559e-02
8.002430254370730689e-02
3.200657742327162741e-02
8.749664820730962411e-02
7.436552002327283251e-02
5.427891005587556078e-02
3.028292159528635230e-02
1.352899042593163660e-02
7.578175400204256729e-02
4.619475278078323532e-02
8.151129871378044733e-02
4.343026362332138429e-02
4.134010234667194472e-02
2.588416438324291427e-02
3.791165015072017058e-02
8.692118535140243296e-02
1.049180255372771237e-01
3.400638750860717624e-02
3.654290602887974582e-02
4.918086490232810581e-02
4.588028016049087304e-02
4.866415862563983064e-02
3.447164490017002453e-02
5.995145640018063882e-02
5.741150768562176820e-02
5.441136181616543915e-02
3.043878088644549895e-02
7.930659042447736617e-02
2.590693453060305754e-02
4.094475612285545379e-02
5.620194564673772902e-02
4.087197348848108092e-02
4.609601737832275115e-02
8.051324249091733679e-03
1.000219735641735483e-02
2.666878188103463318e-02
3.196488839757771760e-02
5.718032915163311775e-02
3.807948003751152749e-02
2.621671859486702713e-02
2.854033590103631154e-02
3.084666691148443482e-02
4.562508826493765629e-02
4.863320450264983080e-02
2.385180865991352178e-02
1.252617553263532003e-02
2.751819982177091534e-02
1.947293810694654403e-02
7.692654567442331129e-03
3.327324952603162578e-02
2.754236304490709913e-02
6.592035155785082312e-02
2.799524699045811277e-02
1.262285005018518383e-02
5.031695701303965512e-02
2.702631284050224444e-02
2.366329825399315218e-02
2.293682172028347482e-02
3.773229617808391417e-02
1.725414886112038720e-02
3.940038846391592797e-02
3.418433253255002968e-02
1.808729251875569252e-02
3.034164455953631753e-02
5.264737007230049087e-02
2.746433142530056368e-02
2.201307449809122505e-02
2.992207113947163710e-02
3.303101341745167535e-02
4.975236107494501736e-02
1.237580075538217278e-02
5.563522142251124680e-02
3.019071231501841562e-02
3.684202218637309262e-02
8.295373425611601501e-03
2.606842232856812144e-02
4.633367996894965229e-03
1.399602757080861508e-02
2.834624458081023632e-02
2.136723195362684458e-02
2.046482422035251006e-02
2.242949888630709279e-02
3.750758733123222416e-02
1.778311050708767868e-02
9.496440797252009292e-03
1.029960690277702089e-02
2.344789021087691563e-02
2.107094210057308334e-02
1.626723374574783401e-02
8.057797134500119599e-03
2.163273851850586529e-02
1.533731918101342850e-02
1.180538761014748687e-02
2.058732656780085449e-02
3.294138559247034026e-02
7.106483000442503049e-03
1.376815057528684751e-02
4.310716133469092576e-02
2.778439475571812742e-02
2.959143166395952762e-02
1.368153601407635055e-02
8.104834508057892628e-03
2.159693398228791639e-02
1.354944991662351481e-02
8.824697117324637255e-03
2.144977505676860449e-02
1.611053753014006149e-02
7.050688386257370106e-03
2.176948465858206255e-02
2.299809289245421592e-02
1.260834442106853470e-02
1.485372813164034279e-02
1.370974682133024869e-02
1.985068843357502485e-02
5.361353906668494748e-03
2.484225784572555856e-02
1.610633843091284836e-02
3.270776644093128377e-02
1.359296446705273234e-02
1.444533720825070221e-02
2.895659591195007525e-03
1.711912718509616196e-02
1.966222224766698418e-02
1.493742538139415134e-02
1.554546592498649675e-02
3.038964666670430914e-02
2.092041599931819887e-02
9.679883490451067149e-03
2.604200357004937683e-02
3.025767413539772605e-02
1.688355504711734276e-02
2.573276970082333248e-02
1.668733327565516747e-02
1.843037887891675955e-02
2.294272129059531790e-02
2.133839565355605608e-02
2.172208699278546304e-02
1.384227910213438675e-02
1.338636570693366515e-02
2.702843359971130247e-02
2.094124841452001812e-02
2.234103807091066332e-02
3.228463095401575694e-02
1.113121869982984513e-02
1.455410579572274932e-02
1.690377433257734055e-02
8.255860498881986351e-03
1.825319294742717979e-02
6.717695660313405606e-03
9.028577571466252227e-03
2.014572972144736129e-02
2.935547973521836912e-02
1.567458769701924812e-02
1.858142731597174288e-02
2.195783816570988367e-02
7.804119880086700552e-03
1.019140990540033480e-02
2.084409559386789235e-02
1.917487421838705297e-02
1.735543364624506785e-02
2.484328571002926422e-02
1.313304886230626418e-02
1.679302000992970861e-02
8.719234970489160574e-03
8.947455870739055503e-03
1.157112366907559788e-02
3.016485705075867482e-02
2.213733242439739832e-02
1.086509524656195658e-02
5.704875551936851134e-03
1.217266835397716809e-02
6.844894250508135741e-03
1.587295384530426276e-02
1.090609999129779108e-02
9.841506924311512611e-03
1.286327824413351605e-02
6.354311107635965752e-03
8.484742619444202508e-03
1.954833927532138166e-02
5.916931147345001057e-03
1.191424754626316945e-02
2.623846991500228612e-02
4.442379640745100847e-03
1.070899577655461295e-02
1.354286140388206647e-02
1.850440493639373893e-02
5.759531544710010630e-03
9.544049186524369496e-03
1.180146471697700317e-02
8.524553989478347166e-03
1.380691052234474248e-02
5.016121011499644240e-03
1.020278910259063074e-02
3.270839946079830141e-02
1.213058644481291443e-02
1.040943164463356378e-02
1.338232600775723057e-02
1.346498904341161991e-02
2.092643794686908573e-02
2.465898641110193801e-02
4.547186933335774055e-03
1.141495066483764857e-02
7.141302378053577572e-03
1.076038974931280319e-02
1.148608342792335930e-02
1.842398908382347766e-02
1.477876941274521884e-02
1.408997523291557682e-02
1.439254546106543894e-02
1.029138119175022556e-02
9.793204252661112316e-03
1.088033982589000845e-02
1.449078657105334379e-02
9.211013278218905045e-03
7.415117157587972768e-03
6.772897770468522261e-03
1.650062639540101836e-02
1.636824503266023911e-02
1.401121926714362850e-02
1.280325462779038741e-02
4.074345701625774023e-03
8.772429155497791717e-03
1.439559131208216144e-02
1.120973273578706672e-02
8.927858138415002004e-03
7.690771562573851979e-03
1.375301494251084979e-02
8.536919255207752952e-03
1.224386033535878986e-02
1.140768738261385348e-02
1.210016690115589023e-02
1.472714097411006832e-02
1.296823679066682299e-02
1.075893219553459602e-02
1.365370513679380580e-02
1.031543472867357987e-02
1.305374132423124667e-02
1.059044459171421503e-02
1.330368218726192889e-02
1.959525078874049461e-02
1.039500795960691427e-02
1.380225471943892328e-02
9.750235541125515382e-03
5.826420478905313532e-03
2.614628692099243631e-02
2.020903817778932354e-02
1.825500533892953151e-02
4.794924254095147588e-03
2.253586463179264865e-02
1.027648368393263914e-02
6.852247679672776072e-03
1.316511498243020349e-02
1.408468174156150658e-02
6.607802442814544874e-03
6.296407900292253466e-03
1.756829607829787920e-02
8.943940636802486660e-03
9.500245161596936397e-03
1.201420210989440247e-02
9.731094189562661603e-03
1.095273334897143430e-02
8.038941162362719592e-03
1.784901307309647717e-02
1.414078644075498006e-02
1.438075668953356714e-02
5.586272887932673334e-03
1.096452402439402306e-02
2.708694202249897764e-02
7.307262376373435155e-03
2.401832793970678365e-02
1.652049468492534576e-02
9.846052006662659242e-03
8.110638935029609170e-03
1.367880068278406157e-02
1.982504065489321815e-02
1.878921100455573784e-02
1.430613815759727153e-02
1.227688468212300571e-02
5.325923320559887431e-03
1.055740722022452567e-02
2.515041310324179352e-02
2.614259784639941936e-02
1.385914845104970101e-02
6.320244754864564989e-03
7.665629510818525692e-03
1.036896263764593151e-02
1.095324737689250261e-02
1.008398809975499105e-02
9.194880129134257868e-03
8.836292772154349939e-03
8.688552398358345003e-03
7.341864174047940152e-03
8.025339193955623521e-03
1.224454131583421583e-02
1.976999058312041424e-02
2.001597554372923013e-02
1.135293834459856141e-02
1.899118108779082603e-02
1.273788591966335849e-02
7.287385051097445242e-03
9.414959238544498912e-03
8.910432763599649905e-03
1.597008670196342281e-02
1.486375347727233315e-02
1.402041057884091668e-02
3.428199372554647986e-03
1.384807810105470431e-02
6.586718307305674917e-03
6.021367204362411234e-03
9.562462395040162780e-03
1.878395784074369385e-02
1.977836148327201393e-02
1.047512049497890778e-02
9.238046313635447232e-03
1.334759171984068425e-02
8.961460382609070380e-03
1.281675722117664624e-02
1.384333733290832660e-02
2.617000427969498957e-02
1.163624841348214270e-02
1.228461100990923746e-02
5.455914132410607728e-03
1.008565870810857953e-02
1.244915654523765479e-02
1.615403122890278834e-02
1.180813633646639327e-02
8.750273611050279204e-03
8.923094534002857028e-03
5.306024608460233917e-03
1.377323269673933967e-02
9.785280809446295081e-03
1.251599287214274180e-02
2.273548422620673068e-02
8.393645035704369942e-03
1.233158572803923735e-02
1.451788405030198827e-02
1.046228438822337237e-02
1.158938564964647963e-02
1.549580743443924359e-02
1.720463150079572928e-02
1.828569891558634933e-02
2.447324734926660528e-02
1.112495228363665628e-02
7.415017437645855629e-03
1.812541121357534590e-02
1.282100247680086416e-02
8.539830125893713847e-03
1.130902918740546263e-02
9.886486369492150303e-03
1.900696017264354859e-02
2.153361199126149414e-02
6.763004245125706602e-03
1.681035805758879925e-02
3.843336948441993493e-03
1.680906319789451236e-02
6.761512206064866463e-03
2.148154746628345643e-02
1.892705934954381705e-02
9.845201542530537461e-03
1.120581730692848076e-02
8.521803536777136298e-03
1.275228321325160528e-02
1.814075474738923929e-02
7.379753813088539387e-03
1.094486631263125349e-02
2.399902899394459541e-02
1.800988022168114808e-02
1.736013006359651140e-02
1.538925922966871175e-02
1.149653016566624941e-02
1.032967500388189998e-02
1.472504379796313149e-02
1.302805887460801830e-02
8.133372178040682715e-03
2.316548797191145953e-02
1.244538279260778806e-02
9.849165960795724234e-03
1.431641924839605409e-02
5.469460728794167149e-03
8.804648672466924147e-03
8.669616431476541776e-03
1.225006717135850888e-02
1.655103120649729573e-02
1.278186828540548228e-02
9.660909727369501945e-03
5.311655376238889198e-03
1.211647904673517941e-02
1.173938413951839885e-02
2.588906715560815308e-02
1.402960545349398423e-02
1.307984342356785686e-02
9.149699370826472680e-03
1.325978460094135933e-02
9.549017222910198902e-03
1.020160857789122882e-02
1.945595339085849293e-02
1.968898817061537354e-02
9.586348188430184394e-03
6.131175984573227628e-03
6.681372090875888937e-03
1.378740106881394881e-02
3.423752501847450273e-03
1.426216588050090162e-02
1.393564146248474876e-02
1.577713720902667802e-02
8.959014755440624506e-03
9.674522241858456509e-03
7.134584739056778688e-03
1.275529880133796472e-02
1.922090479430814056e-02
1.152202204236329672e-02
2.142684853253131946e-02
2.060581783771277958e-02
1.201688617711140980e-02
8.029167110021048076e-03
7.625673870904905831e-03
8.370393416961807373e-03
9.417382719612239772e-03
9.364758692924720143e-03
9.886214706325197055e-03
1.057155341009716545e-02
1.061722651622580733e-02
8.154714313126625730e-03
6.568293503808271365e-03
1.367803026790624828e-02
2.515708655007081393e-02
2.447829082980434653e-02
1.060859865706278993e-02
5.357131459756671321e-03
1.246364054707347659e-02
1.440675181724008005e-02
1.857298287197925793e-02
2.021599133310763435e-02
1.438180509812516869e-02
8.531410158928436072e-03
9.896315226213514213e-03
1.618424876046278826e-02
2.449680660824456874e-02
7.144220030546673435e-03
2.719621210284352622e-02
1.133867097562242521e-02
5.634016151839947237e-03
1.435177694666124604e-02
1.375912740041273195e-02
1.675395621948853539e-02
7.823019914905469593e-03
1.101351352767588124e-02
9.638884326252173187e-03
1.049046031842969240e-02
9.483097645789948654e-03
9.097612204699302360e-03
1.677665437015545338e-02
6.333191813348026250e-03
6.638484069643379656e-03
1.545482230044008254e-02
1.279052861343645334e-02
7.462514204038718166e-03
9.861724170347084192e-03
2.253031710268992016e-02
4.714959752417270319e-03
1.842190293100415266e-02
1.935048474822030976e-02
2.697493382432088888e-02
5.792912789287840702e-03
9.999131851933386328e-03
1.348821422494537146e-02
9.783280577171649117e-03
1.984075110577660991e-02
1.310111880615542380e-02
1.074341202726264086e-02
1.328741253297978028e-02
9.817036297927463420e-03
1.488864040326317618e-02
9.826221234903191951e-03
1.210807184687548964e-02
1.512893349637671123e-02
1.199569564618863278e-02
1.128397993981656612e-02
1.141736967165672342e-02
8.240758028141413616e-03
1.410978073613432075e-02
7.355341104411878932e-03
9.276314616172572081e-03
1.062576190870338083e-02
1.408283453620091594e-02
8.490955498588753300e-03
3.985630437633109861e-03
1.283845264859063799e-02
1.400758916725318090e-02
1.542430797543651970e-02
1.540044620058935929e-02
7.040409884350572883e-03
7.560631272067754559e-03
8.888831398262714290e-03
1.385212666235542851e-02
1.073654011467708135e-02
9.233764384697919561e-03
9.651503956239508228e-03
1.394712614212966807e-02
1.389386188296885295e-02
1.387269115135298519e-02
1.810497561991324805e-02
1.105282665639473715e-02
1.015440313572599403e-02
6.996725056738660291e-03
1.116823899426282012e-02
4.467406209417154779e-03
2.473474395494325642e-02
1.983775649282427944e-02
1.341817316862572995e-02
1.218468623934429451e-02
1.055187594003913036e-02
1.162003278976871633e-02
3.113626704243948468e-02
9.937152854890624748e-03
4.749288921650021873e-03
1.345863068888220396e-02
8.077618984106157626e-03
1.085515147048450937e-02
9.590380424047270300e-03
5.692777735066267830e-03
1.739071705145496180e-02
1.336707096038577958e-02
1.082053783305147315e-02
4.263217857236847180e-03
2.632497776298877573e-02
1.150285278209817880e-02
5.892234819585154618e-03
1.925480492848279102e-02
8.784089884036653043e-03
6.123426881382640005e-03
1.240989812807348838e-02
9.113741526568231582e-03
1.059396952708146350e-02
1.600538569033911965e-02
6.489332840748352448e-03
1.121662401167150720e-02
5.651908568559640966e-03
1.089327129678313577e-02
2.153950000553399996e-02
2.913576341820090648e-02
1.133440157221717211e-02
8.705108406758345352e-03
8.745049664704464612e-03
1.581341386983326977e-02
1.226738204359107028e-02
2.303182966842156482e-02
1.716573165173819124e-02
1.818291949331422852e-02
2.027623808720930079e-02
1.005941513725871518e-02
7.306852127430355295e-03
2.198387825461190284e-02
1.830883431644204223e-02
1.491954245932894212e-02
2.793352126855871975e-02
1.955088649305022908e-02
8.691692974524775975e-03
6.664838938871857181e-03
1.690120234484777592e-02
8.123707829361420663e-03
1.652766038475211863e-02
1.367525768084422791e-02
1.072809020176095779e-02
3.203469038855599749e-02
2.194673788619506613e-02
2.021503368740296472e-02
2.543032970923751399e-02
1.285586241798140558e-02
1.336426013349166497e-02
2.102416732230330543e-02
1.987932935592363545e-02
2.231976268771503763e-02
1.748014548398465692e-02
1.593430231968041497e-02
2.532323724892851166e-02
1.625862849820281300e-02
2.814969644726982717e-02
2.545621081844238326e-02
9.034898747120047660e-03
2.091882434267881494e-02
2.990066872551019883e-02
1.551212601834784342e-02
1.453005812768673292e-02
1.939474813247809085e-02
1.653631468417956357e-02
3.043229077627065526e-03
1.433268021604481267e-02
1.305680028846786279e-02
3.186059453730673979e-02
1.565391654601830732e-02
2.401572755100681716e-02
5.283128056457603132e-03
1.944856677280678778e-02
1.358764007516281846e-02
1.417910997933980073e-02
1.243807237337673892e-02
2.260273760997234122e-02
2.176353815869027514e-02
6.824489363756915637e-03
1.564483944372277099e-02
2.061438955841226467e-02
8.678289117398577460e-03
1.322197463403626365e-02
2.072313953122629365e-02
8.051203587593295033e-03
1.305330155310653259e-02
2.867260555629103785e-02
2.633637621018376437e-02
4.158355577264460229e-02
1.331595689786023960e-02
6.843853673157855415e-03
3.184900872013414486e-02
2.030683689106910564e-02
1.136496596687991065e-02
1.504043132609098055e-02
2.061776865235864092e-02
8.071550237261707061e-03
1.558553996843257961e-02
2.016505377504010377e-02
2.240989835618695247e-02
1.003898529240423651e-02
9.360891554077757290e-03
1.713806430200838504e-02
3.670205888225414048e-02
2.238113989761991718e-02
1.966784734799537082e-02
2.127162797941527586e-02
2.786348282506864033e-02
1.384184139082695816e-02
4.605842898246031991e-03
2.532410333892578386e-02
8.064796500283383240e-03
3.571022023975696513e-02
2.931303089460635114e-02
5.387675037655115240e-02
1.218847783738551821e-02
4.849011090246786726e-02
3.224101332117317725e-02
2.965046176785003304e-02
2.135676167852033555e-02
2.669307912173747924e-02
5.122075047819509008e-02
2.951413064160804400e-02
1.766360008857788613e-02
3.389769198798685268e-02
3.858576678784632341e-02
1.718755041269819442e-02
3.697752077339837989e-02
2.222656674518540612e-02
2.286309892832550858e-02
2.641615120936217920e-02
4.869993890743753301e-02
1.263306382304562117e-02
2.740483565590247361e-02
6.369043195613156849e-02
2.688996400499089889e-02
3.246122769811289610e-02
7.444314630813883386e-03
1.943288409699937130e-02
2.644239354873621425e-02
1.239335672554975516e-02
2.369799483554105649e-02
4.802344424207991014e-02
4.505712103343056246e-02
3.022231951243290957e-02
2.835842378206123240e-02
2.594710647743936685e-02
3.720321149425524082e-02
5.610856842065468225e-02
3.148851641602006673e-02
2.616531674281610473e-02
1.000565128511449187e-02
8.068236508592353459e-03
4.553519697563608581e-02
3.992809764783877835e-02
5.522472635050703488e-02
4.021507300454363332e-02
2.556321625754239685e-02
7.818915835772115297e-02
3.013020531139060793e-02
5.364958298496610295e-02
5.617094278031868615e-02
5.893801004120586412e-02
3.366206570993204861e-02
4.768339283134585133e-02
4.477054088457301656e-02
4.822928432516689068e-02
3.607994900819833789e-02
3.350120768904896879e-02
1.028529935270212498e-01
8.571662107431442246e-02
3.733375426850627649e-02
2.564508918955970412e-02
4.072892973962921603e-02
4.280291498425685404e-02
8.087546987124147324e-02
4.553332893774639234e-02
7.490855009489900962e-02
1.340195667390698536e-02
2.973604559630393246e-02
5.371352090124633522e-02
7.329263741646135921e-02
8.644360225863227665e-02
3.160064866461306798e-02
7.894456232541793850e-02
3.879630408143446701e-02
3.577190565394892247e-02
7.737028744799756552e-02
6.167835940907275688e-02
7.883493422278416152e-02
4.811507811233253773e-02
1.265080230895604674e-01
8.371070259905862010e-02
6.204344881576648318e-02
5.593568742728685650e-02
4.111639124525293121e-02
5.626765763989630825e-02
6.546887905773726701e-02
4.568849571914709168e-02
9.575813337687322235e-02
7.954317399728866311e-02
1.058997664943173572e-01
7.625966479825604938e-02
6.315397070638383015e-02
1.291392912499939871e-01
1.151777921489529483e-01
1.218964382184818673e-01
1.577220552348982119e-01
1.489221654528748162e-01
1.700440163864853915e-01
1.051444348691475822e-01
1.620480514020950502e-01
1.622558120628311007e-01
1.744794628864974328e-01
1.879274960299333608e-01
1.942298931719447230e-01
1.486252090378905322e-01
1.666772287885732728e-01
1.140041722109950001e-01
2.024358014688149854e-01
2.151957924944050138e-01
1.898343480748974355e-01
1.711259129428513992e-01
1.981836106404132325e-01
2.011624951521846505e-01
2.131446877796571160e-01
2.072390273839501418e-01
2.049074746892393661e-01
2.094359457623296006e-01
2.069662489584520593e-01
2.112172566699740961e-01
2.081989137579344229e-01
1.721733525129769682e-01
2.082244828490348310e-01
2.112686908370936534e-01
2.070294427315514940e-01
2.095505062181809153e-01
2.050315042452244829e-01
2.074229650092091481e-01
2.133325694717858045e-01
2.013890477258351019e-01
1.984218263940860649e-01
1.713491114990244313e-01
1.901345617203734351e-01
2.155673512408863013e-01
2.028183843026956923e-01
1.143256521064748982e-01
1.670560254837388237e-01
1.489220793139841847e-01
1.945625397852256966e-01
1.882314124133623034e-01
1.748530411009729391e-01
1.625478520586777220e-01
1.625919573858067568e-01
1.054338341770704596e-01
1.706576094702927093e-01
1.494654628789206519e-01
1.581904920216993249e-01
1.222795455391609554e-01
1.155199912460155159e-01
1.295058563015861752e-01
6.327504856127183497e-02
7.660394038579594611e-02
1.063284514464089697e-01
7.976619639584395238e-02
9.603883625190898221e-02
4.580296420949236252e-02
6.584541763447633589e-02
5.654468125198940098e-02
4.140627997575619529e-02
5.616265300602812927e-02
6.242591449153154365e-02
8.435901669888859478e-02
1.271911220576741886e-01
4.837366963810958709e-02
7.927829960103288665e-02
6.213416193329897308e-02
7.777359026625581262e-02
3.589730145079052248e-02
3.918783458254900681e-02
7.966717762974140360e-02
3.186633740942977633e-02
8.714167250323891223e-02
7.400087334514909854e-02
5.408346882185884746e-02
3.009630082345586891e-02
1.348298886504390587e-02
7.548237126328034841e-02
4.596651605353162251e-02
8.128772890638973070e-02
4.321507639233412856e-02
4.112970814381688295e-02
2.579679918340740258e-02
3.771369707331517079e-02
8.650162440758230042e-02
1.042124095645156207e-01
3.382825819864699463e-02
3.638344848350173050e-02
4.885614648922258219e-02
4.551004361107403862e-02
4.832618079455361371e-02
3.419665586726710477e-02
5.960085862228647197e-02
5.699219696806022417e-02
5.413861375137905829e-02
3.032674904510592948e-02
7.891789804585978840e-02
2.578557978086126745e-02
4.068794802835824093e-02
5.587755204196633713e-02
4.055349746036582964e-02
4.588896594671743046e-02
8.051107839235091199e-03
9.995494217814090282e-03
2.649572859034044284e-02
3.179348049927795822e-02
5.682464986955632763e-02
3.778212903286336938e-02
2.611282055434594948e-02
2.846659321446604052e-02
3.063168913169390592e-02
4.541337508804348805e-02
4.842527771711530732e-02
2.378213861566494738e-02
1.247193061239578425e-02
2.716225303337639965e-02
1.945209231748157297e-02
7.606622948992497815e-03
3.299118166740769298e-02
2.731081064545927764e-02
6.519021850747507008e-02
2.780093932568668963e-02
1.261287549770092470e-02
4.977577566714731783e-02
